    1.700000     -1.066944
    1.710000     -1.343529
    1.720000     -1.612280
    1.730000     -1.870433
    1.740000     -2.111492
    1.750000     -2.331686
    1.760000     -2.530253
    1.770000     -2.709381
    1.780000     -2.873813
    1.790000     -3.030168
    1.800000     -3.186074
    1.810000     -3.349201
    1.820000     -3.526319
    1.830000     -3.722489
    1.840000     -3.940469
    1.850000     -4.180403
    1.860000     -4.439801
    1.870000     -4.713815
    1.880000     -4.995748
    1.890000     -5.277734
    1.900000     -5.551484
    1.910000     -5.809033
    1.920000     -6.043364
    1.930000     -6.248885
    1.940000     -6.421688
    1.950000     -6.559594
    1.960000     -6.662004
    1.970000     -6.729597
    1.980000     -6.763924
    1.990000     -6.766996
    2.000000     -6.740896
    2.010000     -6.687494
    2.020000     -6.608281
    2.030000     -6.504361
    2.040000     -6.376549
    2.050000     -6.225593
    2.060000     -6.052430
    2.070000     -5.858457
    2.080000     -5.645743
    2.090000     -5.417159
    2.100000     -5.176387
    2.110000     -4.927806
    2.120000     -4.676265
    2.130000     -4.426772
    2.140000     -4.184145
    2.150000     -3.952663
    2.160000     -3.735775
    2.170000     -3.535888
    2.180000     -3.354287
    2.190000     -3.191161
    2.200000     -3.045757
    2.210000     -2.916611
    2.220000     -2.801852
    2.230000     -2.699494
    2.240000     -2.607719
    2.250000     -2.525082
    2.260000     -2.450632
    2.270000     -2.383929
    2.280000     -2.324976
    2.290000     -2.274064
    2.300000     -2.231582
    2.310000     -2.197812
    2.320000     -2.172750
    2.330000     -2.155980
    2.340000     -2.146619
    2.350000     -2.143349
    2.360000     -2.144512
    2.370000     -2.148272
    2.380000     -2.152777
    2.390000     -2.156377
    2.400000     -2.157752
    2.410000     -2.155976
    2.420000     -2.150575
    2.430000     -2.141397
    2.440000     -2.128511
    2.450000     -2.112005
    2.460000     -2.091762
    2.470000     -2.067233
    2.480000     -2.037248
    2.490000     -1.999875
    2.500000     -1.952339
    2.510000     -1.891000
    2.520000     -1.811403
    2.530000     -1.708350
    2.540000     -1.576009
    2.550000     -1.408006
    2.560000     -1.197531
    2.570000     -0.937396
    2.580000     -0.620057
    2.590000     -0.237688
    2.600000      0.217809
    2.610000      0.754665
    2.620000      1.381059
    2.630000      2.104796
    2.640000      2.932873
    2.650000      3.870881
    2.660000      4.922306
    2.670000      6.087738
    2.680000      7.364064
    2.690000      8.743708
    2.700000     10.214020
    2.710000     11.756886
    2.720000     13.348644
    2.730000     14.960349
    2.740000     16.558442
    2.750000     18.105800
    2.760000     19.563127
    2.770000     20.890641
    2.780000     22.049918
    2.790000     23.005804
    2.800000     23.728232
    2.810000     24.193838
    2.820000     24.387223
    2.830000     24.301806
    2.840000     23.940167
    2.850000     23.313878
    2.860000     22.442836
    2.870000     21.354147
    2.880000     20.080653
    2.890000     18.659214
    2.900000     17.128871
    2.910000     15.529015
    2.920000     13.897686
    2.930000     12.270098
    2.940000     10.677470
    2.950000      9.146199
    2.960000      7.697402
    2.970000      6.346795
    2.980000      5.104886
    2.990000      3.977399
    3.000000      2.965895
    3.010000      2.068473
    3.020000      1.280528
    3.030000      0.595471
    3.040000      0.005383
    3.050000     -0.498423
    3.060000     -0.924955
    3.070000     -1.283200
    3.080000     -1.581885
    3.090000     -1.829307
    3.100000     -2.033240
    3.110000     -2.200888
    3.120000     -2.338826
    3.130000     -2.453019
    3.140000     -2.548789
    3.150000     -2.630826
    3.160000     -2.703207
    3.170000     -2.769434
    3.180000     -2.832490
    3.190000     -2.894920
    3.200000     -2.958914
    3.210000     -3.026428
    3.220000     -3.099273
    3.230000     -3.179218
    3.240000     -3.268044
    3.250000     -3.367580
    3.260000     -3.479646
    3.270000     -3.606003
    3.280000     -3.748232
    3.290000     -3.907553
    3.300000     -4.084694
    3.310000     -4.279680
    3.320000     -4.491697
    3.330000     -4.718997
    3.340000     -4.958849
    3.350000     -5.207581
    3.360000     -5.460680
    3.370000     -5.712972
    3.380000     -5.958855
    3.390000     -6.192564
    3.400000     -6.408454
    3.410000     -6.601269
    3.420000     -6.766378
    3.430000     -6.899960
    3.440000     -6.999126
    3.450000     -7.061980
    3.460000     -7.087620
    3.470000     -7.076081
    3.480000     -7.028261
    3.490000     -6.945811
    3.500000     -6.831034
    3.510000     -6.686788
    3.520000     -6.516413
    3.530000     -6.323656
    3.540000     -6.112626
    3.550000     -5.887729
    3.560000     -5.653587
    3.570000     -5.414983
    3.580000     -5.176650
    3.590000     -4.943181
    3.600000     -4.718742
    3.610000     -4.506891
    3.620000     -4.310339
    3.630000     -4.130748
    3.640000     -3.968603
    3.650000     -3.823139
    3.660000     -3.692387
    3.670000     -3.573322
    3.680000     -3.462106
    3.690000     -3.354412
    3.700000     -3.245797
    3.710000     -3.132069
    3.720000     -3.009624
    3.730000     -2.875697
    3.740000     -2.728415
    3.750000     -2.566686
    3.760000     -2.390146
    3.770000     -2.198885
    3.780000     -1.993065
    3.790000     -1.772513
    3.800000     -1.536314
    3.810000     -1.282516
    3.820000     -1.007981
    3.830000     -0.708438
    3.840000     -0.378788
    3.850000     -0.013616
    3.860000      0.392071
    3.870000      0.841992
    3.880000      1.337681
    3.890000      1.877633
    3.900000      2.456629
    3.910000      3.065323
    3.920000      3.690188
    3.930000      4.313865
    3.940000      4.915919
    3.950000      5.473969
    3.960000      5.965106
    3.970000      6.367489
    3.980000      6.661956
    3.990000      6.833525
    4.000000      6.872600
    4.010000      6.775783
    4.020000      6.546195
    4.030000      6.193249
    4.040000      5.731938
    4.050000      5.181631
    4.060000      4.564579
    4.070000      3.904216
    4.080000      3.223431
    4.090000      2.543014
    4.100000      1.880351
    4.110000      1.248533
    4.120000      0.655896
    4.130000      0.106045
    4.140000     -0.401706
    4.150000     -0.871548
    4.160000     -1.310154
    4.170000     -1.725548
    4.180000     -2.126032
    4.190000     -2.519218
    4.200000     -2.911342
    4.210000     -3.306834
    4.220000     -3.708208
    4.230000     -4.116228
    4.240000     -4.530279
    4.250000     -4.948877
    4.260000     -5.370214
    4.270000     -5.792650
    4.280000     -6.215065
    4.290000     -6.637047
    4.300000     -7.058866
    4.310000     -7.481271
    4.320000     -7.905128
    4.330000     -8.330991
    4.340000     -8.758651
    4.350000     -9.186749
    4.360000     -9.612528
    4.370000    -10.031742
    4.380000    -10.438764
    4.390000    -10.826868
    4.400000    -11.188657
    4.410000    -11.516599
    4.420000    -11.803551
    4.430000    -12.043296
    4.440000    -12.230893
    4.450000    -12.362998
    4.460000    -12.437858
    4.470000    -12.455366
    4.480000    -12.416674
    4.490000    -12.323988
    4.500000    -12.180088
    4.510000    -11.987973
    4.520000    -11.750528
    4.530000    -11.470285
    4.540000    -11.149254
    4.550000    -10.788913
    4.560000    -10.390260
    4.570000     -9.953911
    4.580000     -9.480241
    4.590000     -8.969472
    4.600000     -8.421702
    4.610000     -7.836859
    4.620000     -7.214565
    4.630000     -6.553897
    4.640000     -5.853205
    4.650000     -5.109776
    4.660000     -4.319758
    4.670000     -3.478028
    4.680000     -2.578331
    4.690000     -1.613580
    4.700000     -0.576348
    4.710000      0.540447
    4.720000      1.742721
    4.730000      3.034345
    4.740000      4.416226
    4.750000      5.885528
    4.760000      7.435002
    4.770000      9.052577
    4.780000     10.721223
    4.790000     12.419133
    4.800000     14.120207
    4.810000     15.794835
    4.820000     17.410920
    4.830000     18.935081
    4.840000     20.333960
    4.850000     21.575579
    4.860000     22.630627
    4.870000     23.473651
    4.880000     24.084082
    4.890000     24.447029
    4.900000     24.553864
    4.910000     24.402507
    4.920000     23.997508
    4.930000     23.349825
    4.940000     22.476403
    4.950000     21.399515
    4.960000     20.145916
    4.970000     18.745854
    4.980000     17.231951
    4.990000     15.638025
    5.000000     13.997881
    5.010000     12.344135
    5.020000     10.707131
    5.030000      9.113982
    5.040000      7.587824
    5.050000      6.147277
    5.060000      4.806181
    5.070000      3.573585
    5.080000      2.453997
    5.090000      1.447865
    5.100000      0.552218
    5.110000     -0.238551
    5.120000     -0.931876
    5.130000     -1.536215
    5.140000     -2.060338
    5.150000     -2.512753
    5.160000     -2.901307
    5.170000     -3.232944
    5.180000     -3.513697
    5.190000     -3.748738
    5.200000     -3.942607
    5.210000     -4.099436
    5.220000     -4.223171
    5.230000     -4.317784
    5.240000     -4.387306
    5.250000     -4.435851
    5.260000     -4.467457
    5.270000     -4.485881
    5.280000     -4.494332
    5.290000     -4.495222
    5.300000     -4.489919
    5.310000     -4.478637
    5.320000     -4.460406
    5.330000     -4.433188
    5.340000     -4.394099
    5.350000     -4.339765
    5.360000     -4.266667
    5.370000     -4.171553
    5.380000     -4.051741
    5.390000     -3.905340
    5.400000     -3.731328
    5.410000     -3.529475
    5.420000     -3.300114
    5.430000     -3.043810
    5.440000     -2.760947
    5.450000     -2.451342
    5.460000     -2.113914
    5.470000     -1.746515
    5.480000     -1.345945
    5.490000     -0.908193
    5.500000     -0.428915
    5.510000      0.095905
    5.520000      0.669140
    5.530000      1.291664
    5.540000      1.961528
    5.550000      2.673285
    5.560000      3.417548
    5.570000      4.180866
    5.580000      4.945954
    5.590000      5.692290
    5.600000      6.397052
    5.610000      7.036323
    5.620000      7.586475
    5.630000      8.025615
    5.640000      8.334960
    5.650000      8.500043
    5.660000      8.511610
    5.670000      8.366166
    5.680000      8.066100
    5.690000      7.619403
    5.700000      7.039001
    5.710000      6.341784
    5.720000      5.547410
    5.730000      4.677010
    5.740000      3.751892
    5.750000      2.792354
    5.760000      1.816718
    5.770000      0.840602
    5.780000     -0.123495
    5.790000     -1.066297
    5.800000     -1.981589
    5.810000     -2.865812
    5.820000     -3.717501
    5.830000     -4.536631
    5.840000     -5.323950
    5.850000     -6.080353
    5.860000     -6.806381
    5.870000     -7.501839
    5.880000     -8.165588
    5.890000     -8.795491
    5.900000     -9.388487
    5.910000     -9.940781
    5.920000    -10.448101
    5.930000    -10.905978
    5.940000    -11.310021
    5.950000    -11.656154
    5.960000    -11.940782
    5.970000    -12.160892
    5.980000    -12.314075
    5.990000    -12.398482
    6.000000    -12.412728
    6.010000    -12.355764
    6.020000    -12.226732
    6.030000    -12.024839
    6.040000    -11.749235
    6.050000    -11.398958
    6.060000    -10.972894
    6.070000    -10.469814
    6.080000     -9.888435
    6.090000     -9.227556
    6.100000     -8.486200
    6.110000     -7.663820
    6.120000     -6.760513
    6.130000     -5.777249
    6.140000     -4.716121
    6.150000     -3.580580
    6.160000     -2.375664
    6.170000     -1.108205
    6.180000      0.213007
    6.190000      1.577103
    6.200000      2.971087
    6.210000      4.379861
    6.220000      5.786353
    6.230000      7.171736
    6.240000      8.515771
    6.250000      9.797239
    6.260000     10.994492
    6.270000     12.086070
    6.280000     13.051391
    6.290000     13.871461
    6.300000     14.529578
    6.310000     15.011993
    6.320000     15.308477
    6.330000     15.412769
    6.340000     15.322871
    6.350000     15.041160
    6.360000     14.574318
    6.370000     13.933070
    6.380000     13.131750
    6.390000     12.187715
    6.400000     11.120650
    6.410000      9.951798
    6.420000      8.703170
    6.430000      7.396775
    6.440000      6.053924
    6.450000      4.694635
    6.460000      3.337173
    6.470000      1.997740
    6.480000      0.690320
    6.490000     -0.573334
    6.500000     -1.783590
    6.510000     -2.932721
    6.520000     -4.014637
    6.530000     -5.024578
    6.540000     -5.958821
    6.550000     -6.814413
    6.560000     -7.588971
    6.570000     -8.280541
    6.580000     -8.887544
    6.590000     -9.408775
    6.600000     -9.843474
    6.610000    -10.191419
    6.620000    -10.453044
    6.630000    -10.629546
    6.640000    -10.722957
    6.650000    -10.736181
    6.660000    -10.672973
    6.670000    -10.537861
    6.680000    -10.336016
    6.690000    -10.073086
    6.700000     -9.754997
    6.710000     -9.387758
    6.720000     -8.977278
    6.730000     -8.529213
    6.740000     -8.048872
    6.750000     -7.541174
    6.760000     -7.010679
    6.770000     -6.461667
    6.780000     -5.898287
    6.790000     -5.324730
    6.800000     -4.745425
    6.810000     -4.165231
    6.820000     -3.589602
    6.830000     -3.024702
    6.840000     -2.477453
    6.850000     -1.955503
    6.860000     -1.467106
    6.870000     -1.020919
    6.880000     -0.625716
    6.890000     -0.290043
    6.900000     -0.021835
    6.910000      0.171986
    6.920000      0.285896
    6.930000      0.316103
    6.940000      0.260817
    6.950000      0.120416
    6.960000     -0.102498
    6.970000     -0.403160
    6.980000     -0.774824
    6.990000     -1.209053
    7.000000     -1.696096
    7.010000     -2.225315
    7.020000     -2.785649
    7.030000     -3.366061
    7.040000     -3.955943
    7.050000     -4.545445
    7.060000     -5.125709
    7.070000     -5.688986
    7.080000     -6.228650
    7.090000     -6.739088
    7.100000     -7.215516
    7.110000     -7.653718
    7.120000     -8.049758
    7.130000     -8.399686
    7.140000     -8.699272
    7.150000     -8.943795
    7.160000     -9.127903
    7.170000     -9.245556
    7.180000     -9.290056
    7.190000     -9.254150
    7.200000     -9.130192
    7.210000     -8.910363
    7.220000     -8.586901
    7.230000     -8.152354
    7.240000     -7.599822
    7.250000     -6.923197
    7.260000     -6.117384
    7.270000     -5.178524
    7.280000     -4.104222
    7.290000     -2.893788
    7.300000     -1.548496
    7.310000     -0.071875
    7.320000      1.529985
    7.330000      3.248118
    7.340000      5.070390
    7.350000      6.981251
    7.360000      8.961586
    7.370000     10.988683
    7.380000     13.036376
    7.390000     15.075371
    7.400000     17.073789
    7.410000     18.997914
    7.420000     20.813125
    7.430000     22.484991
    7.440000     23.980458
    7.450000     25.269074
    7.460000     26.324169
    7.470000     27.123933
    7.480000     27.652301
    7.490000     27.899611
    7.500000     27.862968
    7.510000     27.546326
    7.520000     26.960256
    7.530000     26.121442
    7.540000     25.051937
    7.550000     23.778229
    7.560000     22.330185
    7.570000     20.739928
    7.580000     19.040720
    7.590000     17.265892
    7.600000     15.447878
    7.610000     13.617381
    7.620000     11.802681
    7.630000     10.029110
    7.640000      8.318676
    7.650000      6.689838
    7.660000      5.157409
    7.670000      3.732581
    7.680000      2.423045
    7.690000      1.233205
    7.700000      0.164462
    7.710000     -0.784444
    7.720000     -1.617039
    7.730000     -2.338683
    7.740000     -2.956124
    7.750000     -3.477048
    7.760000     -3.909639
    7.770000     -4.262170
    7.780000     -4.542710
    7.790000     -4.758814
    7.800000     -4.917368
    7.810000     -5.024507
    7.820000     -5.085637
    7.830000     -5.105533
    7.840000     -5.088522
    7.850000     -5.038697
    7.860000     -4.960163
    7.870000     -4.857263
    7.880000     -4.734782
    7.890000     -4.598078
    7.900000     -4.453147
    7.910000     -4.306606
    7.920000     -4.165595
    7.930000     -4.037606
    7.940000     -3.930260
    7.950000     -3.851044
    7.960000     -3.807047
    7.970000     -3.804687
    7.980000     -3.849484
    7.990000     -3.945666
    8.000000     -4.096345
    8.010000     -4.303415
    8.020000     -4.567399
    8.030000     -4.887431
    8.040000     -5.261264
    8.050000     -5.685321
    8.060000     -6.154752
    8.070000     -6.663538
    8.080000     -7.204593
    8.090000     -7.769903
    8.100000     -8.350676
    8.110000     -8.937513
    8.120000     -9.520586
    8.130000    -10.089834
    8.140000    -10.635145
    8.150000    -11.146540
    8.160000    -11.614326
    8.170000    -12.029222
    8.180000    -12.382455
    8.190000    -12.665807
    8.200000    -12.871634
    8.210000    -12.992854
    8.220000    -13.022922
    8.230000    -12.955809
    8.240000    -12.786007
    8.250000    -12.508559
    8.260000    -12.119173
    8.270000    -11.614364
    8.280000    -10.991696
    8.290000    -10.250053
    8.300000     -9.389963
    8.310000     -8.413938
    8.320000     -7.326787
    8.330000     -6.135889
    8.340000     -4.851381
    8.350000     -3.486239
    8.360000     -2.056229
    8.370000     -0.579720
    8.380000      0.922638
    8.390000      2.428364
    8.400000      3.913698
    8.410000      5.354228
    8.420000      6.725555
    8.430000      8.003977
    8.440000      9.167137
    8.450000     10.194631
    8.460000     11.068544
    8.470000     11.773901
    8.480000     12.299029
    8.490000     12.635833
    8.500000     12.779978
    8.510000     12.730990
    8.520000     12.492265
    8.530000     12.071011
    8.540000     11.478089
    8.550000     10.727784
    8.560000      9.837476
    8.570000      8.827222
    8.580000      7.719259
    8.590000      6.537414
    8.600000      5.306464
    8.610000      4.051447
    8.620000      2.796970
    8.630000      1.566541
    8.640000      0.381962
    8.650000     -0.737176
    8.660000     -1.773873
    8.670000     -2.713953
    8.680000     -3.546141
    8.690000     -4.261997
    8.700000     -4.855723
    8.710000     -5.323874
    8.720000     -5.665021
    8.730000     -5.879401
    8.740000     -5.968610
    8.750000     -5.935365
    8.760000     -5.783366
    8.770000     -5.517270
    8.780000     -5.142217
    8.790000     -4.665438
    8.800000     -4.095373
    8.810000     -3.442162
    8.820000     -2.717843
    8.830000     -1.936463
    8.840000     -1.114087
    8.850000     -0.268658
    8.860000      0.580278
    8.870000      1.412000
    8.880000      2.205165
    8.890000      2.938460
    8.900000      3.591312
    8.910000      4.144618
    8.920000      4.581451
    8.930000      4.887688
    8.940000      5.052551
    8.950000      5.069003
    8.960000      4.934008
    8.970000      4.648626
    8.980000      4.217958
    8.990000      3.650943
    9.000000      2.960019
    9.010000      2.160672
    9.020000      1.270895
    9.030000      0.310574
    9.040000     -0.699160
    9.050000     -1.736602
    9.060000     -2.780122
    9.070000     -3.808782
    9.080000     -4.802886
    9.090000     -5.744443
    9.100000     -6.617526
    9.110000     -7.408506
    9.120000     -8.106181
    9.130000     -8.701767
    9.140000     -9.188798
    9.150000     -9.562941
    9.160000     -9.821750
    9.170000     -9.964411
    9.180000     -9.991491
    9.190000     -9.904739
    9.200000     -9.706954
    9.210000     -9.401935
    9.220000     -8.994516
    9.230000     -8.490681
    9.240000     -7.897714
    9.250000     -7.224375
    9.260000     -6.481037
    9.270000     -5.679766
    9.280000     -4.834292
    9.290000     -3.959848
    9.300000     -3.072879
    9.310000     -2.190605
    9.320000     -1.330479
    9.330000     -0.509571
    9.340000      0.256075
    9.350000      0.952059
    9.360000      1.566159
    9.370000      2.088744
    9.380000      2.513033
    9.390000      2.835184
    9.400000      3.054215
    9.410000      3.171795
    9.420000      3.191919
    9.430000      3.120524
    9.440000      2.965097
    9.450000      2.734307
    9.460000      2.437701
    9.470000      2.085471
    9.480000      1.688315
    9.490000      1.257345
    9.500000      0.804045
    9.510000      0.340225
    9.520000     -0.122060
    9.530000     -0.570649
    9.540000     -0.993497
    9.550000     -1.378983
    9.560000     -1.716282
    9.570000     -1.995774
    9.580000     -2.209453
    9.590000     -2.351277
    9.600000     -2.417423
    9.610000     -2.406418
    9.620000     -2.319105
    9.630000     -2.158474
    9.640000     -1.929356
    9.650000     -1.638040
    9.660000     -1.291858
    9.670000     -0.898800
    9.680000     -0.467217
    9.690000     -0.005648
    9.700000      0.477200
    9.710000      0.972343
    9.720000      1.470291
    9.730000      1.960791
    9.740000      2.432590
    9.750000      2.873317
    9.760000      3.269553
    9.770000      3.607151
    9.780000      3.871825
    9.790000      4.050582
    9.800000      4.130739
    9.810000      4.103401
    9.820000      3.963775
    9.830000      3.712143
    9.840000      3.354550
    9.850000      2.903073
    9.860000      2.375593
    9.870000      1.795038
    9.880000      1.188121
    9.890000      0.583652
    9.900000      0.010563
    9.910000     -0.504179
    9.920000     -0.937585
    9.930000     -1.272365
    9.940000     -1.498176
    9.950000     -1.612336
    9.960000     -1.619787
    9.970000     -1.532463
    9.980000     -1.367995
    9.990000     -1.147977
   10.000000     -0.895456
