    1.700000     -1.064798
    1.710000     -1.341541
    1.720000     -1.610396
    1.730000     -1.868434
    1.740000     -2.108990
    1.750000     -2.328115
    1.760000     -2.524870
    1.770000     -2.701272
    1.780000     -2.861919
    1.790000     -3.013309
    1.800000     -3.162983
    1.810000     -3.318558
    1.820000     -3.486793
    1.830000     -3.672779
    1.840000     -3.879346
    1.850000     -4.106754
    1.860000     -4.352678
    1.870000     -4.612478
    1.880000     -4.879713
    1.890000     -5.146817
    1.900000     -5.405843
    1.910000     -5.649191
    1.920000     -5.870236
    1.930000     -6.063776
    1.940000     -6.226282
    1.950000     -6.355920
    1.960000     -6.452389
    1.970000     -6.516594
    1.980000     -6.550237
    1.990000     -6.555383
    2.000000     -6.534076
    2.010000     -6.488051
    2.020000     -6.418577
    2.030000     -6.326457
    2.040000     -6.212147
    2.050000     -6.075993
    2.060000     -5.918509
    2.070000     -5.740666
    2.080000     -5.544129
    2.090000     -5.331395
    2.100000     -5.105819
    2.110000     -4.871504
    2.120000     -4.633081
    2.130000     -4.395398
    2.140000     -4.163163
    2.150000     -3.940595
    2.160000     -3.731122
    2.170000     -3.537170
    2.180000     -3.360071
    2.190000     -3.200085
    2.200000     -3.056550
    2.210000     -2.928114
    2.220000     -2.813027
    2.230000     -2.709440
    2.240000     -2.615677
    2.250000     -2.530439
    2.260000     -2.452926
    2.270000     -2.382842
    2.280000     -2.320326
    2.290000     -2.265795
    2.300000     -2.219749
    2.310000     -2.182562
    2.320000     -2.154296
    2.330000     -2.134579
    2.340000     -2.122546
    2.350000     -2.116859
    2.360000     -2.115821
    2.370000     -2.117514
    2.380000     -2.119995
    2.390000     -2.121473
    2.400000     -2.120465
    2.410000     -2.115882
    2.420000     -2.107044
    2.430000     -2.093625
    2.440000     -2.075508
    2.450000     -2.052606
    2.460000     -2.024632
    2.470000     -1.990894
    2.480000     -1.950070
    2.490000     -1.900084
    2.500000     -1.838066
    2.510000     -1.760228
    2.520000     -1.662057
    2.530000     -1.538274
    2.540000     -1.383048
    2.550000     -1.190127
    2.560000     -0.952962
    2.570000     -0.664848
    2.580000     -0.319010
    2.590000      0.091276
    2.600000      0.572595
    2.610000      1.131250
    2.620000      1.773084
    2.630000      2.503218
    2.640000      3.325703
    2.650000      4.243092
    2.660000      5.255935
    2.670000      6.362231
    2.680000      7.556889
    2.690000      8.831240
    2.700000     10.172670
    2.710000     11.564435
    2.720000     12.985697
    2.730000     14.411828
    2.740000     15.814994
    2.750000     17.165002
    2.760000     18.430390
    2.770000     19.579688
    2.780000     20.582787
    2.790000     21.412311
    2.800000     22.044921
    2.810000     22.462442
    2.820000     22.652733
    2.830000     22.610276
    2.840000     22.336393
    2.850000     21.839125
    2.860000     21.132776
    2.870000     20.237155
    2.880000     19.176586
    2.890000     17.978747
    2.900000     16.673429
    2.910000     15.291281
    2.920000     13.862628
    2.930000     12.416401
    2.940000     10.979245
    2.950000      9.574822
    2.960000      8.223327
    2.970000      6.941211
    2.980000      5.741095
    2.990000      4.631858
    3.000000      3.618863
    3.010000      2.704283
    3.020000      1.887515
    3.030000      1.165625
    3.040000      0.533815
    3.050000     -0.014117
    3.060000     -0.485334
    3.070000     -0.887557
    3.080000     -1.228723
    3.090000     -1.516678
    3.100000     -1.758947
    3.110000     -1.962556
    3.120000     -2.133913
    3.130000     -2.278759
    3.140000     -2.402150
    3.150000     -2.508523
    3.160000     -2.601741
    3.170000     -2.685182
    3.180000     -2.761908
    3.190000     -2.834672
    3.200000     -2.906110
    3.210000     -2.978730
    3.220000     -3.054973
    3.230000     -3.137221
    3.240000     -3.227757
    3.250000     -3.328715
    3.260000     -3.441988
    3.270000     -3.569140
    3.280000     -3.711301
    3.290000     -3.869076
    3.300000     -4.042475
    3.310000     -4.230844
    3.320000     -4.432853
    3.330000     -4.646492
    3.340000     -4.869116
    3.350000     -5.097507
    3.360000     -5.327969
    3.370000     -5.556443
    3.380000     -5.778632
    3.390000     -5.990144
    3.400000     -6.186628
    3.410000     -6.363918
    3.420000     -6.518164
    3.430000     -6.645955
    3.440000     -6.744430
    3.450000     -6.811369
    3.460000     -6.845274
    3.470000     -6.845416
    3.480000     -6.811870
    3.490000     -6.745524
    3.500000     -6.648051
    3.510000     -6.521867
    3.520000     -6.370053
    3.530000     -6.196253
    3.540000     -6.004544
    3.550000     -5.799289
    3.560000     -5.584970
    3.570000     -5.366018
    3.580000     -5.146634
    3.590000     -4.930620
    3.600000     -4.721228
    3.610000     -4.521034
    3.620000     -4.331845
    3.630000     -4.154647
    3.640000     -3.989601
    3.650000     -3.836081
    3.660000     -3.692752
    3.670000     -3.557716
    3.680000     -3.428623
    3.690000     -3.302873
    3.700000     -3.177755
    3.710000     -3.050598
    3.720000     -2.918894
    3.730000     -2.780344
    3.740000     -2.632836
    3.750000     -2.474467
    3.760000     -2.303507
    3.770000     -2.118316
    3.780000     -1.917234
    3.790000     -1.698476
    3.800000     -1.460052
    3.810000     -1.199728
    3.820000     -0.915066
    3.830000     -0.603549
    3.840000     -0.262787
    3.850000      0.109170
    3.860000      0.513466
    3.870000      0.950022
    3.880000      1.417127
    3.890000      1.911077
    3.900000      2.425903
    3.910000      2.953256
    3.920000      3.482464
    3.930000      4.000795
    3.940000      4.493926
    3.950000      4.946604
    3.960000      5.343453
    3.970000      5.669879
    3.980000      5.912991
    3.990000      6.062463
    4.000000      6.111267
    4.010000      6.056188
    4.020000      5.898086
    4.030000      5.641872
    4.040000      5.296184
    4.050000      4.872793
    4.060000      4.385803
    4.070000      3.850689
    4.080000      3.283278
    4.090000      2.698761
    4.100000      2.110813
    4.110000      1.530885
    4.120000      0.967741
    4.130000      0.427242
    4.140000     -0.087610
    4.150000     -0.576388
    4.160000     -1.040810
    4.170000     -1.484141
    4.180000     -1.910605
    4.190000     -2.324770
    4.200000     -2.731033
    4.210000     -3.133226
    4.220000     -3.534377
    4.230000     -3.936608
    4.240000     -4.341172
    4.250000     -4.748603
    4.260000     -5.158901
    4.270000     -5.571765
    4.280000     -5.986763
    4.290000     -6.403471
    4.300000     -6.821504
    4.310000     -7.240479
    4.320000     -7.659889
    4.330000     -8.078942
    4.340000     -8.496342
    4.350000     -8.910149
    4.360000     -9.317617
    4.370000     -9.715165
    4.380000    -10.098412
    4.390000    -10.462307
    4.400000    -10.801351
    4.410000    -11.109884
    4.420000    -11.382389
    4.430000    -11.613810
    4.440000    -11.799812
    4.450000    -11.936993
    4.460000    -12.022998
    4.470000    -12.056557
    4.480000    -12.037410
    4.490000    -11.966170
    4.500000    -11.844136
    4.510000    -11.673066
    4.520000    -11.454961
    4.530000    -11.191870
    4.540000    -10.885725
    4.550000    -10.538225
    4.560000    -10.150751
    4.570000     -9.724383
    4.580000     -9.259833
    4.590000     -8.757465
    4.600000     -8.217279
    4.610000     -7.638843
    4.620000     -7.021269
    4.630000     -6.363135
    4.640000     -5.662422
    4.650000     -4.916461
    4.660000     -4.121932
    4.670000     -3.274947
    4.680000     -2.371199
    4.690000     -1.406235
    4.700000     -0.375830
    4.710000      0.723558
    4.720000      1.894264
    4.730000      3.136842
    4.740000      4.449526
    4.750000      5.827741
    4.760000      7.263714
    4.770000      8.746239
    4.780000     10.260621
    4.790000     11.788812
    4.800000     13.309760
    4.810000     14.799935
    4.820000     16.234034
    4.830000     17.585827
    4.840000     18.829048
    4.850000     19.938398
    4.860000     20.890454
    4.870000     21.664579
    4.880000     22.243706
    4.890000     22.614988
    4.900000     22.770293
    4.910000     22.706511
    4.920000     22.425667
    4.930000     21.934855
    4.940000     21.245978
    4.950000     20.375312
    4.960000     19.342933
    4.970000     18.171989
    4.980000     16.887900
    4.990000     15.517470
    5.000000     14.087992
    5.010000     12.626342
    5.020000     11.158151
    5.030000      9.707037
    5.040000      8.293995
    5.050000      6.936908
    5.060000      5.650256
    5.070000      4.444983
    5.080000      3.328556
    5.090000      2.305174
    5.100000      1.376113
    5.110000      0.540169
    5.120000     -0.205837
    5.130000     -0.866546
    5.140000     -1.447556
    5.150000     -1.954993
    5.160000     -2.395147
    5.170000     -2.774207
    5.180000     -3.098089
    5.190000     -3.372354
    5.200000     -3.602181
    5.210000     -3.792403
    5.220000     -3.947540
    5.230000     -4.071851
    5.240000     -4.169321
    5.250000     -4.243676
    5.260000     -4.298302
    5.270000     -4.336169
    5.280000     -4.359738
    5.290000     -4.370851
    5.300000     -4.370655
    5.310000     -4.359571
    5.320000     -4.337303
    5.330000     -4.302920
    5.340000     -4.254963
    5.350000     -4.191620
    5.360000     -4.110897
    5.370000     -4.010795
    5.380000     -3.889461
    5.390000     -3.745290
    5.400000     -3.576962
    5.410000     -3.383422
    5.420000     -3.163792
    5.430000     -2.917252
    5.440000     -2.642898
    5.450000     -2.339620
    5.460000     -2.006030
    5.470000     -1.640459
    5.480000     -1.241058
    5.490000     -0.806007
    5.500000     -0.333817
    5.510000      0.176276
    5.520000      0.723878
    5.530000      1.306993
    5.540000      1.921628
    5.550000      2.561493
    5.560000      3.217840
    5.570000      3.879483
    5.580000      4.533007
    5.590000      5.163177
    5.600000      5.753525
    5.610000      6.287074
    5.620000      6.747168
    5.630000      7.118318
    5.640000      7.387025
    5.650000      7.542502
    5.660000      7.577242
    5.670000      7.487392
    5.680000      7.272905
    5.690000      6.937460
    5.700000      6.488172
    5.710000      5.935101
    5.720000      5.290633
    5.730000      4.568754
    5.740000      3.784302
    5.750000      2.952230
    5.760000      2.086959
    5.770000      1.201821
    5.780000      0.308663
    5.790000     -0.582403
    5.800000     -1.463086
    5.810000     -2.326868
    5.820000     -3.168826
    5.830000     -3.985375
    5.840000     -4.773949
    5.850000     -5.532665
    5.860000     -6.260002
    5.870000     -6.954513
    5.880000     -7.614606
    5.890000     -8.238382
    5.900000     -8.823564
    5.910000     -9.367477
    5.920000     -9.867100
    5.930000    -10.319162
    5.940000    -10.720256
    5.950000    -11.066973
    5.960000    -11.356029
    5.970000    -11.584364
    5.980000    -11.749222
    5.990000    -11.848193
    6.000000    -11.879221
    6.010000    -11.840586
    6.020000    -11.730855
    6.030000    -11.548833
    6.040000    -11.293500
    6.050000    -10.963971
    6.060000    -10.559461
    6.070000    -10.079303
    6.080000     -9.522969
    6.090000     -8.890163
    6.100000     -8.180916
    6.110000     -7.395747
    6.120000     -6.535819
    6.130000     -5.603133
    6.140000     -4.600715
    6.150000     -3.532797
    6.160000     -2.404984
    6.170000     -1.224389
    6.180000      0.000283
    6.190000      1.258687
    6.200000      2.538863
    6.210000      3.827311
    6.220000      5.109147
    6.230000      6.368315
    6.240000      7.587876
    6.250000      8.750348
    6.260000      9.838110
    6.270000     10.833839
    6.280000     11.720987
    6.290000     12.484257
    6.300000     13.110087
    6.310000     13.587091
    6.320000     13.906460
    6.330000     14.062285
    6.340000     14.051792
    6.350000     13.875467
    6.360000     13.537070
    6.370000     13.043515
    6.380000     12.404643
    6.390000     11.632877
    6.400000     10.742786
    6.410000      9.750589
    6.420000      8.673604
    6.430000      7.529699
    6.440000      6.336759
    6.450000      5.112203
    6.460000      3.872570
    6.470000      2.633202
    6.480000      1.408015
    6.490000      0.209380
    6.500000     -0.951910
    6.510000     -2.066592
    6.520000     -3.126828
    6.530000     -4.126058
    6.540000     -5.058837
    6.550000     -5.920686
    6.560000     -6.707952
    6.570000     -7.417707
    6.580000     -8.047685
    6.590000     -8.596252
    6.600000     -9.062407
    6.610000     -9.445811
    6.620000     -9.746810
    6.630000     -9.966469
    6.640000    -10.106580
    6.650000    -10.169647
    6.660000    -10.158851
    6.670000    -10.077975
    6.680000     -9.931314
    6.690000     -9.723562
    6.700000     -9.459696
    6.710000     -9.144859
    6.720000     -8.784262
    6.730000     -8.383107
    6.740000     -7.946534
    6.750000     -7.479607
    6.760000     -6.987323
    6.770000     -6.474656
    6.780000     -5.946611
    6.790000     -5.408297
    6.800000     -4.865000
    6.810000     -4.322243
    6.820000     -3.785832
    6.830000     -3.261878
    6.840000     -2.756780
    6.850000     -2.277180
    6.860000     -1.829876
    6.870000     -1.421698
    6.880000     -1.059350
    6.890000     -0.749225
    6.900000     -0.497201
    6.910000     -0.308418
    6.920000     -0.187067
    6.930000     -0.136187
    6.940000     -0.157483
    6.950000     -0.251200
    6.960000     -0.416033
    6.970000     -0.649109
    6.980000     -0.946036
    6.990000     -1.301017
    7.000000     -1.707035
    7.010000     -2.156094
    7.020000     -2.639496
    7.030000     -3.148148
    7.040000     -3.672865
    7.050000     -4.204656
    7.060000     -4.734966
    7.070000     -5.255846
    7.080000     -5.760070
    7.090000     -6.241148
    7.100000     -6.693277
    7.110000     -7.111216
    7.120000     -7.490115
    7.130000     -7.825301
    7.140000     -8.112078
    7.150000     -8.345523
    7.160000     -8.520343
    7.170000     -8.630783
    7.180000     -8.670604
    7.190000     -8.633135
    7.200000     -8.511400
    7.210000     -8.298304
    7.220000     -7.986859
    7.230000     -7.570446
    7.240000     -7.043082
    7.250000     -6.399689
    7.260000     -5.636335
    7.270000     -4.750465
    7.280000     -3.741106
    7.290000     -2.609037
    7.300000     -1.356964
    7.310000      0.010336
    7.320000      1.485870
    7.330000      3.060295
    7.340000      4.721803
    7.350000      6.456033
    7.360000      8.246032
    7.370000     10.072288
    7.380000     11.912850
    7.390000     13.743572
    7.400000     15.538481
    7.410000     17.270282
    7.420000     18.911001
    7.430000     20.432740
    7.440000     21.808522
    7.450000     23.013176
    7.460000     24.024227
    7.470000     24.822727
    7.480000     25.393974
    7.490000     25.728080
    7.500000     25.820351
    7.510000     25.671440
    7.520000     25.287285
    7.530000     24.678827
    7.540000     23.861530
    7.550000     22.854747
    7.560000     21.680965
    7.570000     20.364981
    7.580000     18.933062
    7.590000     17.412122
    7.600000     15.828963
    7.610000     14.209602
    7.620000     12.578697
    7.630000     10.959089
    7.640000      9.371448
    7.650000      7.834021
    7.660000      6.362472
    7.670000      4.969794
    7.680000      3.666294
    7.690000      2.459629
    7.700000      1.354897
    7.710000      0.354777
    7.720000     -0.540287
    7.730000     -1.331859
    7.740000     -2.023238
    7.750000     -2.619157
    7.760000     -3.125452
    7.770000     -3.548712
    7.780000     -3.895985
    7.790000     -4.174435
    7.800000     -4.391093
    7.810000     -4.552655
    7.820000     -4.665356
    7.830000     -4.734913
    7.840000     -4.766556
    7.850000     -4.765117
    7.860000     -4.735168
    7.870000     -4.681195
    7.880000     -4.607772
    7.890000     -4.519716
    7.900000     -4.422201
    7.910000     -4.320818
    7.920000     -4.221567
    7.930000     -4.130777
    7.940000     -4.054966
    7.950000     -4.000653
    7.960000     -3.974130
    7.970000     -3.981226
    7.980000     -4.027073
    7.990000     -4.115716
    8.000000     -4.250260
    8.010000     -4.432751
    8.020000     -4.664010
    8.030000     -4.943608
    8.040000     -5.269875
    8.050000     -5.639962
    8.060000     -6.049920
    8.070000     -6.494806
    8.080000     -6.968794
    8.090000     -7.465307
    8.100000     -7.977123
    8.110000     -8.496502
    8.120000     -9.015290
    8.130000     -9.525027
    8.140000    -10.017044
    8.150000    -10.482557
    8.160000    -10.912762
    8.170000    -11.298921
    8.180000    -11.632457
    8.190000    -11.905038
    8.200000    -12.108668
    8.210000    -12.235779
    8.220000    -12.279330
    8.230000    -12.232898
    8.240000    -12.090802
    8.250000    -11.848207
    8.260000    -11.501271
    8.270000    -11.047277
    8.280000    -10.484802
    8.290000     -9.813871
    8.300000     -9.036126
    8.310000     -8.154979
    8.320000     -7.175752
    8.330000     -6.105775
    8.340000     -4.954448
    8.350000     -3.733241
    8.360000     -2.455629
    8.370000     -1.136954
    8.380000      0.205787
    8.390000      1.554229
    8.400000      2.888993
    8.410000      4.190092
    8.420000      5.437382
    8.430000      6.611041
    8.440000      7.692054
    8.450000      8.662691
    8.460000      9.506966
    8.470000     10.211049
    8.480000     10.763640
    8.490000     11.156266
    8.500000     11.383523
    8.510000     11.443232
    8.520000     11.336517
    8.530000     11.067799
    8.540000     10.644695
    8.550000     10.077843
    8.560000      9.380630
    8.570000      8.568851
    8.580000      7.660293
    8.590000      6.674266
    8.600000      5.631091
    8.610000      4.551575
    8.620000      3.456476
    8.630000      2.366006
    8.640000      1.299375
    8.650000      0.274396
    8.660000     -0.692820
    8.670000     -1.588087
    8.680000     -2.399278
    8.690000     -3.116366
    8.700000     -3.731405
    8.710000     -4.238442
    8.720000     -4.633408
    8.730000     -4.913990
    8.740000     -5.079511
    8.750000     -5.130835
    8.760000     -5.070309
    8.770000     -4.901742
    8.780000     -4.629880
    8.790000     -4.261814
    8.800000     -3.805985
    8.810000     -3.272451
    8.820000     -2.672862
    8.830000     -2.020397
    8.840000     -1.329629
    8.850000     -0.616320
    8.860000      0.102851
    8.870000      0.810629
    8.880000      1.489570
    8.890000      2.122478
    8.900000      2.692856
    8.910000      3.185356
    8.920000      3.586215
    8.930000      3.883659
    8.940000      4.068250
    8.950000      4.133174
    8.960000      4.074451
    8.970000      3.891074
    8.980000      3.585053
    8.990000      3.161373
    9.000000      2.627869
    9.010000      1.995007
    9.020000      1.275593
    9.030000      0.484399
    9.040000     -0.362265
    9.050000     -1.247027
    9.060000     -2.151958
    9.070000     -3.059079
    9.080000     -3.950853
    9.090000     -4.810635
    9.100000     -5.623063
    9.110000     -6.374361
    9.120000     -7.052568
    9.130000     -7.647658
    9.140000     -8.151578
    9.150000     -8.558208
    9.160000     -8.863262
    9.170000     -9.064149
    9.180000     -9.159829
    9.190000     -9.150679
    9.200000     -9.038382
    9.210000     -8.825870
    9.220000     -8.517299
    9.230000     -8.118079
    9.240000     -7.634909
    9.250000     -7.075833
    9.260000     -6.450255
    9.270000     -5.768929
    9.280000     -5.043855
    9.290000     -4.288114
    9.300000     -3.515608
    9.310000     -2.740714
    9.320000     -1.977887
    9.330000     -1.241216
    9.340000     -0.543977
    9.350000      0.101778
    9.360000      0.685584
    9.370000      1.198831
    9.380000      1.634937
    9.390000      1.989412
    9.400000      2.259829
    9.410000      2.445708
    9.420000      2.548349
    9.430000      2.570636
    9.440000      2.516840
    9.450000      2.392439
    9.460000      2.203981
    9.470000      1.958970
    9.480000      1.665799
    9.490000      1.333681
    9.500000      0.972580
    9.510000      0.593106
    9.520000      0.206359
    9.530000     -0.176298
    9.540000     -0.543526
    9.550000     -0.884365
    9.560000     -1.188621
    9.570000     -1.447255
    9.580000     -1.652746
    9.590000     -1.799376
    9.600000     -1.883419
    9.610000     -1.903199
    9.620000     -1.859028
    9.630000     -1.753014
    9.640000     -1.588781
    9.650000     -1.371134
    9.660000     -1.105716
    9.670000     -0.798707
    9.680000     -0.456602
    9.690000     -0.086105
    9.700000      0.305866
    9.710000      0.712065
    9.720000      1.124729
    9.730000      1.535376
    9.740000      1.934636
    9.750000      2.312191
    9.760000      2.656875
    9.770000      2.956968
    9.780000      3.200703
    9.790000      3.377429
    9.800000      3.476790
    9.810000      3.491566
    9.820000      3.417824
    9.830000      3.255632
    9.840000      3.009531
    9.850000      2.688675
    9.860000      2.306598
    9.870000      1.880580
    9.880000      1.430670
    9.890000      0.978321
    9.900000      0.545023
    9.910000      0.150624
    9.920000     -0.187996
    9.930000     -0.458204
    9.940000     -0.652461
    9.950000     -0.768739
    9.960000     -0.810453
    9.970000     -0.785909
    9.980000     -0.707346
    9.990000     -0.589638
   10.000000     -0.450247
