    1.700000     -1.423385
    1.710000     -1.512785
    1.720000     -1.641919
    1.730000     -1.809848
    1.740000     -2.013068
    1.750000     -2.245925
    1.760000     -2.501206
    1.770000     -2.770919
    1.780000     -3.047036
    1.790000     -3.322202
    1.800000     -3.590271
    1.810000     -3.846573
    1.820000     -4.088038
    1.830000     -4.312989
    1.840000     -4.520850
    1.850000     -4.711605
    1.860000     -4.885416
    1.870000     -5.042124
    1.880000     -5.181035
    1.890000     -5.300753
    1.900000     -5.399348
    1.910000     -5.474599
    1.920000     -5.524445
    1.930000     -5.547465
    1.940000     -5.543374
    1.950000     -5.513307
    1.960000     -5.460061
    1.970000     -5.388060
    1.980000     -5.303020
    1.990000     -5.211528
    2.000000     -5.120303
    2.010000     -5.035563
    2.020000     -4.962266
    2.030000     -4.903582
    2.040000     -4.860439
    2.050000     -4.831509
    2.060000     -4.813303
    2.070000     -4.800637
    2.080000     -4.787260
    2.090000     -4.766641
    2.100000     -4.732811
    2.110000     -4.681038
    2.120000     -4.608411
    2.130000     -4.514246
    2.140000     -4.399999
    2.150000     -4.269176
    2.160000     -4.126740
    2.170000     -3.978579
    2.180000     -3.830690
    2.190000     -3.688521
    2.200000     -3.556351
    2.210000     -3.436872
    2.220000     -3.330996
    2.230000     -3.237975
    2.240000     -3.155614
    2.250000     -3.080789
    2.260000     -3.010010
    2.270000     -2.939983
    2.280000     -2.868123
    2.290000     -2.792940
    2.300000     -2.714230
    2.310000     -2.633024
    2.320000     -2.551445
    2.330000     -2.472300
    2.340000     -2.398658
    2.350000     -2.333417
    2.360000     -2.278830
    2.370000     -2.236270
    2.380000     -2.206051
    2.390000     -2.187398
    2.400000     -2.178641
    2.410000     -2.177440
    2.420000     -2.181123
    2.430000     -2.186929
    2.440000     -2.192339
    2.450000     -2.195141
    2.460000     -2.193469
    2.470000     -2.185662
    2.480000     -2.170035
    2.490000     -2.144563
    2.500000     -2.106523
    2.510000     -2.052257
    2.520000     -1.976926
    2.530000     -1.874514
    2.540000     -1.737872
    2.550000     -1.559009
    2.560000     -1.329505
    2.570000     -1.040932
    2.580000     -0.685445
    2.590000     -0.256270
    2.600000      0.251913
    2.610000      0.842571
    2.620000      1.517187
    2.630000      2.275087
    2.640000      3.113595
    2.650000      4.028088
    2.660000      5.012112
    2.670000      6.057610
    2.680000      7.154946
    2.690000      8.293069
    2.700000      9.459350
    2.710000     10.639854
    2.720000     11.819010
    2.730000     12.979903
    2.740000     14.104437
    2.750000     15.173405
    2.760000     16.167260
    2.770000     17.066421
    2.780000     17.852231
    2.790000     18.507778
    2.800000     19.018756
    2.810000     19.373846
    2.820000     19.566127
    2.830000     19.592777
    2.840000     19.455562
    2.850000     19.160666
    2.860000     18.718115
    2.870000     18.141319
    2.880000     17.446172
    2.890000     16.650109
    2.900000     15.771144
    2.910000     14.827337
    2.920000     13.835754
    2.930000     12.812245
    2.940000     11.771169
    2.950000     10.725305
    2.960000      9.686021
    2.970000      8.663394
    2.980000      7.666501
    2.990000      6.703567
    3.000000      5.782087
    3.010000      4.908902
    3.020000      4.089937
    3.030000      3.330097
    3.040000      2.632914
    3.050000      2.000404
    3.060000      1.432792
    3.070000      0.928467
    3.080000      0.484111
    3.090000      0.094891
    3.100000     -0.245100
    3.110000     -0.542365
    3.120000     -0.803479
    3.130000     -1.034567
    3.140000     -1.240932
    3.150000     -1.426801
    3.160000     -1.595276
    3.170000     -1.748511
    3.180000     -1.888001
    3.190000     -2.015052
    3.200000     -2.131205
    3.210000     -2.238693
    3.220000     -2.340705
    3.230000     -2.441530
    3.240000     -2.546345
    3.250000     -2.660936
    3.260000     -2.791101
    3.270000     -2.942009
    3.280000     -3.117482
    3.290000     -3.319407
    3.300000     -3.547266
    3.310000     -3.798015
    3.320000     -4.066152
    3.330000     -4.344152
    3.340000     -4.623186
    3.350000     -4.894054
    3.360000     -5.147959
    3.370000     -5.377651
    3.380000     -5.578009
    3.390000     -5.746501
    3.400000     -5.883420
    3.410000     -5.991451
    3.420000     -6.075287
    3.430000     -6.140703
    3.440000     -6.193492
    3.450000     -6.238742
    3.460000     -6.279722
    3.470000     -6.317481
    3.480000     -6.350531
    3.490000     -6.375074
    3.500000     -6.385465
    3.510000     -6.375067
    3.520000     -6.337306
    3.530000     -6.266724
    3.540000     -6.159935
    3.550000     -6.016344
    3.560000     -5.838580
    3.570000     -5.632325
    3.580000     -5.405969
    3.590000     -5.169703
    3.600000     -4.934385
    3.610000     -4.710376
    3.620000     -4.506319
    3.630000     -4.328109
    3.640000     -4.178307
    3.650000     -4.055789
    3.660000     -3.956039
    3.670000     -3.871697
    3.680000     -3.793518
    3.690000     -3.711569
    3.700000     -3.616414
    3.710000     -3.500182
    3.720000     -3.357424
    3.730000     -3.185640
    3.740000     -2.985272
    3.750000     -2.759390
    3.760000     -2.512977
    3.770000     -2.251978
    3.780000     -1.982249
    3.790000     -1.708570
    3.800000     -1.433829
    3.810000     -1.158567
    3.820000     -0.880879
    3.830000     -0.596724
    3.840000     -0.300610
    3.850000      0.013452
    3.860000      0.350851
    3.870000      0.715329
    3.880000      1.107984
    3.890000      1.526706
    3.900000      1.965883
    3.910000      2.416558
    3.920000      2.867015
    3.930000      3.303646
    3.940000      3.712113
    3.950000      4.078531
    3.960000      4.390648
    3.970000      4.638796
    3.980000      4.816601
    3.990000      4.921251
    4.000000      4.953455
    4.010000      4.916999
    4.020000      4.818033
    4.030000      4.664231
    4.040000      4.463773
    4.050000      4.224587
    4.060000      3.953570
    4.070000      3.656121
    4.080000      3.335966
    4.090000      2.995325
    4.100000      2.635083
    4.110000      2.255418
    4.120000      1.856280
    4.130000      1.437926
    4.140000      1.001424
    4.150000      0.548802
    4.160000      0.083262
    4.170000     -0.391126
    4.180000     -0.869568
    4.190000     -1.347198
    4.200000     -1.819384
    4.210000     -2.282397
    4.220000     -2.733657
    4.230000     -3.172141
    4.240000     -3.598300
    4.250000     -4.014074
    4.260000     -4.422461
    4.270000     -4.827237
    4.280000     -5.232238
    4.290000     -5.641000
    4.300000     -6.056081
    4.310000     -6.478812
    4.320000     -6.908900
    4.330000     -7.344432
    4.340000     -7.781862
    4.350000     -8.216360
    4.360000     -8.641984
    4.370000     -9.052302
    4.380000     -9.440732
    4.390000     -9.801059
    4.400000    -10.127915
    4.410000    -10.416842
    4.420000    -10.664733
    4.430000    -10.869820
    4.440000    -11.031564
    4.450000    -11.150461
    4.460000    -11.228048
    4.470000    -11.266169
    4.480000    -11.267029
    4.490000    -11.232533
    4.500000    -11.164218
    4.510000    -11.062807
    4.520000    -10.928221
    4.530000    -10.759328
    4.540000    -10.554067
    4.550000    -10.309640
    4.560000    -10.022516
    4.570000     -9.688946
    4.580000     -9.305075
    4.590000     -8.867527
    4.600000     -8.373434
    4.610000     -7.820869
    4.620000     -7.209104
    4.630000     -6.538344
    4.640000     -5.810102
    4.650000     -5.026689
    4.660000     -4.191294
    4.670000     -3.307383
    4.680000     -2.378750
    4.690000     -1.408911
    4.700000     -0.401252
    4.710000      0.641413
    4.720000      1.716373
    4.730000      2.821260
    4.740000      3.953298
    4.750000      5.109300
    4.760000      6.284794
    4.770000      7.474065
    4.780000      8.669281
    4.790000      9.860747
    4.800000     11.036453
    4.810000     12.182622
    4.820000     13.283761
    4.830000     14.323581
    4.840000     15.285094
    4.850000     16.152309
    4.860000     16.910157
    4.870000     17.545703
    4.880000     18.048631
    4.890000     18.411529
    4.900000     18.630395
    4.910000     18.704289
    4.920000     18.635264
    4.930000     18.428197
    4.940000     18.090117
    4.950000     17.629886
    4.960000     17.057578
    4.970000     16.384369
    4.980000     15.621991
    4.990000     14.782710
    5.000000     13.878864
    5.010000     12.923378
    5.020000     11.929074
    5.030000     10.908948
    5.040000      9.875695
    5.050000      8.841975
    5.060000      7.819453
    5.070000      6.819057
    5.080000      5.850117
    5.090000      4.920500
    5.100000      4.035928
    5.110000      3.200333
    5.120000      2.415518
    5.130000      1.681784
    5.140000      0.998105
    5.150000      0.362621
    5.160000     -0.226627
    5.170000     -0.771450
    5.180000     -1.272879
    5.190000     -1.731129
    5.200000     -2.145472
    5.210000     -2.514518
    5.220000     -2.836548
    5.230000     -3.110182
    5.240000     -3.334790
    5.250000     -3.511127
    5.260000     -3.641676
    5.270000     -3.730845
    5.280000     -3.784753
    5.290000     -3.810824
    5.300000     -3.817177
    5.310000     -3.811704
    5.320000     -3.801135
    5.330000     -3.790190
    5.340000     -3.780852
    5.350000     -3.772014
    5.360000     -3.759435
    5.370000     -3.736088
    5.380000     -3.692944
    5.390000     -3.620002
    5.400000     -3.507502
    5.410000     -3.347135
    5.420000     -3.133094
    5.430000     -2.862944
    5.440000     -2.537889
    5.450000     -2.162822
    5.460000     -1.745657
    5.470000     -1.296580
    5.480000     -0.826702
    5.490000     -0.346991
    5.500000      0.133111
    5.510000      0.606424
    5.520000      1.068757
    5.530000      1.518786
    5.540000      1.957818
    5.550000      2.388792
    5.560000      2.815247
    5.570000      3.239923
    5.580000      3.663635
    5.590000      4.084131
    5.600000      4.495694
    5.610000      4.888842
    5.620000      5.251008
    5.630000      5.567395
    5.640000      5.822348
    5.650000      6.000964
    5.660000      6.090657
    5.670000      6.082519
    5.680000      5.972380
    5.690000      5.761147
    5.700000      5.454737
    5.710000      5.063252
    5.720000      4.599921
    5.730000      4.079342
    5.740000      3.516047
    5.750000      2.922832
    5.760000      2.309629
    5.770000      1.682689
    5.780000      1.044608
    5.790000      0.394560
    5.800000     -0.270509
    5.810000     -0.954806
    5.820000     -1.661938
    5.830000     -2.393744
    5.840000     -3.148881
    5.850000     -3.922402
    5.860000     -4.705321
    5.870000     -5.485403
    5.880000     -6.247742
    5.890000     -6.976571
    5.900000     -7.656527
    5.910000     -8.274227
    5.920000     -8.819772
    5.930000     -9.287384
    5.940000     -9.675822
    5.950000     -9.988023
    5.960000    -10.230272
    5.970000    -10.410866
    5.980000    -10.538463
    5.990000    -10.620661
    6.000000    -10.662500
    6.010000    -10.665491
    6.020000    -10.627188
    6.030000    -10.541394
    6.040000    -10.398858
    6.050000    -10.188672
    6.060000     -9.899569
    6.070000     -9.521911
    6.080000     -9.048779
    6.090000     -8.477455
    6.100000     -7.809822
    6.110000     -7.052578
    6.120000     -6.216468
    6.130000     -5.315507
    6.140000     -4.365303
    6.150000     -3.381750
    6.160000     -2.379513
    6.170000     -1.370736
    6.180000     -0.364648
    6.190000      0.632928
    6.200000      1.618818
    6.210000      2.591968
    6.220000      3.551890
    6.230000      4.497613
    6.240000      5.426118
    6.250000      6.331671
    6.260000      7.204965
    6.270000      8.033403
    6.280000      8.801474
    6.290000      9.492025
    6.300000     10.087431
    6.310000     10.571486
    6.320000     10.930718
    6.330000     11.155906
    6.340000     11.242712
    6.350000     11.192138
    6.360000     11.010246
    6.370000     10.707329
    6.380000     10.296738
    6.390000      9.793260
    6.400000      9.211935
    6.410000      8.566300
    6.420000      7.867760
    6.430000      7.124967
    6.440000      6.343541
    6.450000      5.526960
    6.460000      4.677006
    6.470000      3.795233
    6.480000      2.883783
    6.490000      1.946691
    6.500000      0.990311
    6.510000      0.024018
    6.520000     -0.940412
    6.530000     -1.888918
    6.540000     -2.806540
    6.550000     -3.678198
    6.560000     -4.490279
    6.570000     -5.231437
    6.580000     -5.893658
    6.590000     -6.472498
    6.600000     -6.967289
    6.610000     -7.380514
    6.620000     -7.717223
    6.630000     -7.983818
    6.640000     -8.187185
    6.650000     -8.333533
    6.660000     -8.427726
    6.670000     -8.472703
    6.680000     -8.469536
    6.690000     -8.417673
    6.700000     -8.315587
    6.710000     -8.161472
    6.720000     -7.954258
    6.730000     -7.694303
    6.740000     -7.383942
    6.750000     -7.027886
    6.760000     -6.633028
    6.770000     -6.208154
    6.780000     -5.763324
    6.790000     -5.308982
    6.800000     -4.855263
    6.810000     -4.411071
    6.820000     -3.983773
    6.830000     -3.578715
    6.840000     -3.199406
    6.850000     -2.847731
    6.860000     -2.524598
    6.870000     -2.230454
    6.880000     -1.966050
    6.890000     -1.732853
    6.900000     -1.533443
    6.910000     -1.371533
    6.920000     -1.251737
    6.930000     -1.179081
    6.940000     -1.158372
    6.950000     -1.193475
    6.960000     -1.286657
    6.970000     -1.438076
    6.980000     -1.645528
    6.990000     -1.904459
    7.000000     -2.208390
    7.010000     -2.549337
    7.020000     -2.918692
    7.030000     -3.307875
    7.040000     -3.709166
    7.050000     -4.116065
    7.060000     -4.523713
    7.070000     -4.928670
    7.080000     -5.328706
    7.090000     -5.722031
    7.100000     -6.106735
    7.110000     -6.479845
    7.120000     -6.836853
    7.130000     -7.171044
    7.140000     -7.473613
    7.150000     -7.733639
    7.160000     -7.938895
    7.170000     -8.076369
    7.180000     -8.133465
    7.190000     -8.098865
    7.200000     -7.963551
    7.210000     -7.721272
    7.220000     -7.369102
    7.230000     -6.907258
    7.240000     -6.338806
    7.250000     -5.668886
    7.260000     -4.904048
    7.270000     -4.051106
    7.280000     -3.116602
    7.290000     -2.106010
    7.300000     -1.023700
    7.310000      0.127226
    7.320000      1.344071
    7.330000      2.624206
    7.340000      3.963755
    7.350000      5.356972
    7.360000      6.795021
    7.370000      8.265820
    7.380000      9.753345
    7.390000     11.238450
    7.400000     12.698812
    7.410000     14.110659
    7.420000     15.449410
    7.430000     16.691677
    7.440000     17.816134
    7.450000     18.804800
    7.460000     19.644042
    7.470000     20.324778
    7.480000     20.842524
    7.490000     21.196859
    7.500000     21.390925
    7.510000     21.430299
    7.520000     21.321966
    7.530000     21.073698
    7.540000     20.692940
    7.550000     20.186928
    7.560000     19.562392
    7.570000     18.825673
    7.580000     17.983620
    7.590000     17.043870
    7.600000     16.015591
    7.610000     14.910254
    7.620000     13.741436
    7.630000     12.525101
    7.640000     11.279166
    7.650000     10.022957
    7.660000      8.775848
    7.670000      7.556797
    7.680000      6.382724
    7.690000      5.267905
    7.700000      4.223257
    7.710000      3.255696
    7.720000      2.368459
    7.730000      1.561153
    7.740000      0.830754
    7.750000      0.172098
    7.760000     -0.420795
    7.770000     -0.954088
    7.780000     -1.433059
    7.790000     -1.861824
    7.800000     -2.242833
    7.810000     -2.577137
    7.820000     -2.864585
    7.830000     -3.104501
    7.840000     -3.296284
    7.850000     -3.440162
    7.860000     -3.537795
    7.870000     -3.592701
    7.880000     -3.610516
    7.890000     -3.598873
    7.900000     -3.567124
    7.910000     -3.525810
    7.920000     -3.485956
    7.930000     -3.458349
    7.940000     -3.452842
    7.950000     -3.477631
    7.960000     -3.538917
    7.970000     -3.640528
    7.980000     -3.783982
    7.990000     -3.968575
    8.000000     -4.191727
    8.010000     -4.449500
    8.020000     -4.736943
    8.030000     -5.048944
    8.040000     -5.380326
    8.050000     -5.726508
    8.060000     -6.083603
    8.070000     -6.448788
    8.080000     -6.819959
    8.090000     -7.195867
    8.100000     -7.575629
    8.110000     -7.958765
    8.120000     -8.344403
    8.130000     -8.731043
    8.140000     -9.116199
    8.150000     -9.496048
    8.160000     -9.865104
    8.170000    -10.216095
    8.180000    -10.539982
    8.190000    -10.826250
    8.200000    -11.062936
    8.210000    -11.237531
    8.220000    -11.337327
    8.230000    -11.350343
    8.240000    -11.266075
    8.250000    -11.076288
    8.260000    -10.775603
    8.270000    -10.362287
    8.280000     -9.838150
    8.290000     -9.208778
    8.300000     -8.483194
    8.310000     -7.673390
    8.320000     -6.793124
    8.330000     -5.857564
    8.340000     -4.881840
    8.350000     -3.880441
    8.360000     -2.866035
    8.370000     -1.849510
    8.380000     -0.839529
    8.390000      0.157168
    8.400000      1.135601
    8.410000      2.091280
    8.420000      3.019652
    8.430000      3.915115
    8.440000      4.770562
    8.450000      5.576407
    8.460000      6.320866
    8.470000      6.990044
    8.480000      7.568699
    8.490000      8.041528
    8.500000      8.394015
    8.510000      8.614086
    8.520000      8.693457
    8.530000      8.628652
    8.540000      8.421561
    8.550000      8.079900
    8.560000      7.616697
    8.570000      7.049426
    8.580000      6.398967
    8.590000      5.687966
    8.600000      4.939282
    8.610000      4.174126
    8.620000      3.411360
    8.630000      2.666112
    8.640000      1.949673
    8.650000      1.269257
    8.660000      0.628990
    8.670000      0.030583
    8.680000     -0.525447
    8.690000     -1.038782
    8.700000     -1.507986
    8.710000     -1.929968
    8.720000     -2.299646
    8.730000     -2.609982
    8.740000     -2.852730
    8.750000     -3.019128
    8.760000     -3.101219
    8.770000     -3.092980
    8.780000     -2.991501
    8.790000     -2.797780
    8.800000     -2.517202
    8.810000     -2.159570
    8.820000     -1.738537
    8.830000     -1.270889
    8.840000     -0.775289
    8.850000     -0.270996
    8.860000      0.223633
    8.870000      0.692042
    8.880000      1.120523
    8.890000      1.498613
    8.900000      1.819377
    8.910000      2.078778
    8.920000      2.275319
    8.930000      2.409129
    8.940000      2.481112
    8.950000      2.492120
    8.960000      2.442399
    8.970000      2.331259
    8.980000      2.157140
    8.990000      1.917818
    9.000000      1.611098
    9.010000      1.235573
    9.020000      0.791377
    9.030000      0.280751
    9.040000     -0.291151
    9.050000     -0.916225
    9.060000     -1.583327
    9.070000     -2.278931
    9.080000     -2.987374
    9.090000     -3.691949
    9.100000     -4.375706
    9.110000     -5.022658
    9.120000     -5.618157
    9.130000     -6.149867
    9.140000     -6.607960
    9.150000     -6.985486
    9.160000     -7.278068
    9.170000     -7.483827
    9.180000     -7.602880
    9.190000     -7.637022
    9.200000     -7.589282
    9.210000     -7.463621
    9.220000     -7.264725
    9.230000     -6.997899
    9.240000     -6.668915
    9.250000     -6.284253
    9.260000     -5.851049
    9.270000     -5.377096
    9.280000     -4.870679
    9.290000     -4.340734
    9.300000     -3.796361
    9.310000     -3.246780
    9.320000     -2.700645
    9.330000     -2.166205
    9.340000     -1.650766
    9.350000     -1.160694
    9.360000     -0.701159
    9.370000     -0.276523
    9.380000      0.109677
    9.390000      0.454422
    9.400000      0.755098
    9.410000      1.009066
    9.420000      1.213734
    9.430000      1.366519
    9.440000      1.465038
    9.450000      1.507374
    9.460000      1.492493
    9.470000      1.420697
    9.480000      1.294041
    9.490000      1.116682
    9.500000      0.895065
    9.510000      0.637855
    9.520000      0.355811
    9.530000      0.061132
    9.540000     -0.232946
    9.550000     -0.513089
    9.560000     -0.766574
    9.570000     -0.982202
    9.580000     -1.150816
    9.590000     -1.265877
    9.600000     -1.323765
    9.610000     -1.323786
    9.620000     -1.268000
    9.630000     -1.160868
    9.640000     -1.008724
    9.650000     -0.819180
    9.660000     -0.600602
    9.670000     -0.361500
    9.680000     -0.110153
    9.690000      0.145846
    9.700000      0.399631
    9.710000      0.645226
    9.720000      0.877527
    9.730000      1.092289
    9.740000      1.285918
    9.750000      1.455419
    9.760000      1.598311
    9.770000      1.712574
    9.780000      1.796660
    9.790000      1.849399
    9.800000      1.870078
    9.810000      1.858464
    9.820000      1.814777
    9.830000      1.739749
    9.840000      1.634674
    9.850000      1.501455
    9.860000      1.342630
    9.870000      1.161648
    9.880000      0.962954
    9.890000      0.752242
    9.900000      0.536574
    9.910000      0.324739
    9.920000      0.127132
    9.930000     -0.044087
    9.940000     -0.175419
    9.950000     -0.252237
    9.960000     -0.259494
    9.970000     -0.182528
    9.980000     -0.007900
    9.990000      0.275605
   10.000000      0.676081
