    1.700000     -1.337995
    1.710000     -1.370774
    1.720000     -1.446065
    1.730000     -1.569096
    1.740000     -1.742091
    1.750000     -1.964048
    1.760000     -2.230698
    1.770000     -2.534842
    1.780000     -2.866886
    1.790000     -3.215552
    1.800000     -3.568737
    1.810000     -3.914327
    1.820000     -4.241092
    1.830000     -4.539314
    1.840000     -4.801388
    1.850000     -5.022150
    1.860000     -5.199026
    1.870000     -5.331962
    1.880000     -5.423189
    1.890000     -5.476911
    1.900000     -5.498715
    1.910000     -5.495128
    1.920000     -5.472952
    1.930000     -5.438878
    1.940000     -5.398863
    1.950000     -5.357823
    1.960000     -5.319352
    1.970000     -5.285540
    1.980000     -5.256980
    1.990000     -5.232852
    2.000000     -5.211156
    2.010000     -5.189075
    2.020000     -5.163308
    2.030000     -5.130615
    2.040000     -5.088111
    2.050000     -5.033777
    2.060000     -4.966693
    2.070000     -4.887211
    2.080000     -4.797002
    2.090000     -4.698812
    2.100000     -4.596343
    2.110000     -4.493591
    2.120000     -4.394524
    2.130000     -4.302455
    2.140000     -4.219560
    2.150000     -4.146563
    2.160000     -4.082454
    2.170000     -4.024548
    2.180000     -3.968693
    2.190000     -3.909699
    2.200000     -3.842036
    2.210000     -3.760441
    2.220000     -3.660729
    2.230000     -3.540464
    2.240000     -3.399426
    2.250000     -3.239892
    2.260000     -3.066625
    2.270000     -2.886493
    2.280000     -2.707888
    2.290000     -2.539914
    2.300000     -2.391381
    2.310000     -2.269835
    2.320000     -2.180744
    2.330000     -2.126754
    2.340000     -2.107444
    2.350000     -2.119231
    2.360000     -2.155799
    2.370000     -2.208788
    2.380000     -2.268692
    2.390000     -2.325999
    2.400000     -2.372213
    2.410000     -2.400806
    2.420000     -2.407903
    2.430000     -2.392622
    2.440000     -2.357019
    2.450000     -2.305623
    2.460000     -2.244671
    2.470000     -2.181085
    2.480000     -2.121256
    2.490000     -2.069983
    2.500000     -2.029459
    2.510000     -1.998552
    2.520000     -1.972481
    2.530000     -1.942875
    2.540000     -1.898191
    2.550000     -1.824458
    2.560000     -1.706350
    2.570000     -1.528222
    2.580000     -1.275270
    2.590000     -0.934500
    2.600000     -0.495545
    2.610000      0.048903
    2.620000      0.702771
    2.630000      1.466724
    2.640000      2.338350
    2.650000      3.312553
    2.660000      4.381964
    2.670000      5.537181
    2.680000      6.767113
    2.690000      8.059093
    2.700000      9.398606
    2.710000     10.769425
    2.720000     12.153341
    2.730000     13.529788
    2.740000     14.876275
    2.750000     16.168305
    2.760000     17.379976
    2.770000     18.484729
    2.780000     19.456445
    2.790000     20.270557
    2.800000     20.905501
    2.810000     21.343792
    2.820000     21.573396
    2.830000     21.588290
    2.840000     21.389218
    2.850000     20.983500
    2.860000     20.384774
    2.870000     19.611996
    2.880000     18.688772
    2.890000     17.641370
    2.900000     16.497807
    2.910000     15.286148
    2.920000     14.033484
    2.930000     12.764601
    2.940000     11.501619
    2.950000     10.263237
    2.960000      9.064951
    2.970000      7.918844
    2.980000      6.833992
    2.990000      5.816933
    3.000000      4.871889
    3.010000      4.001205
    3.020000      3.205608
    3.030000      2.484430
    3.040000      1.835690
    3.050000      1.256199
    3.060000      0.741745
    3.070000      0.287104
    3.080000     -0.113589
    3.090000     -0.466667
    3.100000     -0.778473
    3.110000     -1.054994
    3.120000     -1.301505
    3.130000     -1.522182
    3.140000     -1.719996
    3.150000     -1.896665
    3.160000     -2.052823
    3.170000     -2.188427
    3.180000     -2.303183
    3.190000     -2.397190
    3.200000     -2.471498
    3.210000     -2.528564
    3.220000     -2.572580
    3.230000     -2.609513
    3.240000     -2.646883
    3.250000     -2.693284
    3.260000     -2.757685
    3.270000     -2.848519
    3.280000     -2.972830
    3.290000     -3.135391
    3.300000     -3.338111
    3.310000     -3.579616
    3.320000     -3.855257
    3.330000     -4.157427
    3.340000     -4.476189
    3.350000     -4.800260
    3.360000     -5.117937
    3.370000     -5.418264
    3.380000     -5.691986
    3.390000     -5.932145
    3.400000     -6.134742
    3.410000     -6.298547
    3.420000     -6.424932
    3.430000     -6.517293
    3.440000     -6.580278
    3.450000     -6.618825
    3.460000     -6.637406
    3.470000     -6.639376
    3.480000     -6.626442
    3.490000     -6.598642
    3.500000     -6.554508
    3.510000     -6.491483
    3.520000     -6.406614
    3.530000     -6.297286
    3.540000     -6.161971
    3.550000     -6.000693
    3.560000     -5.815472
    3.570000     -5.610355
    3.580000     -5.391103
    3.590000     -5.164771
    3.600000     -4.938974
    3.610000     -4.721021
    3.620000     -4.517212
    3.630000     -4.332161
    3.640000     -4.168361
    3.650000     -4.025957
    3.660000     -3.902924
    3.670000     -3.795389
    3.680000     -3.698185
    3.690000     -3.605515
    3.700000     -3.511620
    3.710000     -3.411358
    3.720000     -3.300541
    3.730000     -3.176170
    3.740000     -3.036306
    3.750000     -2.879826
    3.760000     -2.706058
    3.770000     -2.514262
    3.780000     -2.303285
    3.790000     -2.071249
    3.800000     -1.815496
    3.810000     -1.532743
    3.820000     -1.219462
    3.830000     -0.872438
    3.840000     -0.489450
    3.850000     -0.069916
    3.860000      0.384537
    3.870000      0.869724
    3.880000      1.378783
    3.890000      1.902423
    3.900000      2.429399
    3.910000      2.947241
    3.920000      3.443148
    3.930000      3.904911
    3.940000      4.321723
    3.950000      4.684841
    3.960000      4.988008
    3.970000      5.227472
    3.980000      5.401845
    3.990000      5.511537
    4.000000      5.558314
    4.010000      5.544443
    4.020000      5.472206
    4.030000      5.343410
    4.040000      5.159245
    4.050000      4.920329
    4.060000      4.627007
    4.070000      4.280044
    4.080000      3.881047
    4.090000      3.433303
    4.100000      2.942018
    4.110000      2.414768
    4.120000      1.861247
    4.130000      1.292787
    4.140000      0.721714
    4.150000      0.160126
    4.160000     -0.381071
    4.170000     -0.893431
    4.180000     -1.371732
    4.190000     -1.814743
    4.200000     -2.225202
    4.210000     -2.609667
    4.220000     -2.977592
    4.230000     -3.340268
    4.240000     -3.709336
    4.250000     -4.095382
    4.260000     -4.506461
    4.270000     -4.947168
    4.280000     -5.417787
    4.290000     -5.914392
    4.300000     -6.429079
    4.310000     -6.951019
    4.320000     -7.467486
    4.330000     -7.965731
    4.340000     -8.434054
    4.350000     -8.863426
    4.360000     -9.248203
    4.370000     -9.586673
    4.380000     -9.881148
    4.390000    -10.136979
    4.400000    -10.361990
    4.410000    -10.564708
    4.420000    -10.753259
    4.430000    -10.933731
    4.440000    -11.109367
    4.450000    -11.279606
    4.460000    -11.440204
    4.470000    -11.583284
    4.480000    -11.698517
    4.490000    -11.774031
    4.500000    -11.797872
    4.510000    -11.759636
    4.520000    -11.651374
    4.530000    -11.468635
    4.540000    -11.210950
    4.550000    -10.881674
    4.560000    -10.487446
    4.570000    -10.037240
    4.580000     -9.541096
    4.590000     -9.008756
    4.600000     -8.448281
    4.610000     -7.865068
    4.620000     -7.261074
    4.630000     -6.634474
    4.640000     -5.979977
    4.650000     -5.289305
    4.660000     -4.552311
    4.670000     -3.758075
    4.680000     -2.896365
    4.690000     -1.958598
    4.700000     -0.939262
    4.710000      0.163728
    4.720000      1.348228
    4.730000      2.608204
    4.740000      3.933572
    4.750000      5.311207
    4.760000      6.725118
    4.770000      8.157778
    4.780000      9.590351
    4.790000     11.003796
    4.800000     12.379069
    4.810000     13.697841
    4.820000     14.942558
    4.830000     16.096707
    4.840000     17.144660
    4.850000     18.072441
    4.860000     18.867118
    4.870000     19.517563
    4.880000     20.014182
    4.890000     20.349955
    4.900000     20.520114
    4.910000     20.522527
    4.920000     20.358486
    4.930000     20.032067
    4.940000     19.550446
    4.950000     18.923899
    4.960000     18.165017
    4.970000     17.288628
    4.980000     16.310881
    4.990000     15.249224
    5.000000     14.121287
    5.010000     12.944897
    5.020000     11.737212
    5.030000     10.514959
    5.040000      9.293716
    5.050000      8.088242
    5.060000      6.912019
    5.070000      5.777513
    5.080000      4.695657
    5.090000      3.676139
    5.100000      2.726735
    5.110000      1.853542
    5.120000      1.060315
    5.130000      0.348617
    5.140000     -0.282432
    5.150000     -0.836137
    5.160000     -1.317895
    5.170000     -1.735005
    5.180000     -2.095949
    5.190000     -2.409928
    5.200000     -2.685974
    5.210000     -2.932462
    5.220000     -3.156305
    5.230000     -3.362625
    5.240000     -3.554447
    5.250000     -3.732690
    5.260000     -3.896350
    5.270000     -4.043012
    5.280000     -4.169233
    5.290000     -4.271390
    5.300000     -4.346094
    5.310000     -4.390833
    5.320000     -4.404298
    5.330000     -4.386544
    5.340000     -4.338931
    5.350000     -4.263780
    5.360000     -4.164062
    5.370000     -4.042737
    5.380000     -3.902281
    5.390000     -3.744198
    5.400000     -3.568566
    5.410000     -3.374053
    5.420000     -3.157779
    5.430000     -2.915755
    5.440000     -2.643205
    5.450000     -2.335232
    5.460000     -1.987399
    5.470000     -1.596456
    5.480000     -1.160707
    5.490000     -0.680594
    5.500000     -0.158718
    5.510000      0.399979
    5.520000      0.988606
    5.530000      1.598414
    5.540000      2.219505
    5.550000      2.841072
    5.560000      3.452152
    5.570000      4.041777
    5.580000      4.599599
    5.590000      5.115885
    5.600000      5.581859
    5.610000      5.989597
    5.620000      6.332125
    5.630000      6.603338
    5.640000      6.797961
    5.650000      6.911583
    5.660000      6.940675
    5.670000      6.882683
    5.680000      6.736192
    5.690000      6.500976
    5.700000      6.178244
    5.710000      5.770550
    5.720000      5.282064
    5.730000      4.718232
    5.740000      4.085921
    5.750000      3.392957
    5.760000      2.648101
    5.770000      1.860498
    5.780000      1.039699
    5.790000      0.195012
    5.800000     -0.664345
    5.810000     -1.529777
    5.820000     -2.393083
    5.830000     -3.246835
    5.840000     -4.084080
    5.850000     -4.898612
    5.860000     -5.684653
    5.870000     -6.437112
    5.880000     -7.151259
    5.890000     -7.823040
    5.900000     -8.448766
    5.910000     -9.025260
    5.920000     -9.549955
    5.930000    -10.020529
    5.940000    -10.435183
    5.950000    -10.792238
    5.960000    -11.090243
    5.970000    -11.327618
    5.980000    -11.502797
    5.990000    -11.613903
    6.000000    -11.658740
    6.010000    -11.634955
    6.020000    -11.540056
    6.030000    -11.371528
    6.040000    -11.127123
    6.050000    -10.804984
    6.060000    -10.403974
    6.070000     -9.923932
    6.080000     -9.365439
    6.090000     -8.730324
    6.100000     -8.021216
    6.110000     -7.241763
    6.120000     -6.396170
    6.130000     -5.489330
    6.140000     -4.526369
    6.150000     -3.512837
    6.160000     -2.454570
    6.170000     -1.357706
    6.180000     -0.229131
    6.190000      0.923640
    6.200000      2.091765
    6.210000      3.265300
    6.220000      4.432547
    6.230000      5.580477
    6.240000      6.694516
    6.250000      7.759157
    6.260000      8.758111
    6.270000      9.675300
    6.280000     10.495251
    6.290000     11.204042
    6.300000     11.789706
    6.310000     12.243068
    6.320000     12.557731
    6.330000     12.730489
    6.340000     12.760976
    6.350000     12.651534
    6.360000     12.406691
    6.370000     12.032689
    6.380000     11.537009
    6.390000     10.927918
    6.400000     10.214216
    6.410000      9.405069
    6.420000      8.510144
    6.430000      7.539789
    6.440000      6.505079
    6.450000      5.418431
    6.460000      4.293278
    6.470000      3.144563
    6.480000      1.988084
    6.490000      0.840426
    6.500000     -0.282055
    6.510000     -1.363605
    6.520000     -2.390366
    6.530000     -3.350719
    6.540000     -4.236345
    6.550000     -5.042191
    6.560000     -5.766864
    6.570000     -6.412008
    6.580000     -6.981908
    6.590000     -7.482296
    6.600000     -7.919539
    6.610000     -8.299279
    6.620000     -8.625701
    6.630000     -8.900571
    6.640000     -9.123195
    6.650000     -9.290231
    6.660000     -9.396307
    6.670000     -9.434989
    6.680000     -9.399746
    6.690000     -9.285365
    6.700000     -9.088965
    6.710000     -8.810967
    6.720000     -8.455747
    6.730000     -8.031613
    6.740000     -7.550606
    6.750000     -7.027301
    6.760000     -6.478205
    6.770000     -5.919767
    6.780000     -5.367439
    6.790000     -4.834171
    6.800000     -4.329684
    6.810000     -3.859823
    6.820000     -3.426846
    6.830000     -3.029586
    6.840000     -2.664756
    6.850000     -2.327797
    6.860000     -2.014430
    6.870000     -1.721624
    6.880000     -1.448738
    6.890000     -1.197870
    6.900000     -0.974102
    6.910000     -0.784963
    6.920000     -0.639682
    6.930000     -0.548083
    6.940000     -0.519317
    6.950000     -0.560683
    6.960000     -0.676640
    6.970000     -0.868174
    6.980000     -1.132633
    6.990000     -1.463887
    7.000000     -1.853129
    7.010000     -2.289627
    7.020000     -2.761978
    7.030000     -3.259032
    7.040000     -3.770897
    7.050000     -4.289353
    7.060000     -4.808222
    7.070000     -5.322912
    7.080000     -5.830100
    7.090000     -6.326689
    7.100000     -6.809109
    7.110000     -7.272352
    7.120000     -7.709412
    7.130000     -8.111030
    7.140000     -8.465850
    7.150000     -8.760865
    7.160000     -8.982433
    7.170000     -9.117301
    7.180000     -9.153734
    7.190000     -9.082586
    7.200000     -8.897934
    7.210000     -8.597579
    7.220000     -8.182734
    7.230000     -7.657426
    7.240000     -7.027762
    7.250000     -6.300373
    7.260000     -5.481552
    7.270000     -4.575879
    7.280000     -3.585803
    7.290000     -2.511066
    7.300000     -1.349491
    7.310000     -0.097389
    7.320000      1.248621
    7.330000      2.690483
    7.340000      4.226422
    7.350000      5.850117
    7.360000      7.548845
    7.370000      9.303656
    7.380000     11.088950
    7.390000     12.873912
    7.400000     14.623649
    7.410000     16.301610
    7.420000     17.871493
    7.430000     19.300003
    7.440000     20.558753
    7.450000     21.625554
    7.460000     22.485903
    7.470000     23.132615
    7.480000     23.565638
    7.490000     23.790777
    7.500000     23.818122
    7.510000     23.660292
    7.520000     23.330855
    7.530000     22.842848
    7.540000     22.207970
    7.550000     21.436409
    7.560000     20.536531
    7.570000     19.516424
    7.580000     18.384308
    7.590000     17.150285
    7.600000     15.826820
    7.610000     14.430243
    7.620000     12.980327
    7.630000     11.500458
    7.640000     10.016320
    7.650000      8.555047
    7.660000      7.142704
    7.670000      5.803337
    7.680000      4.556307
    7.690000      3.415706
    7.700000      2.389182
    7.710000      1.477674
    7.720000      0.676320
    7.730000     -0.024738
    7.740000     -0.638428
    7.750000     -1.179071
    7.760000     -1.660304
    7.770000     -2.093605
    7.780000     -2.486867
    7.790000     -2.843997
    7.800000     -3.164783
    7.810000     -3.445680
    7.820000     -3.680926
    7.830000     -3.864121
    7.840000     -3.989766
    7.850000     -4.054812
    7.860000     -4.059784
    7.870000     -4.009432
    7.880000     -3.912799
    7.890000     -3.782711
    7.900000     -3.634741
    7.910000     -3.485815
    7.920000     -3.352767
    7.930000     -3.250731
    7.940000     -3.191950
    7.950000     -3.184944
    7.960000     -3.234132
    7.970000     -3.339903
    7.980000     -3.499397
    7.990000     -3.707239
    8.000000     -3.956846
    8.010000     -4.241478
    8.020000     -4.555166
    8.030000     -4.893564
    8.040000     -5.254103
    8.050000     -5.635954
    8.060000     -6.039509
    8.070000     -6.465887
    8.080000     -6.915777
    8.090000     -7.388719
    8.100000     -7.882393
    8.110000     -8.392298
    8.120000     -8.911263
    8.130000     -9.429987
    8.140000     -9.937279
    8.150000    -10.421022
    8.160000    -10.868645
    8.170000    -11.268145
    8.180000    -11.608509
    8.190000    -11.880413
    8.200000    -12.076058
    8.210000    -12.189376
    8.220000    -12.215551
    8.230000    -12.150796
    8.240000    -11.991712
    8.250000    -11.735254
    8.260000    -11.378340
    8.270000    -10.918125
    8.280000    -10.352097
    8.290000     -9.678875
    8.300000     -8.898791
    8.310000     -8.014537
    8.320000     -7.031579
    8.330000     -5.959003
    8.340000     -4.809251
    8.350000     -3.598199
    8.360000     -2.344009
    8.370000     -1.067140
    8.380000      0.211262
    8.390000      1.470090
    8.400000      2.689853
    8.410000      3.852705
    8.420000      4.943430
    8.430000      5.949546
    8.440000      6.861331
    8.450000      7.670947
    8.460000      8.372205
    8.470000      8.959739
    8.480000      9.428429
    8.490000      9.773115
    8.500000      9.988358
    8.510000     10.068776
    8.520000     10.009602
    8.530000      9.807629
    8.540000      9.462064
    8.550000      8.975626
    8.560000      8.355312
    8.570000      7.612883
    8.580000      6.764947
    8.590000      5.832655
    8.600000      4.840828
    8.610000      3.816266
    8.620000      2.786806
    8.630000      1.779264
    8.640000      0.817999
    8.650000     -0.076778
    8.660000     -0.889395
    8.670000     -1.609500
    8.680000     -2.231805
    8.690000     -2.755674
    8.700000     -3.183751
    8.710000     -3.520913
    8.720000     -3.772887
    8.730000     -3.944895
    8.740000     -4.040867
    8.750000     -4.062718
    8.760000     -4.010293
    8.770000     -3.881844
    8.780000     -3.674668
    8.790000     -3.386300
    8.800000     -3.015690
    8.810000     -2.564382
    8.820000     -2.037311
    8.830000     -1.443654
    8.840000     -0.796859
    8.850000     -0.114424
    8.860000      0.583063
    8.870000      1.272680
    8.880000      1.930697
    8.890000      2.533915
    8.900000      3.061220
    8.910000      3.494391
    8.920000      3.819194
    8.930000      4.025809
    8.940000      4.108976
    8.950000      4.067688
    8.960000      3.904748
    8.970000      3.626090
    8.980000      3.240100
    8.990000      2.756685
    9.000000      2.186905
    9.010000      1.542433
    9.020000      0.835256
    9.030000      0.077384
    9.040000     -0.718776
    9.050000     -1.540647
    9.060000     -2.375220
    9.070000     -3.209361
    9.080000     -4.029364
    9.090000     -4.821516
    9.100000     -5.572077
    9.110000     -6.268088
    9.120000     -6.897245
    9.130000     -7.448538
    9.140000     -7.912689
    9.150000     -8.282426
    9.160000     -8.552419
    9.170000     -8.719590
    9.180000     -8.782836
    9.190000     -8.743179
    9.200000     -8.603273
    9.210000     -8.367372
    9.220000     -8.041105
    9.230000     -7.631372
    9.240000     -7.146071
    9.250000     -6.594268
    9.260000     -5.985964
    9.270000     -5.332202
    9.280000     -4.644639
    9.290000     -3.935905
    9.300000     -3.218940
    9.310000     -2.506984
    9.320000     -1.812843
    9.330000     -1.148946
    9.340000     -0.526591
    9.350000      0.044217
    9.360000      0.555338
    9.370000      1.000324
    9.380000      1.374726
    9.390000      1.675934
    9.400000      1.903151
    9.410000      2.056979
    9.420000      2.139253
    9.430000      2.152818
    9.440000      2.101256
    9.450000      1.988812
    9.460000      1.820299
    9.470000      1.601267
    9.480000      1.337905
    9.490000      1.037378
    9.500000      0.707824
    9.510000      0.358435
    9.520000     -0.000573
    9.530000     -0.358279
    9.540000     -0.703149
    9.550000     -1.023604
    9.560000     -1.308463
    9.570000     -1.547603
    9.580000     -1.732316
    9.590000     -1.855901
    9.600000     -1.913959
    9.610000     -1.904611
    9.620000     -1.828493
    9.630000     -1.688671
    9.640000     -1.490360
    9.650000     -1.240493
    9.660000     -0.947401
    9.670000     -0.620305
    9.680000     -0.268956
    9.690000      0.096834
    9.700000      0.467291
    9.710000      0.832973
    9.720000      1.184855
    9.730000      1.514563
    9.740000      1.814164
    9.750000      2.076472
    9.760000      2.295018
    9.770000      2.464207
    9.780000      2.579508
    9.790000      2.637536
    9.800000      2.636266
    9.810000      2.575189
    9.820000      2.455358
    9.830000      2.279477
    9.840000      2.051859
    9.850000      1.778381
    9.860000      1.466264
    9.870000      1.124149
    9.880000      0.761841
    9.890000      0.390253
    9.900000      0.021324
    9.910000     -0.331964
    9.920000     -0.655609
    9.930000     -0.934676
    9.940000     -1.153528
    9.950000     -1.295864
    9.960000     -1.345285
    9.970000     -1.285832
    9.980000     -1.102636
    9.990000     -0.782832
   10.000000     -0.316453
