    1.700000     -1.513420
    1.710000     -1.604174
    1.720000     -1.731008
    1.730000     -1.894557
    1.740000     -2.093334
    1.750000     -2.323910
    1.760000     -2.581252
    1.770000     -2.859165
    1.780000     -3.150817
    1.790000     -3.449207
    1.800000     -3.747562
    1.810000     -4.039669
    1.820000     -4.320050
    1.830000     -4.584026
    1.840000     -4.827666
    1.850000     -5.047743
    1.860000     -5.241509
    1.870000     -5.406714
    1.880000     -5.541492
    1.890000     -5.644405
    1.900000     -5.714578
    1.910000     -5.751842
    1.920000     -5.756901
    1.930000     -5.731603
    1.940000     -5.678908
    1.950000     -5.603013
    1.960000     -5.509227
    1.970000     -5.403623
    1.980000     -5.292819
    1.990000     -5.183389
    2.000000     -5.081408
    2.010000     -4.991890
    2.020000     -4.918421
    2.030000     -4.862847
    2.040000     -4.825048
    2.050000     -4.803077
    2.060000     -4.793392
    2.070000     -4.791187
    2.080000     -4.790945
    2.090000     -4.787005
    2.100000     -4.774140
    2.110000     -4.748055
    2.120000     -4.705714
    2.130000     -4.645588
    2.140000     -4.567748
    2.150000     -4.473578
    2.160000     -4.365668
    2.170000     -4.247304
    2.180000     -4.122116
    2.190000     -3.993616
    2.200000     -3.864840
    2.210000     -3.738121
    2.220000     -3.614921
    2.230000     -3.495823
    2.240000     -3.380709
    2.250000     -3.268891
    2.260000     -3.159458
    2.270000     -3.051526
    2.280000     -2.944526
    2.290000     -2.838412
    2.300000     -2.733747
    2.310000     -2.631776
    2.320000     -2.534331
    2.330000     -2.443634
    2.340000     -2.362141
    2.350000     -2.292226
    2.360000     -2.235952
    2.370000     -2.194816
    2.380000     -2.169570
    2.390000     -2.160099
    2.400000     -2.165361
    2.410000     -2.183447
    2.420000     -2.211651
    2.430000     -2.246638
    2.440000     -2.284661
    2.450000     -2.321722
    2.460000     -2.353872
    2.470000     -2.377316
    2.480000     -2.388607
    2.490000     -2.384713
    2.500000     -2.363050
    2.510000     -2.321350
    2.520000     -2.257549
    2.530000     -2.169508
    2.540000     -2.054698
    2.550000     -1.909871
    2.560000     -1.730687
    2.570000     -1.511425
    2.580000     -1.244749
    2.590000     -0.921604
    2.600000     -0.531422
    2.610000     -0.062334
    2.620000      0.498149
    2.630000      1.162399
    2.640000      1.941681
    2.650000      2.844978
    2.660000      3.877832
    2.670000      5.041243
    2.680000      6.330659
    2.690000      7.735306
    2.700000      9.237779
    2.710000     10.814298
    2.720000     12.435116
    2.730000     14.065587
    2.740000     15.667823
    2.750000     17.201972
    2.760000     18.628573
    2.770000     19.910312
    2.780000     21.014028
    2.790000     21.912105
    2.800000     22.583810
    2.810000     23.016009
    2.820000     23.203494
    2.830000     23.148590
    2.840000     22.860481
    2.850000     22.354329
    2.860000     21.649903
    2.870000     20.770242
    2.880000     19.740673
    2.890000     18.587157
    2.900000     17.335987
    2.910000     16.012602
    2.920000     14.641509
    2.930000     13.245875
    2.940000     11.847729
    2.950000     10.467364
    2.960000      9.124012
    2.970000      7.835147
    2.980000      6.616433
    2.990000      5.481317
    3.000000      4.440575
    3.010000      3.501773
    3.020000      2.668921
    3.030000      1.942015
    3.040000      1.317275
    3.050000      0.787105
    3.060000      0.340857
    3.070000     -0.034419
    3.080000     -0.352862
    3.090000     -0.628628
    3.100000     -0.874630
    3.110000     -1.101554
    3.120000     -1.317024
    3.130000     -1.525192
    3.140000     -1.726738
    3.150000     -1.919329
    3.160000     -2.098423
    3.170000     -2.258398
    3.180000     -2.393793
    3.190000     -2.500568
    3.200000     -2.577151
    3.210000     -2.625201
    3.220000     -2.649870
    3.230000     -2.659685
    3.240000     -2.665873
    3.250000     -2.681348
    3.260000     -2.719360
    3.270000     -2.792135
    3.280000     -2.909439
    3.290000     -3.077510
    3.300000     -3.298266
    3.310000     -3.569045
    3.320000     -3.882861
    3.330000     -4.229025
    3.340000     -4.594316
    3.350000     -4.964243
    3.360000     -5.324542
    3.370000     -5.662403
    3.380000     -5.967669
    3.390000     -6.233380
    3.400000     -6.456165
    3.410000     -6.636001
    3.420000     -6.775574
    3.430000     -6.879415
    3.440000     -6.952893
    3.450000     -7.001105
    3.460000     -7.027914
    3.470000     -7.035522
    3.480000     -7.024000
    3.490000     -6.991501
    3.500000     -6.934857
    3.510000     -6.850143
    3.520000     -6.733849
    3.530000     -6.583612
    3.540000     -6.399191
    3.550000     -6.182936
    3.560000     -5.940015
    3.570000     -5.678213
    3.580000     -5.407350
    3.590000     -5.138410
    3.600000     -4.882442
    3.610000     -4.649353
    3.620000     -4.446932
    3.630000     -4.279925
    3.640000     -4.149574
    3.650000     -4.053497
    3.660000     -3.985960
    3.670000     -3.938603
    3.680000     -3.901288
    3.690000     -3.863302
    3.700000     -3.814356
    3.710000     -3.745619
    3.720000     -3.650393
    3.730000     -3.524573
    3.740000     -3.366609
    3.750000     -3.177254
    3.760000     -2.958954
    3.770000     -2.715057
    3.780000     -2.449033
    3.790000     -2.163709
    3.800000     -1.860666
    3.810000     -1.539988
    3.820000     -1.200277
    3.830000     -0.838933
    3.840000     -0.452790
    3.850000     -0.038840
    3.860000      0.404936
    3.870000      0.878774
    3.880000      1.380565
    3.890000      1.905508
    3.900000      2.446001
    3.910000      2.992015
    3.920000      3.531543
    3.930000      4.051452
    3.940000      4.538344
    3.950000      4.979375
    3.960000      5.363162
    3.970000      5.680280
    3.980000      5.923731
    3.990000      6.088925
    4.000000      6.173665
    4.010000      6.177766
    4.020000      6.102549
    4.030000      5.950510
    4.040000      5.724766
    4.050000      5.428969
    4.060000      5.067022
    4.070000      4.643274
    4.080000      4.162708
    4.090000      3.631340
    4.100000      3.056361
    4.110000      2.446560
    4.120000      1.812321
    4.130000      1.165322
    4.140000      0.518276
    4.150000     -0.115968
    4.160000     -0.725129
    4.170000     -1.298756
    4.180000     -1.828961
    4.190000     -2.311512
    4.200000     -2.746218
    4.210000     -3.137266
    4.220000     -3.492868
    4.230000     -3.824638
    4.240000     -4.146436
    4.250000     -4.473016
    4.260000     -4.818352
    4.270000     -5.194216
    4.280000     -5.608662
    4.290000     -6.065141
    4.300000     -6.561806
    4.310000     -7.091722
    4.320000     -7.643310
    4.330000     -8.201555
    4.340000     -8.749386
    4.350000     -9.269565
    4.360000     -9.746230
    4.370000    -10.166644
    4.380000    -10.522376
    4.390000    -10.809819
    4.400000    -11.030656
    4.410000    -11.191036
    4.420000    -11.300882
    4.430000    -11.372133
    4.440000    -11.417458
    4.450000    -11.448315
    4.460000    -11.473600
    4.470000    -11.498382
    4.480000    -11.523410
    4.490000    -11.544944
    4.500000    -11.555217
    4.510000    -11.543534
    4.520000    -11.497548
    4.530000    -11.404709
    4.540000    -11.254037
    4.550000    -11.037115
    4.560000    -10.749109
    4.570000    -10.389325
    4.580000     -9.960763
    4.590000     -9.469668
    4.600000     -8.924315
    4.610000     -8.333588
    4.620000     -7.705603
    4.630000     -7.046076
    4.640000     -6.357516
    4.650000     -5.638299
    4.660000     -4.882857
    4.670000     -4.081886
    4.680000     -3.223677
    4.690000     -2.295241
    4.700000     -1.284380
    4.710000     -0.181075
    4.720000      1.020499
    4.730000      2.321114
    4.740000      3.715197
    4.750000      5.191159
    4.760000      6.731193
    4.770000      8.312742
    4.780000      9.909285
    4.790000     11.492572
    4.800000     13.033653
    4.810000     14.505131
    4.820000     15.881955
    4.830000     17.142990
    4.840000     18.270841
    4.850000     19.252582
    4.860000     20.078821
    4.870000     20.743583
    4.880000     21.243323
    4.890000     21.576028
    4.900000     21.740814
    4.910000     21.737326
    4.920000     21.565673
    4.930000     21.226791
    4.940000     20.722912
    4.950000     20.058225
    4.960000     19.239514
    4.970000     18.277230
    4.980000     17.185522
    4.990000     15.982686
    5.000000     14.690716
    5.010000     13.334884
    5.020000     11.942252
    5.030000     10.540959
    5.040000      9.157922
    5.050000      7.818184
    5.060000      6.542838
    5.070000      5.348491
    5.080000      4.246224
    5.090000      3.241776
    5.100000      2.335530
    5.110000      1.523536
    5.120000      0.798271
    5.130000      0.150220
    5.140000     -0.431002
    5.150000     -0.955481
    5.160000     -1.431844
    5.170000     -1.866790
    5.180000     -2.264663
    5.190000     -2.627621
    5.200000     -2.955972
    5.210000     -3.248887
    5.220000     -3.505048
    5.230000     -3.723470
    5.240000     -3.904056
    5.250000     -4.048097
    5.260000     -4.158338
    5.270000     -4.238947
    5.280000     -4.295102
    5.290000     -4.332480
    5.300000     -4.356500
    5.310000     -4.371846
    5.320000     -4.381672
    5.330000     -4.387421
    5.340000     -4.388400
    5.350000     -4.382039
    5.360000     -4.364004
    5.370000     -4.328728
    5.380000     -4.269934
    5.390000     -4.181278
    5.400000     -4.056819
    5.410000     -3.891597
    5.420000     -3.681817
    5.430000     -3.425095
    5.440000     -3.120315
    5.450000     -2.767610
    5.460000     -2.367967
    5.470000     -1.923156
    5.480000     -1.435317
    5.490000     -0.907003
    5.500000     -0.340989
    5.510000      0.259452
    5.520000      0.890545
    5.530000      1.547517
    5.540000      2.224535
    5.550000      2.914193
    5.560000      3.607670
    5.570000      4.294322
    5.580000      4.962176
    5.590000      5.597976
    5.600000      6.187787
    5.610000      6.717449
    5.620000      7.173372
    5.630000      7.542913
    5.640000      7.815246
    5.650000      7.981625
    5.660000      8.035827
    5.670000      7.974337
    5.680000      7.796307
    5.690000      7.503466
    5.700000      7.100000
    5.710000      6.592055
    5.720000      5.987647
    5.730000      5.296063
    5.740000      4.527819
    5.750000      3.694098
    5.760000      2.806765
    5.770000      1.877860
    5.780000      0.919695
    5.790000     -0.055714
    5.800000     -1.036497
    5.810000     -2.011566
    5.820000     -2.970460
    5.830000     -3.903971
    5.840000     -4.803964
    5.850000     -5.663858
    5.860000     -6.478386
    5.870000     -7.243753
    5.880000     -7.957293
    5.890000     -8.617460
    5.900000     -9.223206
    5.910000     -9.773893
    5.920000    -10.268772
    5.930000    -10.706773
    5.940000    -11.086416
    5.950000    -11.405586
    5.960000    -11.661692
    5.970000    -11.851972
    5.980000    -11.973719
    5.990000    -12.024715
    6.000000    -12.003374
    6.010000    -11.909380
    6.020000    -11.743442
    6.030000    -11.507527
    6.040000    -11.204555
    6.050000    -10.838018
    6.060000    -10.411439
    6.070000     -9.927998
    6.080000     -9.389616
    6.090000     -8.797007
    6.100000     -8.149048
    6.110000     -7.442966
    6.120000     -6.674646
    6.130000     -5.839225
    6.140000     -4.931813
    6.150000     -3.948678
    6.160000     -2.888210
    6.170000     -1.751728
    6.180000     -0.544691
    6.190000      0.723268
    6.200000      2.037727
    6.210000      3.380204
    6.220000      4.728338
    6.230000      6.057523
    6.240000      7.341580
    6.250000      8.554710
    6.260000      9.672468
    6.270000     10.673541
    6.280000     11.540245
    6.290000     12.259691
    6.300000     12.823642
    6.310000     13.228684
    6.320000     13.475491
    6.330000     13.568143
    6.340000     13.513324
    6.350000     13.319013
    6.360000     12.993956
    6.370000     12.546689
    6.380000     11.985310
    6.390000     11.317099
    6.400000     10.548972
    6.410000      9.687581
    6.420000      8.740096
    6.430000      7.714694
    6.440000      6.620913
    6.450000      5.470482
    6.460000      4.276871
    6.470000      3.055788
    6.480000      1.824136
    6.490000      0.599932
    6.500000     -0.599062
    6.510000     -1.755791
    6.520000     -2.855247
    6.530000     -3.884812
    6.540000     -4.835212
    6.550000     -5.700422
    6.560000     -6.477889
    6.570000     -7.167937
    6.580000     -7.773416
    6.590000     -8.298629
    6.600000     -8.748674
    6.610000     -9.128421
    6.620000     -9.442012
    6.630000     -9.692016
    6.640000     -9.879492
    6.650000    -10.003876
    6.660000    -10.063173
    6.670000    -10.054823
    6.680000     -9.976000
    6.690000     -9.824499
    6.700000     -9.599558
    6.710000     -9.302236
    6.720000     -8.935937
    6.730000     -8.506325
    6.740000     -8.021488
    6.750000     -7.491223
    6.760000     -6.926792
    6.770000     -6.339974
    6.780000     -5.742549
    6.790000     -5.145351
    6.800000     -4.558072
    6.810000     -3.988521
    6.820000     -3.442919
    6.830000     -2.925563
    6.840000     -2.439547
    6.850000     -1.986952
    6.860000     -1.569617
    6.870000     -1.189544
    6.880000     -0.849580
    6.890000     -0.553570
    6.900000     -0.306681
    6.910000     -0.115128
    6.920000      0.014049
    6.930000      0.073634
    6.940000      0.056857
    6.950000     -0.041743
    6.960000     -0.225588
    6.970000     -0.495379
    6.980000     -0.848751
    6.990000     -1.279880
    7.000000     -1.779796
    7.010000     -2.336555
    7.020000     -2.936112
    7.030000     -3.562951
    7.040000     -4.201276
    7.050000     -4.835785
    7.060000     -5.452734
    7.070000     -6.040480
    7.080000     -6.590076
    7.090000     -7.095225
    7.100000     -7.552298
    7.110000     -7.959606
    7.120000     -8.316980
    7.130000     -8.624700
    7.140000     -8.882782
    7.150000     -9.090014
    7.160000     -9.243467
    7.170000     -9.338146
    7.180000     -9.366796
    7.190000     -9.320241
    7.200000     -9.187923
    7.210000     -8.958551
    7.220000     -8.621192
    7.230000     -8.165888
    7.240000     -7.584806
    7.250000     -6.872678
    7.260000     -6.027413
    7.270000     -5.050006
    7.280000     -3.944736
    7.290000     -2.718437
    7.300000     -1.380371
    7.310000      0.058798
    7.320000      1.587115
    7.330000      3.192325
    7.340000      4.861547
    7.350000      6.581999
    7.360000      8.340005
    7.370000     10.121468
    7.380000     11.910567
    7.390000     13.689902
    7.400000     15.439407
    7.410000     17.136861
    7.420000     18.757187
    7.430000     20.273526
    7.440000     21.657597
    7.450000     22.880955
    7.460000     23.916608
    7.470000     24.740255
    7.480000     25.332007
    7.490000     25.677440
    7.500000     25.769184
    7.510000     25.606885
    7.520000     25.198017
    7.530000     24.556865
    7.540000     23.703960
    7.550000     22.664944
    7.560000     21.468595
    7.570000     20.145640
    7.580000     18.726601
    7.590000     17.241014
    7.600000     15.715662
    7.610000     14.174455
    7.620000     12.637536
    7.630000     11.121839
    7.640000      9.641158
    7.650000      8.206979
    7.660000      6.828766
    7.670000      5.515051
    7.680000      4.273405
    7.690000      3.111078
    7.700000      2.034900
    7.710000      1.050744
    7.720000      0.163572
    7.730000     -0.623463
    7.740000     -1.309210
    7.750000     -1.895158
    7.760000     -2.385343
    7.770000     -2.786476
    7.780000     -3.107389
    7.790000     -3.358512
    7.800000     -3.551007
    7.810000     -3.695897
    7.820000     -3.803148
    7.830000     -3.881053
    7.840000     -3.935644
    7.850000     -3.970664
    7.860000     -3.987661
    7.870000     -3.986610
    7.880000     -3.966623
    7.890000     -3.926918
    7.900000     -3.867743
    7.910000     -3.791228
    7.920000     -3.701953
    7.930000     -3.607263
    7.940000     -3.517075
    7.950000     -3.443402
    7.960000     -3.399569
    7.970000     -3.399001
    7.980000     -3.454120
    7.990000     -3.575146
    8.000000     -3.769073
    8.010000     -4.039007
    8.020000     -4.383705
    8.030000     -4.797940
    8.040000     -5.272615
    8.050000     -5.795843
    8.060000     -6.353824
    8.070000     -6.932269
    8.080000     -7.517229
    8.090000     -8.096172
    8.100000     -8.658691
    8.110000     -9.196972
    8.120000     -9.705534
    8.130000    -10.181033
    8.140000    -10.621584
    8.150000    -11.026126
    8.160000    -11.393251
    8.170000    -11.720658
    8.180000    -12.004419
    8.190000    -12.238558
    8.200000    -12.415074
    8.210000    -12.524099
    8.220000    -12.554398
    8.230000    -12.494219
    8.240000    -12.332124
    8.250000    -12.057890
    8.260000    -11.663477
    8.270000    -11.143810
    8.280000    -10.497073
    8.290000     -9.725387
    8.300000     -8.834595
    8.310000     -7.834216
    8.320000     -6.736704
    8.330000     -5.557397
    8.340000     -4.313486
    8.350000     -3.023572
    8.360000     -1.706513
    8.370000     -0.381543
    8.380000      0.932651
    8.390000      2.218105
    8.400000      3.458262
    8.410000      4.637469
    8.420000      5.741394
    8.430000      6.756916
    8.440000      7.672417
    8.450000      8.477213
    8.460000      9.161800
    8.470000      9.717896
    8.480000     10.138429
    8.490000     10.417747
    8.500000     10.551636
    8.510000     10.537590
    8.520000     10.375255
    8.530000     10.066496
    8.540000      9.615711
    8.550000      9.030187
    8.560000      8.320201
    8.570000      7.498879
    8.580000      6.582420
    8.590000      5.589609
    8.600000      4.541590
    8.610000      3.460799
    8.620000      2.370841
    8.630000      1.295222
    8.640000      0.256674
    8.650000     -0.724145
    8.660000     -1.628819
    8.670000     -2.442188
    8.680000     -3.152554
    8.690000     -3.752106
    8.700000     -4.236341
    8.710000     -4.604030
    8.720000     -4.856470
    8.730000     -4.996871
    8.740000     -5.029650
    8.750000     -4.959713
    8.760000     -4.791981
    8.770000     -4.531175
    8.780000     -4.181761
    8.790000     -3.748209
    8.800000     -3.235542
    8.810000     -2.649980
    8.820000     -1.999400
    8.830000     -1.294345
    8.840000     -0.548190
    8.850000      0.222520
    8.860000      0.998546
    8.870000      1.758079
    8.880000      2.477886
    8.890000      3.134392
    8.900000      3.705204
    8.910000      4.170135
    8.920000      4.512632
    8.930000      4.720787
    8.940000      4.787942
    8.950000      4.712803
    8.960000      4.499283
    8.970000      4.155814
    8.980000      3.694384
    8.990000      3.129315
    9.000000      2.476169
    9.010000      1.750587
    9.020000      0.967475
    9.030000      0.140221
    9.040000     -0.719062
    9.050000     -1.599621
    9.060000     -2.491475
    9.070000     -3.384994
    9.080000     -4.269772
    9.090000     -5.134301
    9.100000     -5.965426
    9.110000     -6.748567
    9.120000     -7.467625
    9.130000     -8.105790
    9.140000     -8.646655
    9.150000     -9.075270
    9.160000     -9.379236
    9.170000     -9.549866
    9.180000     -9.583096
    9.190000     -9.479759
    9.200000     -9.245804
    9.210000     -8.891651
    9.220000     -8.431493
    9.230000     -7.882087
    9.240000     -7.261376
    9.250000     -6.587285
    9.260000     -5.876589
    9.270000     -5.144035
    9.280000     -4.401653
    9.290000     -3.659134
    9.300000     -2.923879
    9.310000     -2.201837
    9.320000     -1.498063
    9.330000     -0.818012
    9.340000     -0.168079
    9.350000      0.443830
    9.360000      1.008290
    9.370000      1.514299
    9.380000      1.950119
    9.390000      2.304090
    9.400000      2.565918
    9.410000      2.727546
    9.420000      2.784407
    9.430000      2.736129
    9.440000      2.586893
    9.450000      2.345421
    9.460000      2.024453
    9.470000      1.639980
    9.480000      1.209887
    9.490000      0.752936
    9.500000      0.287315
    9.510000     -0.170354
    9.520000     -0.605846
    9.530000     -1.007928
    9.540000     -1.368161
    9.550000     -1.680821
    9.560000     -1.942257
    9.570000     -2.150303
    9.580000     -2.303399
    9.590000     -2.400101
    9.600000     -2.438652
    9.610000     -2.416889
    9.620000     -2.332430
    9.630000     -2.183131
    9.640000     -1.967803
    9.650000     -1.686817
    9.660000     -1.342991
    9.670000     -0.941982
    9.680000     -0.492680
    9.690000     -0.006925
    9.700000      0.500603
    9.710000      1.013276
    9.720000      1.513416
    9.730000      1.983509
    9.740000      2.407079
    9.750000      2.769804
    9.760000      3.060235
    9.770000      3.270253
    9.780000      3.395280
    9.790000      3.433987
    9.800000      3.388051
    9.810000      3.261500
    9.820000      3.060219
    9.830000      2.791324
    9.840000      2.462880
    9.850000      2.083680
    9.860000      1.663078
    9.870000      1.211503
    9.880000      0.740521
    9.890000      0.263331
    9.900000     -0.205237
    9.910000     -0.648277
    9.920000     -1.047193
    9.930000     -1.382059
    9.940000     -1.632425
    9.950000     -1.778030
    9.960000     -1.800074
    9.970000     -1.682294
    9.980000     -1.411903
    9.990000     -0.980554
   10.000000     -0.384816
