    1.700000     -1.080124
    1.710000     -1.358596
    1.720000     -1.629338
    1.730000     -1.889736
    1.740000     -2.133338
    1.750000     -2.356379
    1.760000     -2.558064
    1.770000     -2.740514
    1.780000     -2.908392
    1.790000     -3.068234
    1.800000     -3.227605
    1.810000     -3.394143
    1.820000     -3.574629
    1.830000     -3.774180
    1.840000     -3.995644
    1.850000     -4.239270
    1.860000     -4.502670
    1.870000     -4.781070
    1.880000     -5.067796
    1.890000     -5.354936
    1.900000     -5.634085
    1.910000     -5.897085
    1.920000     -6.136676
    1.930000     -6.346985
    1.940000     -6.523819
    1.950000     -6.664747
    1.960000     -6.768971
    1.970000     -6.837057
    1.980000     -6.870539
    1.990000     -6.871508
    2.000000     -6.842213
    2.010000     -6.784753
    2.020000     -6.700885
    2.030000     -6.591979
    2.040000     -6.459089
    2.050000     -6.303145
    2.060000     -6.125198
    2.070000     -5.926686
    2.080000     -5.709656
    2.090000     -5.476914
    2.100000     -5.232053
    2.110000     -4.979375
    2.120000     -4.723680
    2.130000     -4.469980
    2.140000     -4.223153
    2.150000     -3.987593
    2.160000     -3.766901
    2.170000     -3.563657
    2.180000     -3.379306
    2.190000     -3.214157
    2.200000     -3.067521
    2.210000     -2.937923
    2.220000     -2.823396
    2.230000     -2.721796
    2.240000     -2.631091
    2.250000     -2.549598
    2.260000     -2.476138
    2.270000     -2.410084
    2.280000     -2.351311
    2.290000     -2.300062
    2.300000     -2.256771
    2.310000     -2.221835
    2.320000     -2.195429
    2.330000     -2.177353
    2.340000     -2.166945
    2.350000     -2.163091
    2.360000     -2.164296
    2.370000     -2.168828
    2.380000     -2.174898
    2.390000     -2.180843
    2.400000     -2.185292
    2.410000     -2.187266
    2.420000     -2.186212
    2.430000     -2.181966
    2.440000     -2.174621
    2.450000     -2.164352
    2.460000     -2.151198
    2.470000     -2.134837
    2.480000     -2.114390
    2.490000     -2.088278
    2.500000     -2.054119
    2.510000     -2.008690
    2.520000     -1.948000
    2.530000     -1.867308
    2.540000     -1.761206
    2.550000     -1.623700
    2.560000     -1.448181
    2.570000     -1.227441
    2.580000     -0.953608
    2.590000     -0.618061
    2.600000     -0.211369
    2.610000      0.276684
    2.620000      0.856975
    2.630000      1.540739
    2.640000      2.339050
    2.650000      3.262091
    2.660000      4.318197
    2.670000      5.512733
    2.680000      6.846886
    2.690000      8.316461
    2.700000      9.910809
    2.710000     11.612024
    2.720000     13.394535
    2.730000     15.225180
    2.740000     17.063850
    2.750000     18.864722
    2.760000     20.578028
    2.770000     22.152311
    2.780000     23.536989
    2.790000     24.685090
    2.800000     25.555923
    2.810000     26.117507
    2.820000     26.348515
    2.830000     26.239644
    2.840000     25.794210
    2.850000     25.027979
    2.860000     23.968217
    2.870000     22.652034
    2.880000     21.124169
    2.890000     19.434392
    2.900000     17.634724
    2.910000     15.776696
    2.920000     13.908846
    2.930000     12.074624
    2.940000     10.310825
    2.950000      8.646625
    2.960000      7.103228
    2.970000      5.694077
    2.980000      4.425543
    2.990000      3.297965
    3.000000      2.306910
    3.010000      1.444484
    3.020000      0.700604
    3.030000      0.064092
    3.040000     -0.476446
    3.050000     -0.932024
    3.060000     -1.312917
    3.070000     -1.628535
    3.080000     -1.887463
    3.090000     -2.097583
    3.100000     -2.266252
    3.110000     -2.400434
    3.120000     -2.506795
    3.130000     -2.591663
    3.140000     -2.660992
    3.150000     -2.720211
    3.160000     -2.774051
    3.170000     -2.826472
    3.180000     -2.880519
    3.190000     -2.938370
    3.200000     -3.001429
    3.210000     -3.070525
    3.220000     -3.146151
    3.230000     -3.228756
    3.240000     -3.319008
    3.250000     -3.417983
    3.260000     -3.527274
    3.270000     -3.648949
    3.280000     -3.785397
    3.290000     -3.939044
    3.300000     -4.111995
    3.310000     -4.305635
    3.320000     -4.520250
    3.330000     -4.754731
    3.340000     -5.006399
    3.350000     -5.270992
    3.360000     -5.542818
    3.370000     -5.815073
    3.380000     -6.080285
    3.390000     -6.330834
    3.400000     -6.559493
    3.410000     -6.759915
    3.420000     -6.927027
    3.430000     -7.057266
    3.440000     -7.148662
    3.450000     -7.200749
    3.460000     -7.214339
    3.470000     -7.191202
    3.480000     -7.133712
    3.490000     -7.044508
    3.500000     -6.926234
    3.510000     -6.781400
    3.520000     -6.612354
    3.530000     -6.421396
    3.540000     -6.210974
    3.550000     -5.983930
    3.560000     -5.743729
    3.570000     -5.494605
    3.580000     -5.241586
    3.590000     -4.990352
    3.600000     -4.746919
    3.610000     -4.517196
    3.620000     -4.306406
    3.630000     -4.118534
    3.640000     -3.955789
    3.650000     -3.818233
    3.660000     -3.703623
    3.670000     -3.607512
    3.680000     -3.523619
    3.690000     -3.444443
    3.700000     -3.362083
    3.710000     -3.269062
    3.720000     -3.159224
    3.730000     -3.028471
    3.740000     -2.875141
    3.750000     -2.699616
    3.760000     -2.504384
    3.770000     -2.293440
    3.780000     -2.071368
    3.790000     -1.842311
    3.800000     -1.608831
    3.810000     -1.370999
    3.820000     -1.125706
    3.830000     -0.866454
    3.840000     -0.583641
    3.850000     -0.265400
    3.860000      0.101086
    3.870000      0.527872
    3.880000      1.024362
    3.890000      1.595428
    3.900000      2.239811
    3.910000      2.948977
    3.920000      3.706651
    3.930000      4.489096
    3.940000      5.266235
    3.950000      6.003532
    3.960000      6.664512
    3.970000      7.213652
    3.980000      7.619358
    3.990000      7.856755
    4.000000      7.909978
    4.010000      7.773713
    4.020000      7.453775
    4.030000      6.966635
    4.040000      6.337947
    4.050000      5.600277
    4.060000      4.790270
    4.070000      3.945539
    4.080000      3.101579
    4.090000      2.289030
    4.100000      1.531569
    4.110000      0.844603
    4.120000      0.234887
    4.130000     -0.299021
    4.140000     -0.765505
    4.150000     -1.178069
    4.160000     -1.553159
    4.170000     -1.907879
    4.180000     -2.257967
    4.190000     -2.616101
    4.200000     -2.990869
    4.210000     -3.386341
    4.220000     -3.802290
    4.230000     -4.234999
    4.240000     -4.678415
    4.250000     -5.125542
    4.260000     -5.569787
    4.270000     -6.006096
    4.280000     -6.431730
    4.290000     -6.846569
    4.300000     -7.252940
    4.310000     -7.654986
    4.320000     -8.057768
    4.330000     -8.466109
    4.340000     -8.883529
    4.350000     -9.311285
    4.360000     -9.747752
    4.370000    -10.188192
    4.380000    -10.624958
    4.390000    -11.048090
    4.400000    -11.446224
    4.410000    -11.807700
    4.420000    -12.121664
    4.430000    -12.379101
    4.440000    -12.573575
    4.450000    -12.701654
    4.460000    -12.762948
    4.470000    -12.759784
    4.480000    -12.696581
    4.490000    -12.579029
    4.500000    -12.413194
    4.510000    -12.204714
    4.520000    -11.958110
    4.530000    -11.676424
    4.540000    -11.361081
    4.550000    -11.012100
    4.560000    -10.628455
    4.570000    -10.208648
    4.580000     -9.751221
    4.590000     -9.255197
    4.600000     -8.720489
    4.610000     -8.147677
    4.620000     -7.538018
    4.630000     -6.892716
    4.640000     -6.212346
    4.650000     -5.496112
    4.660000     -4.741118
    4.670000     -3.941911
    4.680000     -3.090257
    4.690000     -2.175365
    4.700000     -1.184479
    4.710000     -0.103914
    4.720000      1.079608
    4.730000      2.377390
    4.740000      3.797121
    4.750000      5.341365
    4.760000      7.006261
    4.770000      8.780647
    4.780000     10.645641
    4.790000     12.574834
    4.800000     14.534943
    4.810000     16.487050
    4.820000     18.388187
    4.830000     20.193238
    4.840000     21.856975
    4.850000     23.336125
    4.860000     24.591282
    4.870000     25.588623
    4.880000     26.301285
    4.890000     26.710403
    4.900000     26.805754
    4.910000     26.586031
    4.920000     26.058749
    4.930000     25.239836
    4.940000     24.152917
    4.950000     22.828356
    4.960000     21.302083
    4.970000     19.614228
    4.980000     17.807629
    4.990000     15.926236
    5.000000     14.013487
    5.010000     12.110694
    5.020000     10.255558
    5.030000      8.480835
    5.040000      6.813306
    5.050000      5.273044
    5.060000      3.873114
    5.070000      2.619664
    5.080000      1.512448
    5.090000      0.545717
    5.100000     -0.290596
    5.110000     -1.009495
    5.120000     -1.625484
    5.130000     -2.153214
    5.140000     -2.606298
    5.150000     -2.996460
    5.160000     -3.333011
    5.170000     -3.622745
    5.180000     -3.870155
    5.190000     -4.077986
    5.200000     -4.247935
    5.210000     -4.381385
    5.220000     -4.480213
    5.230000     -4.547202
    5.240000     -4.586423
    5.250000     -4.603135
    5.260000     -4.603473
    5.270000     -4.593887
    5.280000     -4.580398
    5.290000     -4.567858
    5.300000     -4.559249
    5.310000     -4.555232
    5.320000     -4.553950
    5.330000     -4.551189
    5.340000     -4.540854
    5.350000     -4.515714
    5.360000     -4.468349
    5.370000     -4.392082
    5.380000     -4.281881
    5.390000     -4.134960
    5.400000     -3.951076
    5.410000     -3.732416
    5.420000     -3.483078
    5.430000     -3.208206
    5.440000     -2.912895
    5.450000     -2.601021
    5.460000     -2.274165
    5.470000     -1.930816
    5.480000     -1.566006
    5.490000     -1.171455
    5.500000     -0.736301
    5.510000     -0.248338
    5.520000      0.304321
    5.530000      0.931344
    5.540000      1.638247
    5.550000      2.424679
    5.560000      3.283131
    5.570000      4.198275
    5.580000      5.147039
    5.590000      6.099484
    5.600000      7.020421
    5.610000      7.871651
    5.620000      8.614624
    5.630000      9.213271
    5.640000      9.636728
    5.650000      9.861681
    5.660000      9.874119
    5.670000      9.670304
    5.680000      9.256889
    5.690000      8.650183
    5.700000      7.874643
    5.710000      6.960775
    5.720000      5.942648
    5.730000      4.855285
    5.740000      3.732171
    5.750000      2.603108
    5.760000      1.492625
    5.770000      0.418972
    5.780000     -0.606174
    5.790000     -1.577357
    5.800000     -2.494458
    5.810000     -3.361410
    5.820000     -4.184693
    5.830000     -4.971794
    5.840000     -5.729804
    5.850000     -6.464279
    5.860000     -7.178472
    5.870000     -7.872953
    5.880000     -8.545629
    5.890000     -9.192097
    5.900000     -9.806239
    5.910000    -10.380952
    5.920000    -10.908916
    5.930000    -11.383277
    5.940000    -11.798185
    5.950000    -12.149132
    5.960000    -12.433068
    5.970000    -12.648324
    5.980000    -12.794357
    5.990000    -12.871402
    6.000000    -12.880059
    6.010000    -12.820911
    6.020000    -12.694182
    6.030000    -12.499522
    6.040000    -12.235869
    6.050000    -11.901460
    6.060000    -11.493907
    6.070000    -11.010372
    6.080000    -10.447769
    6.090000     -9.803002
    6.100000     -9.073187
    6.110000     -8.255885
    6.120000     -7.349309
    6.130000     -6.352542
    6.140000     -5.265759
    6.150000     -4.090475
    6.160000     -2.829830
    6.170000     -1.488894
    6.180000     -0.075000
    6.190000      1.401934
    6.200000      2.929123
    6.210000      4.490715
    6.220000      6.067731
    6.230000      7.638159
    6.240000      9.177270
    6.250000     10.658142
    6.260000     12.052413
    6.270000     13.331222
    6.280000     14.466303
    6.290000     15.431169
    6.300000     16.202303
    6.310000     16.760289
    6.320000     17.090779
    6.330000     17.185240
    6.340000     17.041426
    6.350000     16.663517
    6.360000     16.061937
    6.370000     15.252849
    6.380000     14.257363
    6.390000     13.100523
    6.400000     11.810137
    6.410000     10.415531
    6.420000      8.946319
    6.430000      7.431248
    6.440000      5.897205
    6.450000      4.368430
    6.460000      2.865957
    6.470000      1.407317
    6.480000      0.006474
    6.490000     -1.326009
    6.500000     -2.582632
    6.510000     -3.758485
    6.520000     -4.850697
    6.530000     -5.857866
    6.540000     -6.779517
    6.550000     -7.615634
    6.560000     -8.366298
    6.570000     -9.031458
    6.580000     -9.610826
    6.590000    -10.103908
    6.600000    -10.510144
    6.610000    -10.829118
    6.620000    -11.060827
    6.630000    -11.205947
    6.640000    -11.266068
    6.650000    -11.243866
    6.660000    -11.143184
    6.670000    -10.969003
    6.680000    -10.727308
    6.690000    -10.424847
    6.700000    -10.068815
    6.710000     -9.666494
    6.720000     -9.224874
    6.730000     -8.750323
    6.740000     -8.248316
    6.750000     -7.723287
    6.760000     -7.178606
    6.770000     -6.616708
    6.780000     -6.039358
    6.790000     -5.448043
    6.800000     -4.844440
    6.810000     -4.230932
    6.820000     -3.611089
    6.830000     -2.990092
    6.840000     -2.375000
    6.850000     -1.774867
    6.860000     -1.200625
    6.870000     -0.664777
    6.880000     -0.180863
    6.890000      0.237235
    6.900000      0.576110
    6.910000      0.823699
    6.920000      0.970140
    6.930000      1.008508
    6.940000      0.935406
    6.950000      0.751303
    6.960000      0.460625
    6.970000      0.071557
    6.980000     -0.404416
    6.990000     -0.953198
    7.000000     -1.558938
    7.010000     -2.204975
    7.020000     -2.874795
    7.030000     -3.552911
    7.040000     -4.225585
    7.050000     -4.881349
    7.060000     -5.511267
    7.070000     -6.108948
    7.080000     -6.670310
    7.090000     -7.193134
    7.100000     -7.676482
    7.110000     -8.120024
    7.120000     -8.523373
    7.130000     -8.885479
    7.140000     -9.204151
    7.150000     -9.475741
    7.160000     -9.695013
    7.170000     -9.855189
    7.180000     -9.948156
    7.190000     -9.964777
    7.200000     -9.895281
    7.210000     -9.729662
    7.220000     -9.458044
    7.230000     -9.070997
    7.240000     -8.559757
    7.250000     -7.916384
    7.260000     -7.133858
    7.270000     -6.206158
    7.280000     -5.128364
    7.290000     -3.896834
    7.300000     -2.509477
    7.310000     -0.966168
    7.320000      0.730721
    7.330000      2.575674
    7.340000      4.559333
    7.350000      6.667810
    7.360000      8.882100
    7.370000     11.177681
    7.380000     13.524389
    7.390000     15.886642
    7.400000     18.224054
    7.410000     20.492448
    7.420000     22.645255
    7.430000     24.635218
    7.440000     26.416318
    7.450000     27.945795
    7.460000     29.186118
    7.470000     30.106779
    7.480000     30.685761
    7.490000     30.910593
    7.500000     30.778900
    7.510000     30.298428
    7.520000     29.486547
    7.530000     28.369272
    7.540000     26.979903
    7.550000     25.357375
    7.560000     23.544451
    7.570000     21.585883
    7.580000     19.526643
    7.590000     17.410348
    7.600000     15.277925
    7.610000     13.166567
    7.620000     11.109000
    7.630000      9.133043
    7.640000      7.261426
    7.650000      5.511827
    7.660000      3.897068
    7.670000      2.425437
    7.680000      1.101077
    7.690000     -0.075580
    7.700000     -1.107350
    7.710000     -1.999823
    7.720000     -2.760871
    7.730000     -3.400142
    7.740000     -3.928533
    7.750000     -4.357656
    7.760000     -4.699297
    7.770000     -4.964884
    7.780000     -5.165068
    7.790000     -5.309282
    7.800000     -5.405478
    7.810000     -5.459982
    7.820000     -5.477512
    7.830000     -5.461343
    7.840000     -5.413625
    7.850000     -5.335812
    7.860000     -5.229173
    7.870000     -5.095316
    7.880000     -4.936688
    7.890000     -4.756983
    7.900000     -4.561411
    7.910000     -4.356814
    7.920000     -4.151590
    7.930000     -3.955443
    7.940000     -3.778986
    7.950000     -3.633218
    7.960000     -3.528944
    7.970000     -3.476179
    7.980000     -3.483595
    7.990000     -3.557859
    8.000000     -3.703617
    8.010000     -3.923288
    8.020000     -4.216901
    8.030000     -4.582172
    8.040000     -5.014675
    8.050000     -5.508116
    8.060000     -6.054652
    8.070000     -6.645238
    8.080000     -7.269968
    8.090000     -7.918388
    8.100000     -8.579773
    8.110000     -9.243352
    8.120000     -9.898477
    8.130000    -10.534767
    8.140000    -11.142183
    8.150000    -11.711100
    8.160000    -12.232327
    8.170000    -12.697122
    8.180000    -13.097178
    8.190000    -13.424599
    8.200000    -13.671850
    8.210000    -13.831712
    8.220000    -13.897228
    8.230000    -13.861662
    8.240000    -13.718488
    8.250000    -13.461419
    8.260000    -13.084509
    8.270000    -12.582322
    8.280000    -11.950200
    8.290000    -11.184610
    8.300000    -10.283574
    8.310000     -9.247148
    8.320000     -8.077928
    8.330000     -6.781537
    8.340000     -5.367035
    8.350000     -3.847227
    8.360000     -2.238803
    8.370000     -0.562292
    8.380000      1.158198
    8.390000      2.895452
    8.400000      4.619820
    8.410000      6.300060
    8.420000      7.904308
    8.430000      9.401116
    8.440000     10.760502
    8.450000     11.954960
    8.460000     12.960373
    8.470000     13.756784
    8.480000     14.329010
    8.490000     14.667063
    8.500000     14.766392
    8.510000     14.627946
    8.520000     14.258067
    8.530000     13.668237
    8.540000     12.874696
    8.550000     11.897950
    8.560000     10.762170
    8.570000      9.494520
    8.580000      8.124398
    8.590000      6.682621
    8.600000      5.200567
    8.610000      3.709288
    8.620000      2.238642
    8.630000      0.816458
    8.640000     -0.532202
    8.650000     -1.785657
    8.660000     -2.926048
    8.670000     -3.939573
    8.680000     -4.816505
    8.690000     -5.550980
    8.700000     -6.140588
    8.710000     -6.585790
    8.720000     -6.889238
    8.730000     -7.055054
    8.740000     -7.088153
    8.750000     -6.993681
    8.760000     -6.776642
    8.770000     -6.441749
    8.780000     -5.992932
    8.790000     -5.435228
    8.800000     -4.774103
    8.810000     -4.016415
    8.820000     -3.171134
    8.830000     -2.249993
    8.840000     -1.268016
    8.850000     -0.243798
    8.860000      0.800492
    8.870000      1.839448
    8.880000      2.845101
    8.890000      3.787903
    8.900000      4.637952
    8.910000      5.366390
    8.920000      5.946850
    8.930000      6.356858
    8.940000      6.579061
    8.950000      6.602198
    8.960000      6.421740
    8.970000      6.040139
    8.980000      5.466687
    8.990000      4.716998
    9.000000      3.812147
    9.010000      2.777565
    9.020000      1.641745
    9.030000      0.434886
    9.040000     -0.812458
    9.050000     -2.070609
    9.060000     -3.311828
    9.070000     -4.511134
    9.080000     -5.646870
    9.090000     -6.700988
    9.100000     -7.659093
    9.110000     -8.510238
    9.120000     -9.246575
    9.130000     -9.862863
    9.140000    -10.355936
    9.150000    -10.724170
    9.160000    -10.967016
    9.170000    -11.084636
    9.180000    -11.077683
    9.190000    -10.947233
    9.200000    -10.694870
    9.210000    -10.322918
    9.220000     -9.834767
    9.230000     -9.235274
    9.240000     -8.531164
    9.250000     -7.731394
    9.260000     -6.847408
    9.270000     -5.893264
    9.280000     -4.885560
    9.290000     -3.843178
    9.300000     -2.786830
    9.310000     -1.738415
    9.320000     -0.720252
    9.330000      0.245781
    9.340000      1.139128
    9.350000      1.941388
    9.360000      2.637047
    9.370000      3.214040
    9.380000      3.664118
    9.390000      3.982987
    9.400000      4.170244
    9.410000      4.229108
    9.420000      4.166000
    9.430000      3.990023
    9.440000      3.712394
    9.450000      3.345890
    9.460000      2.904338
    9.470000      2.402199
    9.480000      1.854244
    9.490000      1.275327
    9.500000      0.680229
    9.510000      0.083543
    9.520000     -0.500430
    9.530000     -1.057816
    9.540000     -1.575351
    9.550000     -2.040626
    9.560000     -2.442387
    9.570000     -2.770866
    9.580000     -3.018110
    9.590000     -3.178267
    9.600000     -3.247785
    9.610000     -3.225486
    9.620000     -3.112505
    9.630000     -2.912090
    9.640000     -2.629294
    9.650000     -2.270586
    9.660000     -1.843465
    9.670000     -1.356112
    9.680000     -0.817170
    9.690000     -0.235669
    9.700000      0.378870
    9.710000      1.016168
    9.720000      1.664808
    9.730000      2.311816
    9.740000      2.942304
    9.750000      3.539289
    9.760000      4.083775
    9.770000      4.555200
    9.780000      4.932265
    9.790000      5.194951
    9.800000      5.323358
    9.810000      5.302381
    9.820000      5.122428
    9.830000      4.780985
    9.840000      4.283830
    9.850000      3.645656
    9.860000      2.890030
    9.870000      2.048552
    9.880000      1.159260
    9.890000      0.264334
    9.900000     -0.592679
    9.910000     -1.370039
    9.920000     -2.030784
    9.930000     -2.545667
    9.940000     -2.895275
    9.950000     -3.071510
    9.960000     -3.078048
    9.970000     -2.929792
    9.980000     -2.651334
    9.990000     -2.274641
   10.000000     -1.830587
