    1.700000     -1.023577
    1.710000     -1.288780
    1.720000     -1.546193
    1.730000     -1.793057
    1.740000     -2.023019
    1.750000     -2.232374
    1.760000     -2.420331
    1.770000     -2.588962
    1.780000     -2.742826
    1.790000     -2.888324
    1.800000     -3.032849
    1.810000     -3.183859
    1.820000     -3.347957
    1.830000     -3.530118
    1.840000     -3.733097
    1.850000     -3.957140
    1.860000     -4.199959
    1.870000     -4.456996
    1.880000     -4.721921
    1.890000     -4.987285
    1.900000     -5.245249
    1.910000     -5.488290
    1.920000     -5.709818
    1.930000     -5.904616
    1.940000     -6.069086
    1.950000     -6.201284
    1.960000     -6.300761
    1.970000     -6.368259
    1.980000     -6.405310
    1.990000     -6.413829
    2.000000     -6.395734
    2.010000     -6.352672
    2.020000     -6.285867
    2.030000     -6.196114
    2.040000     -6.083895
    2.050000     -5.949607
    2.060000     -5.793828
    2.070000     -5.617598
    2.080000     -5.422642
    2.090000     -5.211508
    2.100000     -4.987587
    2.110000     -4.755006
    2.120000     -4.518410
    2.130000     -4.282655
    2.140000     -4.052458
    2.150000     -3.832050
    2.160000     -3.624875
    2.170000     -3.433377
    2.180000     -3.258904
    2.190000     -3.101729
    2.200000     -2.961184
    2.210000     -2.835897
    2.220000     -2.724070
    2.230000     -2.623785
    2.240000     -2.533280
    2.250000     -2.451158
    2.260000     -2.376515
    2.270000     -2.308970
    2.280000     -2.248596
    2.290000     -2.195787
    2.300000     -2.151049
    2.310000     -2.114816
    2.320000     -2.087237
    2.330000     -2.068057
    2.340000     -2.056542
    2.350000     -2.051478
    2.360000     -2.051262
    2.370000     -2.054032
    2.380000     -2.057843
    2.390000     -2.060844
    2.400000     -2.061424
    2.410000     -2.058317
    2.420000     -2.050626
    2.430000     -2.037783
    2.440000     -2.019429
    2.450000     -1.995273
    2.460000     -1.964825
    2.470000     -1.927283
    2.480000     -1.881225
    2.490000     -1.824557
    2.500000     -1.754359
    2.510000     -1.666889
    2.520000     -1.557623
    2.530000     -1.421345
    2.540000     -1.252267
    2.550000     -1.044314
    2.560000     -0.791094
    2.570000     -0.486309
    2.580000     -0.123710
    2.590000      0.302633
    2.600000      0.798205
    2.610000      1.367880
    2.620000      2.015743
    2.630000      2.744832
    2.640000      3.556927
    2.650000      4.452153
    2.660000      5.428741
    2.670000      6.482589
    2.680000      7.606994
    2.690000      8.792356
    2.700000     10.026021
    2.710000     11.292245
    2.720000     12.572337
    2.730000     13.844989
    2.740000     15.086788
    2.750000     16.272919
    2.760000     17.378004
    2.770000     18.377058
    2.780000     19.246475
    2.790000     19.965018
    2.800000     20.514720
    2.810000     20.881656
    2.820000     21.056515
    2.830000     21.034986
    2.840000     20.817873
    2.850000     20.410998
    2.860000     19.824877
    2.870000     19.074199
    2.880000     18.177167
    2.890000     17.154725
    2.900000     16.029729
    2.910000     14.826113
    2.920000     13.568069
    2.930000     12.279302
    2.940000     10.982364
    2.950000      9.698089
    2.960000      8.445137
    2.970000      7.239662
    2.980000      6.095078
    2.990000      5.021942
    3.000000      4.027941
    3.010000      3.117961
    3.020000      2.294275
    3.030000      1.556734
    3.040000      0.903135
    3.050000      0.329484
    3.060000     -0.169551
    3.070000     -0.600302
    3.080000     -0.969694
    3.090000     -1.284894
    3.100000     -1.553003
    3.110000     -1.780823
    3.120000     -1.974590
    3.130000     -2.140032
    3.140000     -2.282127
    3.150000     -2.405314
    3.160000     -2.513442
    3.170000     -2.609914
    3.180000     -2.697795
    3.190000     -2.779929
    3.200000     -2.859013
    3.210000     -2.937680
    3.220000     -3.018466
    3.230000     -3.103858
    3.240000     -3.196160
    3.250000     -3.297463
    3.260000     -3.409521
    3.270000     -3.533660
    3.280000     -3.670692
    3.290000     -3.820862
    3.300000     -3.983813
    3.310000     -4.158589
    3.320000     -4.343670
    3.330000     -4.537027
    3.340000     -4.736202
    3.350000     -4.938393
    3.360000     -5.140550
    3.370000     -5.339455
    3.380000     -5.531810
    3.390000     -5.714304
    3.400000     -5.883686
    3.410000     -6.036827
    3.420000     -6.170784
    3.430000     -6.282874
    3.440000     -6.370746
    3.450000     -6.432465
    3.460000     -6.466593
    3.470000     -6.472268
    3.480000     -6.449271
    3.490000     -6.398069
    3.500000     -6.319832
    3.510000     -6.216411
    3.520000     -6.090284
    3.530000     -5.944458
    3.540000     -5.782338
    3.550000     -5.607576
    3.560000     -5.423895
    3.570000     -5.234924
    3.580000     -5.044030
    3.590000     -4.854188
    3.600000     -4.667871
    3.610000     -4.486988
    3.620000     -4.312856
    3.630000     -4.146207
    3.640000     -3.987228
    3.650000     -3.835621
    3.660000     -3.690668
    3.670000     -3.551309
    3.680000     -3.416198
    3.690000     -3.283759
    3.700000     -3.152212
    3.710000     -3.019588
    3.720000     -2.883758
    3.730000     -2.742366
    3.740000     -2.592815
    3.750000     -2.432401
    3.760000     -2.258328
    3.770000     -2.067785
    3.780000     -1.858055
    3.790000     -1.626616
    3.800000     -1.371281
    3.810000     -1.090328
    3.820000     -0.782653
    3.830000     -0.447893
    3.840000     -0.086553
    3.850000      0.299896
    3.860000      0.708951
    3.870000      1.137026
    3.880000      1.579461
    3.890000      2.030545
    3.900000      2.483610
    3.910000      2.931152
    3.920000      3.365004
    3.930000      3.776561
    3.940000      4.157028
    3.950000      4.497720
    3.960000      4.790379
    3.970000      5.027484
    3.980000      5.202588
    3.990000      5.310584
    4.000000      5.347957
    4.010000      5.312999
    4.020000      5.205842
    4.030000      5.028551
    4.040000      4.784962
    4.050000      4.480551
    4.060000      4.122164
    4.070000      3.717674
    4.080000      3.275615
    4.090000      2.804766
    4.100000      2.313760
    4.110000      1.810712
    4.120000      1.302908
    4.130000      0.796562
    4.140000      0.296654
    4.150000     -0.193143
    4.160000     -0.670453
    4.170000     -1.134108
    4.180000     -1.584010
    4.190000     -2.020939
    4.200000     -2.446351
    4.210000     -2.862164
    4.220000     -3.270560
    4.230000     -3.673805
    4.240000     -4.074097
    4.250000     -4.473450
    4.260000     -4.873597
    4.270000     -5.275928
    4.280000     -5.681439
    4.290000     -6.090676
    4.300000     -6.503718
    4.310000     -6.920132
    4.320000     -7.338942
    4.330000     -7.758617
    4.340000     -8.177035
    4.350000     -8.591491
    4.360000     -8.998719
    4.370000     -9.394942
    4.380000     -9.775950
    4.390000    -10.137200
    4.400000    -10.473954
    4.410000    -10.781434
    4.420000    -11.054971
    4.430000    -11.290181
    4.440000    -11.483100
    4.450000    -11.630319
    4.460000    -11.729079
    4.470000    -11.777341
    4.480000    -11.773805
    4.490000    -11.717905
    4.500000    -11.609761
    4.510000    -11.450102
    4.520000    -11.240175
    4.530000    -10.981622
    4.540000    -10.676363
    4.550000    -10.326440
    4.560000     -9.933898
    4.570000     -9.500628
    4.580000     -9.028248
    4.590000     -8.517978
    4.600000     -7.970531
    4.610000     -7.385997
    4.620000     -6.763813
    4.630000     -6.102756
    4.640000     -5.400861
    4.650000     -4.655625
    4.660000     -3.863983
    4.670000     -3.022580
    4.680000     -2.127994
    4.690000     -1.177034
    4.700000     -0.167075
    4.710000      0.903560
    4.720000      2.035214
    4.730000      3.226537
    4.740000      4.474134
    4.750000      5.772324
    4.760000      7.112928
    4.770000      8.485205
    4.780000      9.875873
    4.790000     11.269268
    4.800000     12.647630
    4.810000     13.991501
    4.820000     15.280229
    4.830000     16.492564
    4.840000     17.607303
    4.850000     18.603986
    4.860000     19.463583
    4.870000     20.169163
    4.880000     20.706505
    4.890000     21.064628
    4.900000     21.236208
    4.910000     21.217868
    4.920000     21.010339
    4.930000     20.618448
    4.940000     20.050985
    4.950000     19.320399
    4.960000     18.442364
    4.970000     17.435280
    4.980000     16.319604
    4.990000     15.117213
    5.000000     13.850674
    5.010000     12.542534
    5.020000     11.214676
    5.030000      9.887702
    5.040000      8.580434
    5.050000      7.309497
    5.060000      6.089046
    5.070000      4.930597
    5.080000      3.842986
    5.090000      2.832440
    5.100000      1.902734
    5.110000      1.055429
    5.120000      0.290150
    5.130000     -0.395084
    5.140000     -1.003552
    5.150000     -1.539502
    5.160000     -2.007864
    5.170000     -2.413992
    5.180000     -2.763446
    5.190000     -3.061793
    5.200000     -3.314473
    5.210000     -3.526687
    5.220000     -3.703284
    5.230000     -3.848718
    5.240000     -3.966970
    5.250000     -4.061512
    5.260000     -4.135286
    5.270000     -4.190683
    5.280000     -4.229546
    5.290000     -4.253179
    5.300000     -4.262378
    5.310000     -4.257470
    5.320000     -4.238368
    5.330000     -4.204627
    5.340000     -4.155506
    5.350000     -4.090024
    5.360000     -4.007011
    5.370000     -3.905154
    5.380000     -3.783021
    5.390000     -3.639087
    5.400000     -3.471741
    5.410000     -3.279309
    5.420000     -3.060067
    5.430000     -2.812282
    5.440000     -2.534268
    5.450000     -2.224477
    5.460000     -1.881608
    5.470000     -1.504751
    5.480000     -1.093556
    5.490000     -0.648398
    5.500000     -0.170566
    5.510000      0.337587
    5.520000      0.872510
    5.530000      1.429368
    5.540000      2.002024
    5.550000      2.583061
    5.560000      3.163908
    5.570000      3.735002
    5.580000      4.286032
    5.590000      4.806231
    5.600000      5.284702
    5.610000      5.710769
    5.620000      6.074329
    5.630000      6.366195
    5.640000      6.578403
    5.650000      6.704476
    5.660000      6.739638
    5.670000      6.680953
    5.680000      6.527405
    5.690000      6.279906
    5.700000      5.941226
    5.710000      5.515873
    5.720000      5.009904
    5.730000      4.430694
    5.740000      3.786667
    5.750000      3.087001
    5.760000      2.341333
    5.770000      1.559451
    5.780000      0.751019
    5.790000     -0.074671
    5.800000     -0.908901
    5.810000     -1.743682
    5.820000     -2.571843
    5.830000     -3.387066
    5.840000     -4.183864
    5.850000     -4.957508
    5.860000     -5.703914
    5.870000     -6.419506
    5.880000     -7.101069
    5.890000     -7.745606
    5.900000     -8.350208
    5.910000     -8.911965
    5.920000     -9.427898
    5.930000     -9.894944
    5.940000    -10.309969
    5.950000    -10.669818
    5.960000    -10.971382
    5.970000    -11.211682
    5.980000    -11.387946
    5.990000    -11.497681
    6.000000    -11.538720
    6.010000    -11.509251
    6.020000    -11.407812
    6.030000    -11.233287
    6.040000    -10.984857
    6.050000    -10.661986
    6.060000    -10.264374
    6.070000     -9.791968
    6.080000     -9.244962
    6.090000     -8.623863
    6.100000     -7.929560
    6.110000     -7.163450
    6.120000     -6.327568
    6.130000     -5.424741
    6.140000     -4.458745
    6.150000     -3.434447
    6.160000     -2.357924
    6.170000     -1.236549
    6.180000     -0.079031
    6.190000      1.104595
    6.200000      2.303028
    6.210000      3.503819
    6.220000      4.693533
    6.230000      5.857963
    6.240000      6.982383
    6.250000      8.051827
    6.260000      9.051407
    6.270000      9.966638
    6.280000     10.783783
    6.290000     11.490190
    6.300000     12.074634
    6.310000     12.527624
    6.320000     12.841696
    6.330000     13.011651
    6.340000     13.034741
    6.350000     12.910786
    6.360000     12.642215
    6.370000     12.234020
    6.380000     11.693626
    6.390000     11.030674
    6.400000     10.256728
    6.410000      9.384923
    6.420000      8.429565
    6.430000      7.405707
    6.440000      6.328733
    6.450000      5.213948
    6.460000      4.076229
    6.470000      2.929718
    6.480000      1.787594
    6.490000      0.661914
    6.500000     -0.436479
    6.510000     -1.497979
    6.520000     -2.514193
    6.530000     -3.477879
    6.540000     -4.382866
    6.550000     -5.223965
    6.560000     -5.996888
    6.570000     -6.698180
    6.580000     -7.325166
    6.590000     -7.875924
    6.600000     -8.349259
    6.610000     -8.744696
    6.620000     -9.062465
    6.630000     -9.303484
    6.640000     -9.469325
    6.650000     -9.562169
    6.660000     -9.584744
    6.670000     -9.540256
    6.680000     -9.432308
    6.690000     -9.264823
    6.700000     -9.041977
    6.710000     -8.768145
    6.720000     -8.447861
    6.730000     -8.085802
    6.740000     -7.686791
    6.750000     -7.255809
    6.760000     -6.798016
    6.770000     -6.318774
    6.780000     -5.823659
    6.790000     -5.318461
    6.800000     -4.809161
    6.810000     -4.301895
    6.820000     -3.802890
    6.830000     -3.318387
    6.840000     -2.854547
    6.850000     -2.417362
    6.860000     -2.012552
    6.870000     -1.645475
    6.880000     -1.321044
    6.890000     -1.043654
    6.900000     -0.817119
    6.910000     -0.644615
    6.920000     -0.528636
    6.930000     -0.470949
    6.940000     -0.472548
    6.950000     -0.533619
    6.960000     -0.653502
    6.970000     -0.830661
    6.980000     -1.062670
    6.990000     -1.346209
    7.000000     -1.677091
    7.010000     -2.050311
    7.020000     -2.460124
    7.030000     -2.900149
    7.040000     -3.363501
    7.050000     -3.842929
    7.060000     -4.330968
    7.070000     -4.820080
    7.080000     -5.302786
    7.090000     -5.771758
    7.100000     -6.219892
    7.110000     -6.640335
    7.120000     -7.026483
    7.130000     -7.371941
    7.140000     -7.670472
    7.150000     -7.915926
    7.160000     -8.102175
    7.170000     -8.223070
    7.180000     -8.272414
    7.190000     -8.243980
    7.200000     -8.131562
    7.210000     -7.929073
    7.220000     -7.630672
    7.230000     -7.230941
    7.240000     -6.725062
    7.250000     -6.109036
    7.260000     -5.379888
    7.270000     -4.535886
    7.280000     -3.576741
    7.290000     -2.503800
    7.300000     -1.320221
    7.310000     -0.031122
    7.320000      1.356293
    7.330000      2.832638
    7.340000      4.386295
    7.350000      6.003399
    7.360000      7.667893
    7.370000      9.361639
    7.380000     11.064612
    7.390000     12.755175
    7.400000     14.410442
    7.410000     16.006728
    7.420000     17.520072
    7.430000     18.926835
    7.440000     20.204325
    7.450000     21.331450
    7.460000     22.289352
    7.470000     23.061998
    7.480000     23.636691
    7.490000     24.004482
    7.500000     24.160448
    7.510000     24.103843
    7.520000     23.838088
    7.530000     23.370627
    7.540000     22.712648
    7.550000     21.878685
    7.560000     20.886133
    7.570000     19.754688
    7.580000     18.505755
    7.590000     17.161836
    7.600000     15.745930
    7.610000     14.280958
    7.620000     12.789242
    7.630000     11.292026
    7.640000      9.809079
    7.650000      8.358356
    7.660000      6.955739
    7.670000      5.614851
    7.680000      4.346943
    7.690000      3.160861
    7.700000      2.063069
    7.710000      1.057757
    7.720000      0.146993
    7.730000     -0.669069
    7.740000     -1.391938
    7.750000     -2.024513
    7.760000     -2.570800
    7.770000     -3.035617
    7.780000     -3.424362
    7.790000     -3.742758
    7.800000     -3.996673
    7.810000     -4.191983
    7.820000     -4.334485
    7.830000     -4.429862
    7.840000     -4.483682
    7.850000     -4.501434
    7.860000     -4.488580
    7.870000     -4.450603
    7.880000     -4.393061
    7.890000     -4.321604
    7.900000     -4.241979
    7.910000     -4.159998
    7.920000     -4.081480
    7.930000     -4.012166
    7.940000     -3.957623
    7.950000     -3.923133
    7.960000     -3.913582
    7.970000     -3.933363
    7.980000     -3.986283
    7.990000     -4.075308
    8.000000     -4.202816
    8.010000     -4.370541
    8.020000     -4.579454
    8.030000     -4.829717
    8.040000     -5.120653
    8.050000     -5.450712
    8.060000     -5.817450
    8.070000     -6.217520
    8.080000     -6.646665
    8.090000     -7.099749
    8.100000     -7.570793
    8.110000     -8.053053
    8.120000     -8.539099
    8.130000     -9.020946
    8.140000     -9.490175
    8.150000     -9.938082
    8.160000    -10.355826
    8.170000    -10.734576
    8.180000    -11.065648
    8.190000    -11.340630
    8.200000    -11.551492
    8.210000    -11.690687
    8.220000    -11.751244
    8.230000    -11.726849
    8.240000    -11.611947
    8.250000    -11.401835
    8.260000    -11.092791
    8.270000    -10.682195
    8.280000    -10.168693
    8.290000     -9.552347
    8.300000     -8.834796
    8.310000     -8.019404
    8.320000     -7.111376
    8.330000     -6.117840
    8.340000     -5.047874
    8.350000     -3.912460
    8.360000     -2.724387
    8.370000     -1.498065
    8.380000     -0.249283
    8.390000      1.005092
    8.400000      2.247466
    8.410000      3.459897
    8.420000      4.624489
    8.430000      5.723796
    8.440000      6.741198
    8.450000      7.661271
    8.460000      8.470120
    8.470000      9.155667
    8.480000      9.707920
    8.490000     10.119180
    8.500000     10.384221
    8.510000     10.500415
    8.520000     10.467819
    8.530000     10.289201
    8.540000      9.970015
    8.550000      9.518314
    8.560000      8.944593
    8.570000      8.261574
    8.580000      7.483912
    8.590000      6.627857
    8.600000      5.710846
    8.610000      4.751085
    8.620000      3.767087
    8.630000      2.777238
    8.640000      1.799364
    8.650000      0.850360
    8.660000     -0.054140
    8.670000     -0.900019
    8.680000     -1.674859
    8.690000     -2.368060
    8.700000     -2.970896
    8.710000     -3.476523
    8.720000     -3.879950
    8.730000     -4.177996
    8.740000     -4.369237
    8.750000     -4.453962
    8.760000     -4.434136
    8.770000     -4.313375
    8.780000     -4.096421
    8.790000     -3.790390
    8.800000     -3.403781
    8.810000     -2.946605
    8.820000     -2.430262
    8.830000     -1.867362
    8.840000     -1.271503
    8.850000     -0.657008
    8.860000     -0.038621
    8.870000      0.568812
    8.880000      1.150668
    8.890000      1.692869
    8.900000      2.182188
    8.910000      2.606516
    8.920000      2.955103
    8.930000      3.218763
    8.940000      3.390041
    8.950000      3.463344
    8.960000      3.435050
    8.970000      3.303583
    8.980000      3.069466
    8.990000      2.735339
    9.000000      2.305953
    9.010000      1.788110
    9.020000      1.190568
    9.030000      0.523884
    9.040000     -0.199801
    9.050000     -0.967035
    9.060000     -1.763379
    9.070000     -2.573777
    9.080000     -3.382957
    9.090000     -4.175822
    9.100000     -4.937853
    9.110000     -5.655446
    9.120000     -6.316223
    9.130000     -6.909250
    9.140000     -7.425203
    9.150000     -7.856442
    9.160000     -8.197038
    9.170000     -8.442737
    9.180000     -8.590897
    9.190000     -8.640417
    9.200000     -8.591659
    9.210000     -8.446402
    9.220000     -8.207808
    9.230000     -7.880414
    9.240000     -7.470134
    9.250000     -6.984269
    9.260000     -6.431477
    9.270000     -5.821728
    9.280000     -5.166174
    9.290000     -4.476977
    9.300000     -3.767050
    9.310000     -3.049736
    9.320000     -2.338445
    9.330000     -1.646250
    9.340000     -0.985498
    9.350000     -0.367441
    9.360000      0.198076
    9.370000      0.702849
    9.380000      1.140454
    9.390000      1.506310
    9.400000      1.797642
    9.410000      2.013384
    9.420000      2.154040
    9.430000      2.221521
    9.440000      2.218982
    9.450000      2.150694
    9.460000      2.021930
    9.470000      1.838901
    9.480000      1.608701
    9.490000      1.339275
    9.500000      1.039359
    9.510000      0.718395
    9.520000      0.386384
    9.530000      0.053680
    9.540000     -0.269285
    9.550000     -0.572341
    9.560000     -0.845942
    9.570000     -1.081542
    9.580000     -1.271945
    9.590000     -1.411583
    9.600000     -1.496708
    9.610000     -1.525462
    9.620000     -1.497837
    9.630000     -1.415518
    9.640000     -1.281635
    9.650000     -1.100464
    9.660000     -0.877114
    9.670000     -0.617240
    9.680000     -0.326819
    9.690000     -0.012020
    9.700000      0.320830
    9.710000      0.665195
    9.720000      1.014208
    9.730000      1.360537
    9.740000      1.696268
    9.750000      2.012871
    9.760000      2.301294
    9.770000      2.552194
    9.780000      2.756342
    9.790000      2.905541
    9.800000      2.991872
    9.810000      3.010057
    9.820000      2.957470
    9.830000      2.834650
    9.840000      2.645615
    9.850000      2.397918
    9.860000      2.102405
    9.870000      1.772680
    9.880000      1.424290
    9.890000      1.073709
    9.900000      0.737184
    9.910000      0.429585
    9.920000      0.163322
    9.930000     -0.052511
    9.940000     -0.212724
    9.950000     -0.316245
    9.960000     -0.366011
    9.970000     -0.368444
    9.980000     -0.332697
    9.990000     -0.269629
   10.000000     -0.193019
