    1.700000     -1.714005
    1.710000     -1.681579
    1.720000     -1.665330
    1.730000     -1.683865
    1.740000     -1.755440
    1.750000     -1.895655
    1.760000     -2.115341
    1.770000     -2.418870
    1.780000     -2.803106
    1.790000     -3.257171
    1.800000     -3.763096
    1.810000     -4.297246
    1.820000     -4.832386
    1.830000     -5.340063
    1.840000     -5.793280
    1.850000     -6.168769
    1.860000     -6.449016
    1.870000     -6.623533
    1.880000     -6.689392
    1.890000     -6.651042
    1.900000     -6.519428
    1.910000     -6.310607
    1.920000     -6.043842
    1.930000     -5.740012
    1.940000     -5.419697
    1.950000     -5.101934
    1.960000     -4.803129
    1.970000     -4.536518
    1.980000     -4.312167
    1.990000     -4.137044
    2.000000     -4.015482
    2.010000     -3.949562
    2.020000     -3.939516
    2.030000     -3.983874
    2.040000     -4.079491
    2.050000     -4.221262
    2.060000     -4.401962
    2.070000     -4.611893
    2.080000     -4.838784
    2.090000     -5.068103
    2.100000     -5.283473
    2.110000     -5.467700
    2.120000     -5.603977
    2.130000     -5.677525
    2.140000     -5.677017
    2.150000     -5.596062
    2.160000     -5.434220
    2.170000     -5.197506
    2.180000     -4.898181
    2.190000     -4.553909
    2.200000     -4.186187
    2.210000     -3.818288
    2.220000     -3.472956
    2.230000     -3.170066
    2.240000     -2.924581
    2.250000     -2.745005
    2.260000     -2.632684
    2.270000     -2.581863
    2.280000     -2.580600
    2.290000     -2.612527
    2.300000     -2.658987
    2.310000     -2.701495
    2.320000     -2.724150
    2.330000     -2.715573
    2.340000     -2.670290
    2.350000     -2.589246
    2.360000     -2.479482
    2.370000     -2.352960
    2.380000     -2.224777
    2.390000     -2.110938
    2.400000     -2.026117
    2.410000     -1.981536
    2.420000     -1.983451
    2.430000     -2.032294
    2.440000     -2.122621
    2.450000     -2.243900
    2.460000     -2.381936
    2.470000     -2.520813
    2.480000     -2.644906
    2.490000     -2.740899
    2.500000     -2.799266
    2.510000     -2.815178
    2.520000     -2.788641
    2.530000     -2.723806
    2.540000     -2.627565
    2.550000     -2.507690
    2.560000     -2.370644
    2.570000     -2.219457
    2.580000     -2.051966
    2.590000     -1.859644
    2.600000     -1.627176
    2.610000     -1.332908
    2.620000     -0.950239
    2.630000     -0.449569
    2.640000      0.199051
    2.650000      1.023151
    2.660000      2.045020
    2.670000      3.279118
    2.680000      4.730136
    2.690000      6.391758
    2.700000      8.245718
    2.710000     10.262641
    2.720000     12.402461
    2.730000     14.616416
    2.740000     16.848825
    2.750000     19.039703
    2.760000     21.127190
    2.770000     23.050111
    2.780000     24.750718
    2.790000     26.176720
    2.800000     27.283896
    2.810000     28.037194
    2.820000     28.413104
    2.830000     28.400281
    2.840000     28.000438
    2.850000     27.228244
    2.860000     26.111346
    2.870000     24.689086
    2.880000     23.010920
    2.890000     21.133927
    2.900000     19.120268
    2.910000     17.033842
    2.920000     14.936915
    2.930000     12.886997
    2.940000     10.933770
    2.950000      9.116670
    2.960000      7.463728
    2.970000      5.990527
    2.980000      4.700844
    2.990000      3.588003
    3.000000      2.637029
    3.010000      1.827279
    3.020000      1.135516
    3.030000      0.538616
    3.040000      0.016215
    3.050000     -0.447563
    3.060000     -0.863117
    3.070000     -1.235233
    3.080000     -1.563841
    3.090000     -1.845463
    3.100000     -2.075059
    3.110000     -2.248041
    3.120000     -2.362134
    3.130000     -2.418767
    3.140000     -2.423849
    3.150000     -2.387761
    3.160000     -2.324619
    3.170000     -2.250959
    3.180000     -2.183887
    3.190000     -2.139170
    3.200000     -2.129477
    3.210000     -2.162946
    3.220000     -2.242455
    3.230000     -2.365583
    3.240000     -2.525350
    3.250000     -2.711530
    3.260000     -2.912494
    3.270000     -3.117140
    3.280000     -3.316783
    3.290000     -3.506597
    3.300000     -3.686412
    3.310000     -3.860854
    3.320000     -4.038625
    3.330000     -4.231130
    3.340000     -4.450557
    3.350000     -4.707796
    3.360000     -5.010419
    3.370000     -5.360903
    3.380000     -5.755632
    3.390000     -6.184544
    3.400000     -6.631631
    3.410000     -7.076330
    3.420000     -7.495405
    3.430000     -7.865170
    3.440000     -8.164012
    3.450000     -8.374488
    3.460000     -8.485090
    3.470000     -8.491179
    3.480000     -8.395246
    3.490000     -8.206553
    3.500000     -7.939671
    3.510000     -7.612962
    3.520000     -7.246491
    3.530000     -6.860158
    3.540000     -6.471939
    3.550000     -6.096593
    3.560000     -5.744972
    3.570000     -5.423782
    3.580000     -5.136000
    3.590000     -4.881619
    3.600000     -4.658655
    3.610000     -4.464114
    3.620000     -4.294960
    3.630000     -4.148680
    3.640000     -4.023595
    3.650000     -3.918782
    3.660000     -3.833741
    3.670000     -3.767794
    3.680000     -3.719557
    3.690000     -3.686437
    3.700000     -3.664351
    3.710000     -3.647652
    3.720000     -3.629496
    3.730000     -3.602358
    3.740000     -3.558695
    3.750000     -3.491651
    3.760000     -3.395715
    3.770000     -3.266971
    3.780000     -3.103261
    3.790000     -2.903763
    3.800000     -2.668524
    3.810000     -2.397577
    3.820000     -2.090152
    3.830000     -1.743988
    3.840000     -1.354943
    3.850000     -0.917050
    3.860000     -0.423061
    3.870000      0.134459
    3.880000      0.761680
    3.890000      1.461825
    3.900000      2.233398
    3.910000      3.068796
    3.920000      3.953306
    3.930000      4.864864
    3.940000      5.774615
    3.950000      6.648367
    3.960000      7.448741
    3.970000      8.137955
    3.980000      8.680828
    3.990000      9.047879
    4.000000      9.217892
    4.010000      9.180007
    4.020000      8.934660
    4.030000      8.493684
    4.040000      7.879274
    4.050000      7.122090
    4.060000      6.258426
    4.070000      5.327396
    4.080000      4.367458
    4.090000      3.413841
    4.100000      2.495816
    4.110000      1.635475
    4.120000      0.846747
    4.130000      0.135542
    4.140000     -0.499184
    4.150000     -1.064193
    4.160000     -1.569983
    4.170000     -2.029097
    4.180000     -2.454271
    4.190000     -2.857316
    4.200000     -3.248013
    4.210000     -3.633989
    4.220000     -4.020558
    4.230000     -4.411324
    4.240000     -4.808580
    4.250000     -5.214027
    4.260000     -5.629028
    4.270000     -6.054975
    4.280000     -6.493034
    4.290000     -6.943937
    4.300000     -7.407332
    4.310000     -7.881286
    4.320000     -8.361838
    4.330000     -8.842824
    4.340000     -9.315832
    4.350000     -9.770904
    4.360000    -10.197168
    4.370000    -10.584037
    4.380000    -10.922535
    4.390000    -11.206155
    4.400000    -11.432016
    4.410000    -11.601106
    4.420000    -11.718442
    4.430000    -11.792434
    4.440000    -11.833769
    4.450000    -11.853948
    4.460000    -11.863846
    4.470000    -11.871932
    4.480000    -11.883168
    4.490000    -11.898029
    4.500000    -11.912427
    4.510000    -11.917983
    4.520000    -11.903149
    4.530000    -11.854711
    4.540000    -11.759396
    4.550000    -11.605856
    4.560000    -11.385902
    4.570000    -11.095792
    4.580000    -10.736321
    4.590000    -10.312750
    4.600000     -9.833500
    4.610000     -9.308642
    4.620000     -8.748026
    4.630000     -8.159004
    4.640000     -7.544824
    4.650000     -6.903077
    4.660000     -6.225349
    4.670000     -5.497118
    4.680000     -4.699134
    4.690000     -3.808936
    4.700000     -2.803596
    4.710000     -1.662005
    4.720000     -0.367998
    4.730000      1.087742
    4.740000      2.705443
    4.750000      4.475776
    4.760000      6.379177
    4.770000      8.387327
    4.780000     10.463931
    4.790000     12.567547
    4.800000     14.653428
    4.810000     16.676576
    4.820000     18.593589
    4.830000     20.364777
    4.840000     21.955463
    4.850000     23.336848
    4.860000     24.486146
    4.870000     25.386506
    4.880000     26.026361
    4.890000     26.398876
    4.900000     26.501766
    4.910000     26.336457
    4.920000     25.908143
    4.930000     25.225971
    4.940000     24.303273
    4.950000     23.158060
    4.960000     21.812950
    4.970000     20.295732
    4.980000     18.638583
    4.990000     16.877626
    5.000000     15.051586
    5.010000     13.200352
    5.020000     11.363045
    5.030000      9.576268
    5.040000      7.871886
    5.050000      6.276142
    5.060000      4.807909
    5.070000      3.478812
    5.080000      2.292876
    5.090000      1.247790
    5.100000      0.335623
    5.110000     -0.455189
    5.120000     -1.138423
    5.130000     -1.728211
    5.140000     -2.237767
    5.150000     -2.678416
    5.160000     -3.058935
    5.170000     -3.385685
    5.180000     -3.662813
    5.190000     -3.893121
    5.200000     -4.078751
    5.210000     -4.222210
    5.220000     -4.326972
    5.230000     -4.397877
    5.240000     -4.441296
    5.250000     -4.464813
    5.260000     -4.476634
    5.270000     -4.484883
    5.280000     -4.496624
    5.290000     -4.517218
    5.300000     -4.549586
    5.310000     -4.593982
    5.320000     -4.647947
    5.330000     -4.706728
    5.340000     -4.763862
    5.350000     -4.811998
    5.360000     -4.843705
    5.370000     -4.852357
    5.380000     -4.832595
    5.390000     -4.780669
    5.400000     -4.694396
    5.410000     -4.572794
    5.420000     -4.415463
    5.430000     -4.221826
    5.440000     -3.990382
    5.450000     -3.718062
    5.460000     -3.399749
    5.470000     -3.028391
    5.480000     -2.595191
    5.490000     -2.090533
    5.500000     -1.504894
    5.510000     -0.830377
    5.520000     -0.061887
    5.530000      0.801249
    5.540000      1.754469
    5.550000      2.786912
    5.560000      3.881481
    5.570000      5.014714
    5.580000      6.157974
    5.590000      7.278266
    5.600000      8.340270
    5.610000      9.307846
    5.620000     10.146346
    5.630000     10.824236
    5.640000     11.315037
    5.650000     11.598598
    5.660000     11.662235
    5.670000     11.501060
    5.680000     11.118309
    5.690000     10.524659
    5.700000      9.737735
    5.710000      8.780753
    5.720000      7.681221
    5.730000      6.469294
    5.740000      5.176546
    5.750000      3.833886
    5.760000      2.470798
    5.770000      1.113581
    5.780000     -0.214972
    5.790000     -1.496652
    5.800000     -2.717535
    5.810000     -3.868361
    5.820000     -4.943664
    5.830000     -5.941482
    5.840000     -6.862171
    5.850000     -7.707883
    5.860000     -8.481204
    5.870000     -9.184939
    5.880000     -9.820954
    5.890000    -10.390366
    5.900000    -10.893155
    5.910000    -11.328572
    5.920000    -11.695641
    5.930000    -11.993590
    5.940000    -12.222592
    5.950000    -12.384420
    5.960000    -12.482698
    5.970000    -12.523107
    5.980000    -12.513085
    5.990000    -12.461325
    6.000000    -12.376966
    6.010000    -12.268324
    6.020000    -12.141983
    6.030000    -12.001355
    6.040000    -11.845998
    6.050000    -11.670849
    6.060000    -11.466292
    6.070000    -11.218249
    6.080000    -10.909243
    6.090000    -10.519632
    6.100000    -10.029181
    6.110000     -9.419018
    6.120000     -8.673069
    6.130000     -7.780046
    6.140000     -6.734194
    6.150000     -5.536410
    6.160000     -4.194280
    6.170000     -2.721595
    6.180000     -1.137954
    6.190000      0.532839
    6.200000      2.263536
    6.210000      4.025401
    6.220000      5.788727
    6.230000      7.524606
    6.240000      9.204847
    6.250000     10.803041
    6.260000     12.294050
    6.270000     13.654561
    6.280000     14.862452
    6.290000     15.897127
    6.300000     16.739385
    6.310000     17.371927
    6.320000     17.779951
    6.330000     17.952061
    6.340000     17.881237
    6.350000     17.565674
    6.360000     17.010080
    6.370000     16.225498
    6.380000     15.230142
    6.390000     14.048241
    6.400000     12.709684
    6.410000     11.247906
    6.420000      9.698566
    6.430000      8.097183
    6.440000      6.477046
    6.450000      4.867846
    6.460000      3.293765
    6.470000      1.773256
    6.480000      0.318392
    6.490000     -1.064023
    6.500000     -2.371983
    6.510000     -3.606221
    6.520000     -4.769102
    6.530000     -5.862541
    6.540000     -6.887145
    6.550000     -7.840902
    6.560000     -8.719231
    6.570000     -9.514874
    6.580000    -10.219120
    6.590000    -10.822526
    6.600000    -11.316655
    6.610000    -11.695222
    6.620000    -11.955322
    6.630000    -12.098076
    6.640000    -12.128910
    6.650000    -12.057146
    6.660000    -11.895007
    6.670000    -11.656529
    6.680000    -11.355685
    6.690000    -11.005181
    6.700000    -10.615008
    6.710000    -10.191542
    6.720000     -9.737213
    6.730000     -9.250800
    6.740000     -8.728136
    6.750000     -8.163551
    6.760000     -7.551427
    6.770000     -6.887667
    6.780000     -6.171584
    6.790000     -5.406532
    6.800000     -4.601006
    6.810000     -3.768247
    6.820000     -2.925925
    6.830000     -2.094773
    6.840000     -1.297283
    6.850000     -0.555777
    6.860000      0.109077
    6.870000      0.679836
    6.880000      1.143220
    6.890000      1.490751
    6.900000      1.718626
    6.910000      1.827332
    6.920000      1.820751
    6.930000      1.705021
    6.940000      1.487541
    6.950000      1.175962
    6.960000      0.777468
    6.970000      0.298585
    6.980000     -0.254798
    6.990000     -0.876888
    7.000000     -1.561481
    7.010000     -2.300880
    7.020000     -3.085529
    7.030000     -3.903189
    7.040000     -4.739187
    7.050000     -5.576328
    7.060000     -6.396012
    7.070000     -7.178947
    7.080000     -7.906782
    7.090000     -8.563228
    7.100000     -9.135482
    7.110000     -9.615098
    7.120000     -9.998386
    7.130000    -10.286521
    7.140000    -10.484904
    7.150000    -10.601968
    7.160000    -10.647887
    7.170000    -10.632747
    7.180000    -10.564960
    7.190000    -10.449756
    7.200000    -10.288015
    7.210000    -10.075693
    7.220000     -9.803741
    7.230000     -9.458406
    7.240000     -9.022551
    7.250000     -8.476513
    7.260000     -7.800081
    7.270000     -6.973678
    7.280000     -5.980347
    7.290000     -4.806495
    7.300000     -3.443480
    7.310000     -1.887693
    7.320000     -0.141552
    7.330000      1.786970
    7.340000      3.883775
    7.350000      6.129522
    7.360000      8.499042
    7.370000     10.962339
    7.380000     13.484145
    7.390000     16.024954
    7.400000     18.540639
    7.410000     20.984098
    7.420000     23.305103
    7.430000     25.452853
    7.440000     27.376445
    7.450000     29.027423
    7.460000     30.362369
    7.470000     31.344373
    7.480000     31.945693
    7.490000     32.149835
    7.500000     31.952214
    7.510000     31.361703
    7.520000     30.399861
    7.530000     29.100399
    7.540000     27.507110
    7.550000     25.671819
    7.560000     23.650896
    7.570000     21.503049
    7.580000     19.285037
    7.590000     17.050062
    7.600000     14.844363
    7.610000     12.706698
    7.620000     10.666479
    7.630000      8.744819
    7.640000      6.954242
    7.650000      5.300819
    7.660000      3.785016
    7.670000      2.404172
    7.680000      1.153525
    7.690000      0.028024
    7.700000     -0.976835
    7.710000     -1.864648
    7.720000     -2.637834
    7.730000     -3.298278
    7.740000     -3.847692
    7.750000     -4.288685
    7.760000     -4.625297
    7.770000     -4.863630
    7.780000     -5.012053
    7.790000     -5.081132
    7.800000     -5.083152
    7.810000     -5.031316
    7.820000     -4.938878
    7.830000     -4.818075
    7.840000     -4.679284
    7.850000     -4.530339
    7.860000     -4.376273
    7.870000     -4.219302
    7.880000     -4.059473
    7.890000     -3.895357
    7.900000     -3.725272
    7.910000     -3.548354
    7.920000     -3.365745
    7.930000     -3.181518
    7.940000     -3.003143
    7.950000     -2.841661
    7.960000     -2.711249
    7.970000     -2.628369
    7.980000     -2.610471
    7.990000     -2.674518
    8.000000     -2.835342
    8.010000     -3.104045
    8.020000     -3.486696
    8.030000     -3.983585
    8.040000     -4.588534
    8.050000     -5.289330
    8.060000     -6.068098
    8.070000     -6.903056
    8.080000     -7.769419
    8.090000     -8.641550
    8.100000     -9.494533
    8.110000    -10.306207
    8.120000    -11.057840
    8.130000    -11.735506
    8.140000    -12.330196
    8.150000    -12.837907
    8.160000    -13.258500
    8.170000    -13.594959
    8.180000    -13.851980
    8.190000    -14.034303
    8.200000    -14.145456
    8.210000    -14.186524
    8.220000    -14.155310
    8.230000    -14.046011
    8.240000    -13.849278
    8.250000    -13.553012
    8.260000    -13.143400
    8.270000    -12.606398
    8.280000    -11.929134
    8.290000    -11.101807
    8.300000    -10.118960
    8.310000     -8.980717
    8.320000     -7.693105
    8.330000     -6.268855
    8.340000     -4.726692
    8.350000     -3.090731
    8.360000     -1.388711
    8.370000      0.348526
    8.380000      2.089184
    8.390000      3.801724
    8.400000      5.456812
    8.410000      7.027229
    8.420000      8.489217
    8.430000      9.822378
    8.440000     11.009915
    8.450000     12.037500
    8.460000     12.893192
    8.470000     13.566697
    8.480000     14.048760
    8.490000     14.331198
    8.500000     14.406692
    8.510000     14.269314
    8.520000     13.915417
    8.530000     13.344301
    8.540000     12.559806
    8.550000     11.570824
    8.560000     10.392610
    8.570000      9.046674
    8.580000      7.561269
    8.590000      5.970470
    8.600000      4.313155
    8.610000      2.630678
    8.620000      0.965785
    8.630000     -0.640302
    8.640000     -2.149733
    8.650000     -3.530619
    8.660000     -4.757538
    8.670000     -5.813047
    8.680000     -6.687581
    8.690000     -7.379188
    8.700000     -7.891833
    8.710000     -8.234100
    8.720000     -8.417129
    8.730000     -8.452533
    8.740000     -8.350839
    8.750000     -8.119918
    8.760000     -7.764492
    8.770000     -7.285950
    8.780000     -6.682991
    8.790000     -5.953197
    8.800000     -5.094603
    8.810000     -4.107881
    8.820000     -2.997973
    8.830000     -1.776434
    8.840000     -0.462226
    8.850000      0.917511
    8.860000      2.328226
    8.870000      3.728383
    8.880000      5.071781
    8.890000      6.309822
    8.900000      7.394855
    8.910000      8.282510
    8.920000      8.934960
    8.930000      9.323316
    8.940000      9.429504
    8.950000      9.247220
    8.960000      8.782236
    8.970000      8.051790
    8.980000      7.083273
    8.990000      5.911922
    9.000000      4.578905
    9.010000      3.128466
    9.020000      1.605593
    9.030000      0.053129
    9.040000     -1.489302
    9.050000     -2.987244
    9.060000     -4.411968
    9.070000     -5.741313
    9.080000     -6.958627
    9.090000     -8.052691
    9.100000     -9.016591
    9.110000     -9.846945
    9.120000    -10.542386
    9.130000    -11.102792
    9.140000    -11.528451
    9.150000    -11.819623
    9.160000    -11.976153
    9.170000    -11.997481
    9.180000    -11.883008
    9.190000    -11.632504
    9.200000    -11.246688
    9.210000    -10.727960
    9.220000    -10.080870
    9.230000     -9.312901
    9.240000     -8.434347
    9.250000     -7.459069
    9.260000     -6.403950
    9.270000     -5.289021
    9.280000     -4.136327
    9.290000     -2.970000
    9.300000     -1.814946
    9.310000     -0.696201
    9.320000      0.362473
    9.330000      1.338764
    9.340000      2.213028
    9.350000      2.968782
    9.360000      3.593393
    9.370000      4.077934
    9.380000      4.417523
    9.390000      4.611167
    9.400000      4.661538
    9.410000      4.574493
    9.420000      4.358760
    9.430000      4.025484
    9.440000      3.587628
    9.450000      3.059790
    9.460000      2.457688
    9.470000      1.797994
    9.480000      1.097729
    9.490000      0.374414
    9.500000     -0.354392
    9.510000     -1.071341
    9.520000     -1.759533
    9.530000     -2.403052
    9.540000     -2.986936
    9.550000     -3.497787
    9.560000     -3.923900
    9.570000     -4.255746
    9.580000     -4.485815
    9.590000     -4.608865
    9.600000     -4.621863
    9.610000     -4.523814
    9.620000     -4.315638
    9.630000     -3.999931
    9.640000     -3.580858
    9.650000     -3.063948
    9.660000     -2.456311
    9.670000     -1.766682
    9.680000     -1.005782
    9.690000     -0.186381
    9.700000      0.675920
    9.710000      1.562678
    9.720000      2.452349
    9.730000      3.320750
    9.740000      4.140987
    9.750000      4.884631
    9.760000      5.522801
    9.770000      6.027581
    9.780000      6.373884
    9.790000      6.540977
    9.800000      6.514311
    9.810000      6.286917
    9.820000      5.860359
    9.830000      5.245245
    9.840000      4.461085
    9.850000      3.535575
    9.860000      2.502811
    9.870000      1.402073
    9.880000      0.275277
    9.890000     -0.835047
    9.900000     -1.888290
    9.910000     -2.847010
    9.920000     -3.678617
    9.930000     -4.356112
    9.940000     -4.858521
    9.950000     -5.170168
    9.960000     -5.280258
    9.970000     -5.181840
    9.980000     -4.870659
    9.990000     -4.344351
   10.000000     -3.601769
