    1.700000     -1.058720
    1.710000     -1.334661
    1.720000     -1.605572
    1.730000     -1.868618
    1.740000     -2.116798
    1.750000     -2.345564
    1.760000     -2.553263
    1.770000     -2.741268
    1.780000     -2.913758
    1.790000     -3.077173
    1.800000     -3.239407
    1.810000     -3.408822
    1.820000     -3.593222
    1.830000     -3.798873
    1.840000     -4.029714
    1.850000     -4.286828
    1.860000     -4.568239
    1.870000     -4.869046
    1.880000     -5.181883
    1.890000     -5.497619
    1.900000     -5.806231
    1.910000     -6.097726
    1.920000     -6.363003
    1.930000     -6.594571
    1.940000     -6.787019
    1.950000     -6.937232
    1.960000     -7.044315
    1.970000     -7.109292
    1.980000     -7.134606
    1.990000     -7.123541
    2.000000     -7.079628
    2.010000     -7.006144
    2.020000     -6.905755
    2.030000     -6.780365
    2.040000     -6.631155
    2.050000     -6.458825
    2.060000     -6.263947
    2.070000     -6.047395
    2.080000     -5.810746
    2.090000     -5.556591
    2.100000     -5.288689
    2.110000     -5.011933
    2.120000     -4.732120
    2.130000     -4.455552
    2.140000     -4.188525
    2.150000     -3.936772
    2.160000     -3.704944
    2.170000     -3.496205
    2.180000     -3.312002
    2.190000     -3.152038
    2.200000     -3.014462
    2.210000     -2.896242
    2.220000     -2.793666
    2.230000     -2.702904
    2.240000     -2.620547
    2.250000     -2.544037
    2.260000     -2.471941
    2.270000     -2.404025
    2.280000     -2.341135
    2.290000     -2.284875
    2.300000     -2.237205
    2.310000     -2.199948
    2.320000     -2.174349
    2.330000     -2.160743
    2.340000     -2.158363
    2.350000     -2.165354
    2.360000     -2.178974
    2.370000     -2.195944
    2.380000     -2.212907
    2.390000     -2.226898
    2.400000     -2.235769
    2.410000     -2.238464
    2.420000     -2.235125
    2.430000     -2.226993
    2.440000     -2.216105
    2.450000     -2.204839
    2.460000     -2.195394
    2.470000     -2.189238
    2.480000     -2.186676
    2.490000     -2.186544
    2.500000     -2.186109
    2.510000     -2.181187
    2.520000     -2.166426
    2.530000     -2.135696
    2.540000     -2.082557
    2.550000     -2.000542
    2.560000     -1.883408
    2.570000     -1.725035
    2.580000     -1.519126
    2.590000     -1.258698
    2.600000     -0.935345
    2.610000     -0.538559
    2.620000     -0.055130
    2.630000      0.531135
    2.640000      1.239220
    2.650000      2.090086
    2.660000      3.105302
    2.670000      4.304925
    2.680000      5.704998
    2.690000      7.314678
    2.700000      9.133389
    2.710000     11.148272
    2.720000     13.332386
    2.730000     15.643831
    2.740000     18.026181
    2.750000     20.410207
    2.760000     22.716946
    2.770000     24.861901
    2.780000     26.760081
    2.790000     28.331502
    2.800000     29.506655
    2.810000     30.231498
    2.820000     30.471444
    2.830000     30.214044
    2.840000     29.469986
    2.850000     28.272382
    2.860000     26.674355
    2.870000     24.745191
    2.880000     22.565411
    2.890000     20.221235
    2.900000     17.798919
    2.910000     15.379473
    2.920000     13.034160
    2.930000     10.821141
    2.940000      8.783475
    2.950000      6.948508
    2.960000      5.328653
    2.970000      3.923246
    2.980000      2.721249
    2.990000      1.704370
    3.000000      0.850280
    3.010000      0.135461
    3.020000     -0.462379
    3.030000     -0.962709
    3.040000     -1.381306
    3.050000     -1.730134
    3.060000     -2.017826
    3.070000     -2.250622
    3.080000     -2.433430
    3.090000     -2.570921
    3.100000     -2.668378
    3.110000     -2.732161
    3.120000     -2.769869
    3.130000     -2.789976
    3.140000     -2.801288
    3.150000     -2.812139
    3.160000     -2.829602
    3.170000     -2.858836
    3.180000     -2.902673
    3.190000     -2.961584
    3.200000     -3.033964
    3.210000     -3.116765
    3.220000     -3.206331
    3.230000     -3.299325
    3.240000     -3.393592
    3.250000     -3.488807
    3.260000     -3.586817
    3.270000     -3.691575
    3.280000     -3.808705
    3.290000     -3.944714
    3.300000     -4.105986
    3.310000     -4.297688
    3.320000     -4.522764
    3.330000     -4.781159
    3.340000     -5.069404
    3.350000     -5.380631
    3.360000     -5.705034
    3.370000     -6.030712
    3.380000     -6.344806
    3.390000     -6.634751
    3.400000     -6.889506
    3.410000     -7.100562
    3.420000     -7.262621
    3.430000     -7.373841
    3.440000     -7.435634
    3.450000     -7.452045
    3.460000     -7.428833
    3.470000     -7.372387
    3.480000     -7.288654
    3.490000     -7.182250
    3.500000     -7.055897
    3.510000     -6.910275
    3.520000     -6.744321
    3.530000     -6.555925
    3.540000     -6.342909
    3.550000     -6.104122
    3.560000     -5.840462
    3.570000     -5.555625
    3.580000     -5.256425
    3.590000     -4.952596
    3.600000     -4.656038
    3.610000     -4.379601
    3.620000     -4.135536
    3.630000     -3.933842
    3.640000     -3.780747
    3.650000     -3.677561
    3.660000     -3.620107
    3.670000     -3.598860
    3.680000     -3.599826
    3.690000     -3.606083
    3.700000     -3.599815
    3.710000     -3.564572
    3.720000     -3.487448
    3.730000     -3.361206
    3.740000     -3.185302
    3.750000     -2.964740
    3.760000     -2.710227
    3.770000     -2.436591
    3.780000     -2.160412
    3.790000     -1.897243
    3.800000     -1.658709
    3.810000     -1.449941
    3.820000     -1.267728
    3.830000     -1.099706
    3.840000     -0.924818
    3.850000     -0.715086
    3.860000     -0.438581
    3.870000     -0.063327
    3.880000      0.438314
    3.890000      1.085266
    3.900000      1.883967
    3.910000      2.825700
    3.920000      3.885452
    3.930000      5.022518
    3.940000      6.182794
    3.950000      7.302547
    3.960000      8.313329
    3.970000      9.147737
    3.980000      9.745742
    3.990000     10.061028
    4.000000     10.066465
    4.010000      9.757619
    4.020000      9.153443
    4.030000      8.294074
    4.040000      7.236307
    4.050000      6.047751
    4.060000      4.800445
    4.070000      3.564525
    4.080000      2.402285
    4.090000      1.363116
    4.100000      0.479766
    4.110000     -0.233534
    4.120000     -0.780954
    4.130000     -1.182911
    4.140000     -1.472283
    4.150000     -1.689471
    4.160000     -1.876981
    4.170000     -2.074184
    4.180000     -2.312892
    4.190000     -2.614206
    4.200000     -2.987043
    4.210000     -3.428284
    4.220000     -3.924596
    4.230000     -4.455425
    4.240000     -4.996800
    4.250000     -5.525329
    4.260000     -6.021846
    4.270000     -6.474206
    4.280000     -6.878867
    4.290000     -7.241087
    4.300000     -7.573773
    4.310000     -7.895132
    4.320000     -8.225600
    4.330000     -8.584391
    4.340000     -8.986269
    4.350000     -9.438959
    4.360000     -9.941568
    4.370000    -10.484241
    4.380000    -11.049066
    4.390000    -11.612100
    4.400000    -12.146213
    4.410000    -12.624342
    4.420000    -13.022686
    4.430000    -13.323426
    4.440000    -13.516580
    4.450000    -13.600765
    4.460000    -13.582796
    4.470000    -13.476214
    4.480000    -13.298971
    4.490000    -13.070654
    4.500000    -12.809639
    4.510000    -12.530610
    4.520000    -12.242771
    4.530000    -11.949032
    4.540000    -11.646213
    4.550000    -11.326225
    4.560000    -10.978021
    4.570000    -10.589947
    4.580000    -10.152159
    4.590000     -9.658656
    4.600000     -9.108566
    4.610000     -8.506568
    4.620000     -7.862161
    4.630000     -7.187969
    4.640000     -6.497351
    4.650000     -5.801429
    4.660000     -5.106269
    4.670000     -4.410392
    4.680000     -3.703173
    4.690000     -2.964350
    4.700000     -2.164854
    4.710000     -1.268931
    4.720000     -0.237404
    4.730000      0.968274
    4.740000      2.381525
    4.750000      4.026366
    4.760000      5.913552
    4.770000      8.037836
    4.780000     10.376444
    4.790000     12.889112
    4.800000     15.519528
    4.810000     18.198152
    4.820000     20.846090
    4.830000     23.379667
    4.840000     25.715262
    4.850000     27.774058
    4.860000     29.486259
    4.870000     30.794598
    4.880000     31.656851
    4.890000     32.047382
    4.900000     31.957666
    4.910000     31.395945
    4.920000     30.386129
    4.930000     28.966141
    4.940000     27.185834
    4.950000     25.104637
    4.960000     22.789019
    4.970000     20.309837
    4.980000     17.739628
    4.990000     15.149854
    5.000000     12.608189
    5.010000     10.175874
    5.020000      7.905306
    5.030000      5.837951
    5.040000      4.002787
    5.050000      2.415400
    5.060000      1.077908
    5.070000     -0.020238
    5.080000     -0.900548
    5.090000     -1.592988
    5.100000     -2.132861
    5.110000     -2.557339
    5.120000     -2.902000
    5.130000     -3.197699
    5.140000     -3.468139
    5.150000     -3.728372
    5.160000     -3.984434
    5.170000     -4.234117
    5.180000     -4.468730
    5.190000     -4.675694
    5.200000     -4.841519
    5.210000     -4.954759
    5.220000     -5.008620
    5.230000     -5.002691
    5.240000     -4.943681
    5.250000     -4.844982
    5.260000     -4.725101
    5.270000     -4.605209
    5.280000     -4.506127
    5.290000     -4.445216
    5.300000     -4.433618
    5.310000     -4.474291
    5.320000     -4.561164
    5.330000     -4.679579
    5.340000     -4.808010
    5.350000     -4.920857
    5.360000     -4.991934
    5.370000     -4.998189
    5.380000     -4.923072
    5.390000     -4.759080
    5.400000     -4.509031
    5.410000     -4.185831
    5.420000     -3.810692
    5.430000     -3.409983
    5.440000     -3.011096
    5.450000     -2.637892
    5.460000     -2.306354
    5.470000     -2.021104
    5.480000     -1.773348
    5.490000     -1.540623
    5.500000     -1.288543
    5.510000     -0.974420
    5.520000     -0.552427
    5.530000      0.020294
    5.540000      0.777296
    5.550000      1.737069
    5.560000      2.898620
    5.570000      4.239007
    5.580000      5.713241
    5.590000      7.256666
    5.600000      8.789660
    5.610000     10.224199
    5.620000     11.471622
    5.630000     12.450738
    5.640000     13.095416
    5.650000     13.360772
    5.660000     13.227264
    5.670000     12.702232
    5.680000     11.818724
    5.690000     10.631818
    5.700000      9.212903
    5.710000      7.642612
    5.720000      6.003200
    5.730000      4.371212
    5.740000      2.811196
    5.750000      1.371104
    5.760000      0.079783
    5.770000     -1.053404
    5.780000     -2.036708
    5.790000     -2.892423
    5.800000     -3.652122
    5.810000     -4.351353
    5.820000     -5.024476
    5.830000     -5.700243
    5.840000     -6.398582
    5.850000     -7.128880
    5.860000     -7.889816
    5.870000     -8.670609
    5.880000     -9.453385
    5.890000    -10.216210
    5.900000    -10.936335
    5.910000    -11.593172
    5.920000    -12.170633
    5.930000    -12.658562
    5.940000    -13.053157
    5.950000    -13.356437
    5.960000    -13.574923
    5.970000    -13.717818
    5.980000    -13.795009
    5.990000    -13.815217
    6.000000    -13.784555
    6.010000    -13.705682
    6.020000    -13.577613
    6.030000    -13.396145
    6.040000    -13.154753
    6.050000    -12.845751
    6.060000    -12.461469
    6.070000    -11.995245
    6.080000    -11.442025
    6.090000    -10.798526
    6.100000    -10.062919
    6.110000     -9.234166
    6.120000     -8.311159
    6.130000     -7.291891
    6.140000     -6.172879
    6.150000     -4.949034
    6.160000     -3.614101
    6.170000     -2.161714
    6.180000     -0.586999
    6.190000      1.111447
    6.200000      2.929436
    6.210000      4.855212
    6.220000      6.867929
    6.230000      8.936835
    6.240000     11.021370
    6.250000     13.072253
    6.260000     15.033557
    6.270000     16.845627
    6.280000     18.448592
    6.290000     19.786176
    6.300000     20.809439
    6.310000     21.480109
    6.320000     21.773186
    6.330000     21.678590
    6.340000     21.201723
    6.350000     20.362912
    6.360000     19.195824
    6.370000     17.745031
    6.380000     16.062967
    6.390000     14.206567
    6.400000     12.233887
    6.410000     10.200957
    6.420000      8.159103
    6.430000      6.152889
    6.440000      4.218759
    6.450000      2.384390
    6.460000      0.668716
    6.470000     -0.917487
    6.480000     -2.370568
    6.490000     -3.692676
    6.500000     -4.890259
    6.510000     -5.972537
    6.520000     -6.950037
    6.530000     -7.833275
    6.540000     -8.631656
    6.550000     -9.352630
    6.560000    -10.001127
    6.570000    -10.579298
    6.580000    -11.086546
    6.590000    -11.519861
    6.600000    -11.874403
    6.610000    -12.144311
    6.620000    -12.323657
    6.630000    -12.407469
    6.640000    -12.392715
    6.650000    -12.279146
    6.660000    -12.069883
    6.670000    -11.771669
    6.680000    -11.394708
    6.690000    -10.952099
    6.700000    -10.458857
    6.710000     -9.930643
    6.720000     -9.382301
    6.730000     -8.826398
    6.740000     -8.271921
    6.750000     -7.723343
    6.760000     -7.180194
    6.770000     -6.637243
    6.780000     -6.085333
    6.790000     -5.512808
    6.800000     -4.907429
    6.810000     -4.258556
    6.820000     -3.559369
    6.830000     -2.808849
    6.840000     -2.013261
    6.850000     -1.186907
    6.860000     -0.352023
    6.870000      0.462249
    6.880000      1.221752
    6.890000      1.889921
    6.900000      2.430837
    6.910000      2.812438
    6.920000      3.009528
    6.930000      3.006265
    6.940000      2.797839
    6.950000      2.391136
    6.960000      1.804322
    6.970000      1.065350
    6.980000      0.209570
    6.990000     -0.723333
    7.000000     -1.692716
    7.010000     -2.660340
    7.020000     -3.593333
    7.030000     -4.466470
    7.040000     -5.263541
    7.050000     -5.977680
    7.060000     -6.610688
    7.070000     -7.171446
    7.080000     -7.673665
    7.090000     -8.133242
    7.100000     -8.565585
    7.110000     -8.983181
    7.120000     -9.393727
    7.130000     -9.798983
    7.140000    -10.194460
    7.150000    -10.569923
    7.160000    -10.910580
    7.170000    -11.198760
    7.180000    -11.415811
    7.190000    -11.543941
    7.200000    -11.567723
    7.210000    -11.475073
    7.220000    -11.257549
    7.230000    -10.909972
    7.240000    -10.429414
    7.250000     -9.813761
    7.260000     -9.060064
    7.270000     -8.163003
    7.280000     -7.113719
    7.290000     -5.899308
    7.300000     -4.503127
    7.310000     -2.906031
    7.320000     -1.088477
    7.330000      0.966634
    7.340000      3.270647
    7.350000      5.825716
    7.360000      8.621622
    7.370000     11.633249
    7.380000     14.819057
    7.390000     18.120837
    7.400000     21.464885
    7.410000     24.764630
    7.420000     27.924572
    7.430000     30.845275
    7.440000     33.429040
    7.450000     35.585793
    7.460000     37.238705
    7.470000     38.329071
    7.480000     38.820032
    7.490000     38.698824
    7.500000     37.977390
    7.510000     36.691308
    7.520000     34.897170
    7.530000     32.668651
    7.540000     30.091653
    7.550000     27.258922
    7.560000     24.264627
    7.570000     21.199309
    7.580000     18.145579
    7.590000     15.174841
    7.600000     12.345185
    7.610000      9.700503
    7.620000      7.270709
    7.630000      5.072909
    7.640000      3.113240
    7.650000      1.389100
    7.660000     -0.108526
    7.670000     -1.392895
    7.680000     -2.479689
    7.690000     -3.385654
    7.700000     -4.127735
    7.710000     -4.722656
    7.720000     -5.186828
    7.730000     -5.536455
    7.740000     -5.787672
    7.750000     -5.956572
    7.760000     -6.059044
    7.770000     -6.110340
    7.780000     -6.124510
    7.790000     -6.113567
    7.800000     -6.086718
    7.810000     -6.049692
    7.820000     -6.004353
    7.830000     -5.948679
    7.840000     -5.877215
    7.850000     -5.781975
    7.860000     -5.653751
    7.870000     -5.483693
    7.880000     -5.264992
    7.890000     -4.994457
    7.900000     -4.673792
    7.910000     -4.310383
    7.920000     -3.917493
    7.930000     -3.513787
    7.940000     -3.122226
    7.950000     -2.768434
    7.960000     -2.478697
    7.970000     -2.277819
    7.980000     -2.187064
    7.990000     -2.222219
    8.000000     -2.392663
    8.010000     -2.700725
    8.020000     -3.141626
    8.030000     -3.704127
    8.040000     -4.371726
    8.050000     -5.124218
    8.060000     -5.939437
    8.070000     -6.794975
    8.080000     -7.669690
    8.090000     -8.544853
    8.100000     -9.404851
    8.110000    -10.237418
    8.120000    -11.033422
    8.130000    -11.786316
    8.140000    -12.491357
    8.150000    -13.144742
    8.160000    -13.742791
    8.170000    -14.281292
    8.180000    -14.755047
    8.190000    -15.157676
    8.200000    -15.481629
    8.210000    -15.718360
    8.220000    -15.858594
    8.230000    -15.892594
    8.240000    -15.810387
    8.250000    -15.601892
    8.260000    -15.256986
    8.270000    -14.765506
    8.280000    -14.117315
    8.290000    -13.302459
    8.300000    -12.311543
    8.310000    -11.136379
    8.320000     -9.770914
    8.330000     -8.212441
    8.340000     -6.462980
    8.350000     -4.530722
    8.360000     -2.431351
    8.370000     -0.189058
    8.380000      2.162936
    8.390000      4.582491
    8.400000      7.019390
    8.410000      9.416918
    8.420000     11.714134
    8.430000     13.848667
    8.440000     15.759842
    8.450000     17.391882
    8.460000     18.696909
    8.470000     19.637504
    8.480000     20.188606
    8.490000     20.338620
    8.500000     20.089669
    8.510000     19.457028
    8.520000     18.467828
    8.530000     17.159211
    8.540000     15.576128
    8.550000     13.768987
    8.560000     11.791349
    8.570000      9.697810
    8.580000      7.542177
    8.590000      5.375965
    8.600000      3.247213
    8.610000      1.199554
    8.620000     -0.728517
    8.630000     -2.504256
    8.640000     -4.101191
    8.650000     -5.499580
    8.660000     -6.686746
    8.670000     -7.657237
    8.680000     -8.412708
    8.690000     -8.961437
    8.700000     -9.317397
    8.710000     -9.498864
    8.720000     -9.526608
    8.730000     -9.421774
    8.740000     -9.203649
    8.750000     -8.887564
    8.760000     -8.483182
    8.770000     -7.993461
    8.780000     -7.413841
    8.790000     -6.734807
    8.800000     -5.942342
    8.810000     -5.021048
    8.820000     -3.957538
    8.830000     -2.744118
    8.840000     -1.382322
    8.850000      0.114153
    8.860000      1.717545
    8.870000      3.385495
    8.880000      5.062096
    8.890000      6.680543
    8.900000      8.167231
    8.910000      9.446975
    8.920000     10.448855
    8.930000     11.112099
    8.940000     11.391415
    8.950000     11.261156
    8.960000     10.717887
    8.970000      9.781024
    8.980000      8.491468
    8.990000      6.908337
    9.000000      5.104146
    9.010000      3.158919
    9.020000      1.153861
    9.030000     -0.834763
    9.040000     -2.740918
    9.050000     -4.512739
    9.060000     -6.114790
    9.070000     -7.528465
    9.080000     -8.750636
    9.090000     -9.790782
    9.100000    -10.667059
    9.110000    -11.401814
    9.120000    -12.017149
    9.130000    -12.531033
    9.140000    -12.954427
    9.150000    -13.289699
    9.160000    -13.530444
    9.170000    -13.662639
    9.180000    -13.666917
    9.190000    -13.521585
    9.200000    -13.205976
    9.210000    -12.703691
    9.220000    -12.005328
    9.230000    -11.110402
    9.240000    -10.028260
    9.250000     -8.777974
    9.260000     -7.387261
    9.270000     -5.890681
    9.280000     -4.327345
    9.290000     -2.738461
    9.300000     -1.165006
    9.310000      0.354246
    9.320000      1.784185
    9.330000      3.094250
    9.340000      4.258790
    9.350000      5.256992
    9.360000      6.072573
    9.370000      6.693391
    9.380000      7.111153
    9.390000      7.321331
    9.400000      7.323347
    9.410000      7.120979
    9.420000      6.722907
    9.430000      6.143252
    9.440000      5.401914
    9.450000      4.524561
    9.460000      3.542136
    9.470000      2.489806
    9.480000      1.405388
    9.490000      0.327337
    9.500000     -0.707502
    9.510000     -1.666170
    9.520000     -2.521619
    9.530000     -3.254242
    9.540000     -3.852722
    9.550000     -4.314051
    9.560000     -4.642716
    9.570000     -4.849118
    9.580000     -4.947408
    9.590000     -4.952991
    9.600000     -4.880012
    9.610000     -4.739135
    9.620000     -4.535908
    9.630000     -4.269935
    9.640000     -3.934990
    9.650000     -3.520082
    9.660000     -3.011384
    9.670000     -2.394819
    9.680000     -1.659011
    9.690000     -0.798264
    9.700000      0.184777
    9.710000      1.277125
    9.720000      2.454358
    9.730000      3.680635
    9.740000      4.909862
    9.750000      6.087979
    9.760000      7.156206
    9.770000      8.054980
    9.780000      8.728283
    9.790000      9.129574
    9.800000      9.220669
    9.810000      8.980221
    9.820000      8.404365
    9.830000      7.507849
    9.840000      6.323836
    9.850000      4.902370
    9.860000      3.307606
    9.870000      1.613980
    9.880000     -0.098368
    9.890000     -1.748620
    9.900000     -3.260348
    9.910000     -4.566263
    9.920000     -5.612439
    9.930000     -6.361364
    9.940000     -6.794111
    9.950000     -6.910924
    9.960000     -6.730608
    9.970000     -6.288602
    9.980000     -5.633818
    9.990000     -4.824698
   10.000000     -3.906999
