    1.700000     -1.458489
    1.710000     -1.410078
    1.720000     -1.397761
    1.730000     -1.442266
    1.740000     -1.562022
    1.750000     -1.770642
    1.760000     -2.074835
    1.770000     -2.473029
    1.780000     -2.954798
    1.790000     -3.501382
    1.800000     -4.087064
    1.810000     -4.681442
    1.820000     -5.252078
    1.830000     -5.767585
    1.840000     -6.200378
    1.850000     -6.529162
    1.860000     -6.740541
    1.870000     -6.829889
    1.880000     -6.801254
    1.890000     -6.666376
    1.900000     -6.443097
    1.910000     -6.153294
    1.920000     -5.820641
    1.930000     -5.468550
    1.940000     -5.118418
    1.950000     -4.788467
    1.960000     -4.493034
    1.970000     -4.242627
    1.980000     -4.044258
    1.990000     -3.902004
    2.000000     -3.817924
    2.010000     -3.792508
    2.020000     -3.825129
    2.030000     -3.914026
    2.040000     -4.056026
    2.050000     -4.246018
    2.060000     -4.476274
    2.070000     -4.736020
    2.080000     -5.011126
    2.090000     -5.284382
    2.100000     -5.536275
    2.110000     -5.746205
    2.120000     -5.894362
    2.130000     -5.963643
    2.140000     -5.941696
    2.150000     -5.822616
    2.160000     -5.608194
    2.170000     -5.308297
    2.180000     -4.940397
    2.190000     -4.528179
    2.200000     -4.099351
    2.210000     -3.682857
    2.220000     -3.305917
    2.230000     -2.991083
    2.240000     -2.753851
    2.250000     -2.601008
    2.260000     -2.530106
    2.270000     -2.529915
    2.280000     -2.582080
    2.290000     -2.663536
    2.300000     -2.749574
    2.310000     -2.817008
    2.320000     -2.847141
    2.330000     -2.828103
    2.340000     -2.756221
    2.350000     -2.636333
    2.360000     -2.480933
    2.370000     -2.308299
    2.380000     -2.139860
    2.390000     -1.997236
    2.400000     -1.899179
    2.410000     -1.859027
    2.420000     -1.882890
    2.430000     -1.968824
    2.440000     -2.107151
    2.450000     -2.281767
    2.460000     -2.472330
    2.470000     -2.656979
    2.480000     -2.815190
    2.490000     -2.930332
    2.500000     -2.991678
    2.510000     -2.995436
    2.520000     -2.944808
    2.530000     -2.848877
    2.540000     -2.720609
    2.550000     -2.574255
    2.560000     -2.422341
    2.570000     -2.272812
    2.580000     -2.126558
    2.590000     -1.975877
    2.600000     -1.803814
    2.610000     -1.584733
    2.620000     -1.285949
    2.630000     -0.870254
    2.640000     -0.299282
    2.650000      0.463070
    2.660000      1.446915
    2.670000      2.673283
    2.680000      4.151500
    2.690000      5.877566
    2.700000      7.833229
    2.710000      9.986565
    2.720000     12.292877
    2.730000     14.696786
    2.740000     17.134763
    2.750000     19.537955
    2.760000     21.835302
    2.770000     23.956705
    2.780000     25.835872
    2.790000     27.413194
    2.800000     28.638138
    2.810000     29.471310
    2.820000     29.885850
    2.830000     29.869164
    2.840000     29.423071
    2.850000     28.564532
    2.860000     27.324371
    2.870000     25.746670
    2.880000     23.886663
    2.890000     21.808245
    2.900000     19.581043
    2.910000     17.276677
    2.920000     14.965266
    2.930000     12.711909
    2.940000     10.573153
    2.950000      8.594684
    2.960000      6.809279
    2.970000      5.236171
    2.980000      3.881015
    2.990000      2.737563
    3.000000      1.789483
    3.010000      1.013299
    3.020000      0.381532
    3.030000     -0.134310
    3.040000     -0.560776
    3.050000     -0.920385
    3.060000     -1.230203
    3.070000     -1.501317
    3.080000     -1.739186
    3.090000     -1.944788
    3.100000     -2.116130
    3.110000     -2.250182
    3.120000     -2.344565
    3.130000     -2.399081
    3.140000     -2.416612
    3.150000     -2.403461
    3.160000     -2.368928
    3.170000     -2.324479
    3.180000     -2.282367
    3.190000     -2.254178
    3.200000     -2.249455
    3.210000     -2.274607
    3.220000     -2.332325
    3.230000     -2.421577
    3.240000     -2.538240
    3.250000     -2.676109
    3.260000     -2.828383
    3.270000     -2.989059
    3.280000     -3.154342
    3.290000     -3.323496
    3.300000     -3.499370
    3.310000     -3.687985
    3.320000     -3.897824
    3.330000     -4.138320
    3.340000     -4.418225
    3.350000     -4.743774
    3.360000     -5.117121
    3.370000     -5.535088
    3.380000     -5.988739
    3.390000     -6.463517
    3.400000     -6.940173
    3.410000     -7.396390
    3.420000     -7.808798
    3.430000     -8.155247
    3.440000     -8.417019
    3.450000     -8.580636
    3.460000     -8.639113
    3.470000     -8.592630
    3.480000     -8.448096
    3.490000     -8.218397
    3.500000     -7.920820
    3.510000     -7.575122
    3.520000     -7.201552
    3.530000     -6.818866
    3.540000     -6.443004
    3.550000     -6.085896
    3.560000     -5.755179
    3.570000     -5.454349
    3.580000     -5.183453
    3.590000     -4.940157
    3.600000     -4.720929
    3.610000     -4.522170
    3.620000     -4.341120
    3.630000     -4.176476
    3.640000     -4.028444
    3.650000     -3.898555
    3.660000     -3.788994
    3.670000     -3.701890
    3.680000     -3.638420
    3.690000     -3.598167
    3.700000     -3.578642
    3.710000     -3.575102
    3.720000     -3.580869
    3.730000     -3.587761
    3.740000     -3.586868
    3.750000     -3.569328
    3.760000     -3.527053
    3.770000     -3.453206
    3.780000     -3.342476
    3.790000     -3.190869
    3.800000     -2.995343
    3.810000     -2.753147
    3.820000     -2.461123
    3.830000     -2.115114
    3.840000     -1.709676
    3.850000     -1.238156
    3.860000     -0.693296
    3.870000     -0.068294
    3.880000      0.641737
    3.890000      1.438055
    3.900000      2.316610
    3.910000      3.266616
    3.920000      4.269625
    3.930000      5.299320
    3.940000      6.322212
    3.950000      7.299149
    3.960000      8.187754
    3.970000      8.945412
    3.980000      9.532589
    3.990000      9.916238
    4.000000     10.072814
    4.010000      9.990478
    4.020000      9.670575
    4.030000      9.127673
    4.040000      8.388550
    4.050000      7.490299
    4.060000      6.477013
    4.070000      5.396414
    4.080000      4.295847
    4.090000      3.218908
    4.100000      2.201939
    4.110000      1.272133
    4.120000      0.446121
    4.130000     -0.270385
    4.140000     -0.881410
    4.150000     -1.399268
    4.160000     -1.841998
    4.170000     -2.230926
    4.180000     -2.587870
    4.190000     -2.932942
    4.200000     -3.282625
    4.210000     -3.648805
    4.220000     -4.038223
    4.230000     -4.452907
    4.240000     -4.890809
    4.250000     -5.347158
    4.260000     -5.815635
    4.270000     -6.289671
    4.280000     -6.763413
    4.290000     -7.232391
    4.300000     -7.693639
    4.310000     -8.145677
    4.320000     -8.587879
    4.330000     -9.019941
    4.340000     -9.440996
    4.350000     -9.849308
    4.360000    -10.241697
    4.370000    -10.613580
    4.380000    -10.959240
    4.390000    -11.272308
    4.400000    -11.546648
    4.410000    -11.776953
    4.420000    -11.959782
    4.430000    -12.093708
    4.440000    -12.179993
    4.450000    -12.222275
    4.460000    -12.226197
    4.470000    -12.198663
    4.480000    -12.146991
    4.490000    -12.077882
    4.500000    -11.996495
    4.510000    -11.905798
    4.520000    -11.806101
    4.530000    -11.694914
    4.540000    -11.567441
    4.550000    -11.416949
    4.560000    -11.235823
    4.570000    -11.016330
    4.580000    -10.751528
    4.590000    -10.436023
    4.600000    -10.066162
    4.610000     -9.640143
    4.620000     -9.157762
    4.630000     -8.619368
    4.640000     -8.025303
    4.650000     -7.374611
    4.660000     -6.664181
    4.670000     -5.887937
    4.680000     -5.036641
    4.690000     -4.097795
    4.700000     -3.056662
    4.710000     -1.897086
    4.720000     -0.603583
    4.730000      0.837146
    4.740000      2.433651
    4.750000      4.188270
    4.760000      6.094897
    4.770000      8.138415
    4.780000     10.293547
    4.790000     12.525704
    4.800000     14.791374
    4.810000     17.040630
    4.820000     19.218694
    4.830000     21.269226
    4.840000     23.137015
    4.850000     24.771247
    4.860000     26.127629
    4.870000     27.171548
    4.880000     27.878458
    4.890000     28.236074
    4.900000     28.243450
    4.910000     27.911063
    4.920000     27.259391
    4.930000     26.317089
    4.940000     25.119325
    4.950000     23.705315
    4.960000     22.116362
    4.970000     20.393972
    4.980000     18.578080
    4.990000     16.706315
    5.000000     14.812550
    5.010000     12.927278
    5.020000     11.076618
    5.030000      9.283493
    5.040000      7.567148
    5.050000      5.944032
    5.060000      4.427685
    5.070000      3.029447
    5.080000      1.758006
    5.090000      0.619780
    5.100000     -0.381700
    5.110000     -1.245564
    5.120000     -1.974228
    5.130000     -2.573261
    5.140000     -3.051395
    5.150000     -3.420438
    5.160000     -3.694573
    5.170000     -3.889947
    5.180000     -4.023569
    5.190000     -4.112506
    5.200000     -4.172848
    5.210000     -4.218787
    5.220000     -4.261853
    5.230000     -4.310364
    5.240000     -4.369157
    5.250000     -4.439718
    5.260000     -4.520444
    5.270000     -4.607322
    5.280000     -4.694650
    5.290000     -4.776006
    5.300000     -4.845069
    5.310000     -4.896473
    5.320000     -4.926423
    5.330000     -4.933101
    5.340000     -4.916771
    5.350000     -4.879617
    5.360000     -4.825297
    5.370000     -4.758383
    5.380000     -4.683523
    5.390000     -4.604620
    5.400000     -4.523973
    5.410000     -4.441582
    5.420000     -4.354524
    5.430000     -4.256717
    5.440000     -4.138743
    5.450000     -3.988117
    5.460000     -3.789849
    5.470000     -3.527184
    5.480000     -3.182639
    5.490000     -2.739333
    5.500000     -2.182215
    5.510000     -1.499681
    5.520000     -0.684728
    5.530000      0.263505
    5.540000      1.339075
    5.550000      2.528110
    5.560000      3.809068
    5.570000      5.152424
    5.580000      6.521954
    5.590000      7.875593
    5.600000      9.167632
    5.610000     10.350596
    5.620000     11.378210
    5.630000     12.207494
    5.640000     12.801903
    5.650000     13.133329
    5.660000     13.184019
    5.670000     12.947918
    5.680000     12.430971
    5.690000     11.650865
    5.700000     10.635820
    5.710000      9.422491
    5.720000      8.053867
    5.730000      6.575867
    5.740000      5.034882
    5.750000      3.474488
    5.760000      1.933427
    5.770000      0.443273
    5.780000     -0.972098
    5.790000     -2.297396
    5.800000     -3.524827
    5.810000     -4.653535
    5.820000     -5.687424
    5.830000     -6.633687
    5.840000     -7.500501
    5.850000     -8.295654
    5.860000     -9.024905
    5.870000     -9.691467
    5.880000    -10.295724
    5.890000    -10.835623
    5.900000    -11.307519
    5.910000    -11.707385
    5.920000    -12.032072
    5.930000    -12.280539
    5.940000    -12.454514
    5.950000    -12.559142
    5.960000    -12.602777
    5.970000    -12.596381
    5.980000    -12.552397
    5.990000    -12.483437
    6.000000    -12.400775
    6.010000    -12.312748
    6.020000    -12.223508
    6.030000    -12.132447
    6.040000    -12.033598
    6.050000    -11.915990
    6.060000    -11.764422
    6.070000    -11.560565
    6.080000    -11.284440
    6.090000    -10.916003
    6.100000    -10.436450
    6.110000     -9.829854
    6.120000     -9.083692
    6.130000     -8.189923
    6.140000     -7.144730
    6.150000     -5.948882
    6.160000     -4.607422
    6.170000     -3.128958
    6.180000     -1.525952
    6.190000      0.186169
    6.200000      1.988387
    6.210000      3.858718
    6.220000      5.771323
    6.230000      7.697177
    6.240000      9.603112
    6.250000     11.453136
    6.260000     13.208039
    6.270000     14.827379
    6.280000     16.270365
    6.290000     17.498126
    6.300000     18.475573
    6.310000     19.173978
    6.320000     19.572560
    6.330000     19.660510
    6.340000     19.437743
    6.350000     18.915325
    6.360000     18.114810
    6.370000     17.066819
    6.380000     15.809276
    6.390000     14.384287
    6.400000     12.835907
    6.410000     11.206567
    6.420000      9.535272
    6.430000      7.855150
    6.440000      6.192257
    6.450000      4.565391
    6.460000      2.986160
    6.470000      1.460469
    6.480000     -0.010268
    6.490000     -1.426720
    6.500000     -2.790205
    6.510000     -4.100473
    6.520000     -5.354934
    6.530000     -6.547500
    6.540000     -7.669098
    6.550000     -8.707710
    6.560000     -9.650083
    6.570000    -10.482684
    6.580000    -11.193571
    6.590000    -11.773633
    6.600000    -12.217936
    6.610000    -12.526081
    6.620000    -12.702687
    6.630000    -12.756580
    6.640000    -12.700090
    6.650000    -12.547747
    6.660000    -12.314733
    6.670000    -12.015482
    6.680000    -11.662578
    6.690000    -11.265522
    6.700000    -10.830673
    6.710000    -10.360926
    6.720000     -9.856413
    6.730000     -9.315166
    6.740000     -8.734275
    6.750000     -8.110848
    6.760000     -7.443211
    6.770000     -6.731725
    6.780000     -5.979377
    6.790000     -5.191930
    6.800000     -4.378072
    6.810000     -3.548824
    6.820000     -2.717348
    6.830000     -1.897984
    6.840000     -1.105940
    6.850000     -0.356430
    6.860000      0.335473
    6.870000      0.955481
    6.880000      1.489999
    6.890000      1.926537
    6.900000      2.253696
    6.910000      2.461482
    6.920000      2.541507
    6.930000      2.487445
    6.940000      2.295588
    6.950000      1.965353
    6.960000      1.499801
    6.970000      0.906272
    6.980000      0.196334
    6.990000     -0.613849
    7.000000     -1.504308
    7.010000     -2.451604
    7.020000     -3.430172
    7.030000     -4.413354
    7.040000     -5.375119
    7.050000     -6.291294
    7.060000     -7.141152
    7.070000     -7.908240
    7.080000     -8.581466
    7.090000     -9.154966
    7.100000     -9.628309
    7.110000    -10.005750
    7.120000    -10.295175
    7.130000    -10.506921
    7.140000    -10.652499
    7.150000    -10.743007
    7.160000    -10.787964
    7.170000    -10.794277
    7.180000    -10.765377
    7.190000    -10.700755
    7.200000    -10.595808
    7.210000    -10.441997
    7.220000    -10.227198
    7.230000     -9.936093
    7.240000     -9.550980
    7.250000     -9.052362
    7.260000     -8.419884
    7.270000     -7.632983
    7.280000     -6.672091
    7.290000     -5.519273
    7.300000     -4.159665
    7.310000     -2.582296
    7.320000     -0.781734
    7.330000      1.241210
    7.340000      3.477752
    7.350000      5.910802
    7.360000      8.513695
    7.370000     11.250688
    7.380000     14.076382
    7.390000     16.937677
    7.400000     19.774160
    7.410000     22.521304
    7.420000     25.111909
    7.430000     27.479905
    7.440000     29.562972
    7.450000     31.305317
    7.460000     32.660838
    7.470000     33.595160
    7.480000     34.087145
    7.490000     34.129672
    7.500000     33.730051
    7.510000     32.909199
    7.520000     31.699821
    7.530000     30.145086
    7.540000     28.295996
    7.550000     26.208840
    7.560000     23.942344
    7.570000     21.555927
    7.580000     19.106520
    7.590000     16.647750
    7.600000     14.227412
    7.610000     11.887536
    7.620000      9.662794
    7.630000      7.581088
    7.640000      5.662670
    7.650000      3.921299
    7.660000      2.363843
    7.670000      0.991544
    7.680000     -0.199832
    7.690000     -1.218864
    7.700000     -2.077809
    7.710000     -2.791717
    7.720000     -3.377293
    7.730000     -3.852028
    7.740000     -4.233164
    7.750000     -4.536797
    7.760000     -4.776944
    7.770000     -4.965023
    7.780000     -5.109416
    7.790000     -5.215209
    7.800000     -5.284458
    7.810000     -5.316626
    7.820000     -5.309179
    7.830000     -5.258567
    7.840000     -5.161178
    7.850000     -5.014436
    7.860000     -4.817618
    7.870000     -4.572777
    7.880000     -4.285132
    7.890000     -3.963348
    7.900000     -3.619435
    7.910000     -3.268234
    7.920000     -2.926812
    7.930000     -2.613422
    7.940000     -2.346581
    7.950000     -2.143939
    7.960000     -2.021213
    7.970000     -1.991462
    7.980000     -2.064223
    7.990000     -2.245277
    8.000000     -2.536414
    8.010000     -2.935413
    8.020000     -3.436445
    8.030000     -4.030644
    8.040000     -4.706382
    8.050000     -5.450097
    8.060000     -6.246850
    8.070000     -7.081104
    8.080000     -7.936898
    8.090000     -8.798534
    8.100000     -9.650693
    8.110000    -10.479165
    8.120000    -11.270346
    8.130000    -12.011817
    8.140000    -12.692183
    8.150000    -13.301427
    8.160000    -13.830433
    8.170000    -14.271438
    8.180000    -14.617573
    8.190000    -14.863273
    8.200000    -15.003862
    8.210000    -15.035591
    8.220000    -14.955477
    8.230000    -14.761165
    8.240000    -14.450767
    8.250000    -14.022842
    8.260000    -13.476079
    8.270000    -12.809348
    8.280000    -12.021818
    8.290000    -11.112863
    8.300000    -10.082458
    8.310000     -8.931611
    8.320000     -7.662229
    8.330000     -6.278448
    8.340000     -4.786597
    8.350000     -3.196126
    8.360000     -1.519465
    8.370000      0.226639
    8.380000      2.021533
    8.390000      3.840239
    8.400000      5.654436
    8.410000      7.431913
    8.420000      9.137982
    8.430000     10.736345
    8.440000     12.190854
    8.450000     13.466056
    8.460000     14.529384
    8.470000     15.352429
    8.480000     15.912319
    8.490000     16.193162
    8.500000     16.186399
    8.510000     15.891741
    8.520000     15.317222
    8.530000     14.478701
    8.540000     13.399274
    8.550000     12.108397
    8.560000     10.640512
    8.570000      9.033027
    8.580000      7.325658
    8.590000      5.558440
    8.600000      3.770336
    8.610000      1.997721
    8.620000      0.274233
    8.630000     -1.370525
    8.640000     -2.910966
    8.650000     -4.326294
    8.660000     -5.599425
    8.670000     -6.717271
    8.680000     -7.670117
    8.690000     -8.451386
    8.700000     -9.056658
    8.710000     -9.483506
    8.720000     -9.730957
    8.730000     -9.799259
    8.740000     -9.689542
    8.750000     -9.403855
    8.760000     -8.945147
    8.770000     -8.317505
    8.780000     -7.526297
    8.790000     -6.578925
    8.800000     -5.485128
    8.810000     -4.257823
    8.820000     -2.913202
    8.830000     -1.472015
    8.840000      0.040399
    8.850000      1.593682
    8.860000      3.153059
    8.870000      4.678976
    8.880000      6.128523
    8.890000      7.456498
    8.900000      8.617833
    8.910000      9.568724
    8.920000     10.269775
    8.930000     10.688094
    8.940000     10.799847
    8.950000     10.591981
    8.960000     10.063677
    8.970000      9.227199
    8.980000      8.107624
    8.990000      6.741434
    9.000000      5.175219
    9.010000      3.462616
    9.020000      1.661373
    9.030000     -0.170781
    9.040000     -1.978500
    9.050000     -3.712546
    9.060000     -5.331895
    9.070000     -6.805997
    9.080000     -8.114340
    9.090000     -9.246839
    9.100000    -10.202248
    9.110000    -10.986590
    9.120000    -11.610063
    9.130000    -12.084937
    9.140000    -12.422884
    9.150000    -12.633208
    9.160000    -12.721235
    9.170000    -12.688119
    9.180000    -12.531018
    9.190000    -12.244214
    9.200000    -11.820908
    9.210000    -11.255178
    9.220000    -10.544087
    9.230000     -9.689589
    9.240000     -8.699613
    9.250000     -7.589132
    9.260000     -6.379843
    9.270000     -5.099522
    9.280000     -3.779968
    9.290000     -2.455855
    9.300000     -1.162027
    9.310000      0.068386
    9.320000      1.206330
    9.330000      2.227466
    9.340000      3.113475
    9.350000      3.852037
    9.360000      4.436737
    9.370000      4.865762
    9.380000      5.141104
    9.390000      5.267403
    9.400000      5.250893
    9.410000      5.098643
    9.420000      4.818324
    9.430000      4.418240
    9.440000      3.907586
    9.450000      3.297331
    9.460000      2.600630
    9.470000      1.833519
    9.480000      1.014823
    9.490000      0.166379
    9.500000     -0.687885
    9.510000     -1.522919
    9.520000     -2.313862
    9.530000     -3.037858
    9.540000     -3.674994
    9.550000     -4.209788
    9.560000     -4.631812
    9.570000     -4.935888
    9.580000     -5.121463
    9.590000     -5.191723
    9.600000     -5.152199
    9.610000     -5.009164
    9.620000     -4.768130
    9.630000     -4.432797
    9.640000     -4.004420
    9.650000     -3.481868
    9.660000     -2.862627
    9.670000     -2.144264
    9.680000     -1.326522
    9.690000     -0.413198
    9.700000      0.585271
    9.710000      1.650551
    9.720000      2.755374
    9.730000      3.864148
    9.740000      4.933667
    9.750000      5.915798
    9.760000      6.760690
    9.770000      7.420599
    9.780000      7.854079
    9.790000      8.029336
    9.800000      7.927694
    9.810000      7.545546
    9.820000      6.894909
    9.830000      6.002979
    9.840000      4.910071
    9.850000      3.666578
    9.860000      2.328648
    9.870000      0.954702
    9.880000     -0.399137
    9.890000     -1.682237
    9.900000     -2.852563
    9.910000     -3.877255
    9.920000     -4.733385
    9.930000     -5.406592
    9.940000     -5.889617
    9.950000     -6.179309
    9.960000     -6.274263
    9.970000     -6.172453
    9.980000     -5.869414
    9.990000     -5.357402
   10.000000     -4.625780
