    1.700000     -1.075145
    1.710000     -1.352636
    1.720000     -1.622849
    1.730000     -1.883196
    1.740000     -2.127212
    1.750000     -2.351062
    1.760000     -2.553848
    1.770000     -2.737578
    1.780000     -2.906808
    1.790000     -3.068008
    1.800000     -3.228721
    1.810000     -3.396620
    1.820000     -3.578576
    1.830000     -3.779829
    1.840000     -4.003365
    1.850000     -4.249563
    1.860000     -4.516127
    1.870000     -4.798310
    1.880000     -5.089395
    1.890000     -5.381345
    1.900000     -5.665557
    1.910000     -5.933622
    1.920000     -6.177998
    1.930000     -6.392537
    1.940000     -6.572803
    1.950000     -6.716181
    1.960000     -6.821774
    1.970000     -6.890126
    1.980000     -6.922839
    1.990000     -6.922135
    2.000000     -6.890440
    2.010000     -6.830049
    2.020000     -6.742908
    2.030000     -6.630543
    2.040000     -6.494119
    2.050000     -6.334626
    2.060000     -6.153128
    2.070000     -5.951038
    2.080000     -5.730367
    2.090000     -5.493886
    2.100000     -5.245184
    2.110000     -4.988592
    2.120000     -4.728995
    2.130000     -4.471526
    2.140000     -4.221219
    2.150000     -3.982634
    2.160000     -3.759522
    2.170000     -3.554579
    2.180000     -3.369303
    2.190000     -3.203990
    2.200000     -3.057858
    2.210000     -2.929278
    2.220000     -2.816088
    2.230000     -2.715926
    2.240000     -2.626558
    2.250000     -2.546144
    2.260000     -2.473408
    2.270000     -2.407705
    2.280000     -2.348971
    2.290000     -2.297581
    2.300000     -2.254132
    2.310000     -2.219208
    2.320000     -2.193149
    2.330000     -2.175871
    2.340000     -2.166761
    2.350000     -2.164676
    2.360000     -2.168020
    2.370000     -2.174907
    2.380000     -2.183369
    2.390000     -2.191574
    2.400000     -2.198023
    2.410000     -2.201686
    2.420000     -2.202051
    2.430000     -2.199082
    2.440000     -2.193084
    2.450000     -2.184503
    2.460000     -2.173675
    2.470000     -2.160573
    2.480000     -2.144579
    2.490000     -2.124306
    2.500000     -2.097506
    2.510000     -2.061053
    2.520000     -2.010987
    2.530000     -1.942603
    2.540000     -1.850518
    2.550000     -1.728814
    2.560000     -1.570991
    2.570000     -1.369957
    2.580000     -1.117907
    2.590000     -0.806132
    2.600000     -0.424902
    2.610000      0.036646
    2.620000      0.590462
    2.630000      1.249351
    2.640000      2.026469
    2.650000      2.934536
    2.660000      3.984762
    2.670000      5.185535
    2.680000      6.540947
    2.690000      8.049288
    2.700000      9.701646
    2.710000     11.480810
    2.720000     13.360598
    2.730000     15.305778
    2.740000     17.272669
    2.750000     19.210460
    2.760000     21.063225
    2.770000     22.772538
    2.780000     24.280512
    2.790000     25.533073
    2.800000     26.483186
    2.810000     27.093806
    2.820000     27.340258
    2.830000     27.211909
    2.840000     26.712894
    2.850000     25.861908
    2.860000     24.691031
    2.870000     23.243689
    2.880000     21.571941
    2.890000     19.733300
    2.900000     17.787362
    2.910000     15.792519
    2.920000     13.802986
    2.930000     11.866379
    2.940000     10.021970
    2.950000      8.299708
    2.960000      6.720002
    2.970000      5.294200
    2.980000      4.025634
    2.990000      2.911055
    3.000000      1.942291
    3.010000      1.107928
    3.020000      0.394845
    3.030000     -0.210500
    3.040000     -0.721127
    3.050000     -1.148956
    3.060000     -1.504559
    3.070000     -1.797200
    3.080000     -2.035062
    3.090000     -2.225581
    3.100000     -2.375722
    3.110000     -2.492275
    3.120000     -2.581945
    3.130000     -2.651330
    3.140000     -2.706807
    3.150000     -2.754251
    3.160000     -2.798794
    3.170000     -2.844587
    3.180000     -2.894667
    3.190000     -2.950912
    3.200000     -3.014195
    3.210000     -3.084619
    3.220000     -3.161886
    3.230000     -3.245701
    3.240000     -3.336137
    3.250000     -3.433934
    3.260000     -3.540658
    3.270000     -3.658669
    3.280000     -3.790929
    3.290000     -3.940624
    3.300000     -4.110690
    3.310000     -4.303278
    3.320000     -4.519246
    3.330000     -4.757759
    3.340000     -5.016054
    3.350000     -5.289419
    3.360000     -5.571398
    3.370000     -5.854200
    3.380000     -6.129279
    3.390000     -6.388002
    3.400000     -6.622327
    3.410000     -6.825411
    3.420000     -6.992067
    3.430000     -7.119016
    3.440000     -7.204926
    3.450000     -7.250215
    3.460000     -7.256699
    3.470000     -7.227109
    3.480000     -7.164590
    3.490000     -7.072247
    3.500000     -6.952806
    3.510000     -6.808463
    3.520000     -6.640915
    3.530000     -6.451577
    3.540000     -6.241938
    3.550000     -6.013976
    3.560000     -5.770547
    3.570000     -5.515668
    3.580000     -5.254613
    3.590000     -4.993774
    3.600000     -4.740277
    3.610000     -4.501384
    3.620000     -4.283745
    3.630000     -4.092606
    3.640000     -3.931097
    3.650000     -3.799659
    3.660000     -3.695831
    3.670000     -3.614296
    3.680000     -3.547364
    3.690000     -3.485740
    3.700000     -3.419568
    3.710000     -3.339567
    3.720000     -3.238139
    3.730000     -3.110479
    3.740000     -2.955042
    3.750000     -2.772969
    3.760000     -2.568220
    3.770000     -2.346792
    3.780000     -2.115555
    3.790000     -1.880847
    3.800000     -1.647022
    3.810000     -1.415166
    3.820000     -1.182214
    3.830000     -0.940548
    3.840000     -0.678352
    3.850000     -0.380569
    3.860000     -0.030560
    3.870000      0.387776
    3.880000      0.887605
    3.890000      1.476782
    3.900000      2.155773
    3.910000      2.916202
    3.920000      3.740179
    3.930000      4.600619
    3.940000      5.462544
    3.950000      6.285353
    3.960000      7.025879
    3.970000      7.641911
    3.980000      8.095869
    3.990000      8.358243
    4.000000      8.410443
    4.010000      8.246705
    4.020000      7.874796
    4.030000      7.315285
    4.040000      6.599681
    4.050000      5.767489
    4.060000      4.862685
    4.070000      3.929885
    4.080000      3.010599
    4.090000      2.139952
    4.100000      1.344216
    4.110000      0.639359
    4.120000      0.030702
    4.130000     -0.486332
    4.140000     -0.924529
    4.150000     -1.302475
    4.160000     -1.641748
    4.170000     -1.964074
    4.180000     -2.288777
    4.190000     -2.630780
    4.200000     -2.999420
    4.210000     -3.398051
    4.220000     -3.824539
    4.230000     -4.272401
    4.240000     -4.732454
    4.250000     -5.194667
    4.260000     -5.649964
    4.270000     -6.091690
    4.280000     -6.516567
    4.290000     -6.925063
    4.300000     -7.321037
    4.310000     -7.710899
    4.320000     -8.102283
    4.330000     -8.502543
    4.340000     -8.917265
    4.350000     -9.349021
    4.360000     -9.796550
    4.370000    -10.254463
    4.380000    -10.713560
    4.390000    -11.161625
    4.400000    -11.584677
    4.410000    -11.968411
    4.420000    -12.299689
    4.430000    -12.567849
    4.440000    -12.765670
    4.450000    -12.889868
    4.460000    -12.941085
    4.470000    -12.923385
    4.480000    -12.843359
    4.490000    -12.708986
    4.500000    -12.528417
    4.510000    -12.308867
    4.520000    -12.055768
    4.530000    -11.772286
    4.540000    -11.459283
    4.550000    -11.115608
    4.560000    -10.738787
    4.570000    -10.325826
    4.580000     -9.874055
    4.590000     -9.381870
    4.600000     -8.849136
    4.610000     -8.277259
    4.620000     -7.668801
    4.630000     -7.026918
    4.640000     -6.354119
    4.650000     -5.651432
    4.660000     -4.917104
    4.670000     -4.145895
    4.680000     -3.328628
    4.690000     -2.452291
    4.700000     -1.500683
    4.710000     -0.455660
    4.720000      0.701153
    4.730000      1.986378
    4.740000      3.412670
    4.750000      4.986740
    4.760000      6.707564
    4.770000      8.565141
    4.780000     10.539888
    4.790000     12.602737
    4.800000     14.715949
    4.810000     16.834593
    4.820000     18.908541
    4.830000     20.884852
    4.840000     22.710323
    4.850000     24.334065
    4.860000     25.709880
    4.870000     26.798341
    4.880000     27.568461
    4.890000     27.998876
    4.900000     28.078562
    4.910000     27.807049
    4.920000     27.194224
    4.930000     26.259708
    4.940000     25.031967
    4.950000     23.547060
    4.960000     21.847238
    4.970000     19.979290
    4.980000     17.992784
    4.990000     15.938187
    5.000000     13.864975
    5.010000     11.819745
    5.020000      9.844482
    5.030000      7.975015
    5.040000      6.239816
    5.050000      4.659186
    5.060000      3.244947
    5.070000      2.000640
    5.080000      0.922251
    5.090000     -0.000587
    5.100000     -0.783049
    5.110000     -1.443297
    5.120000     -2.000638
    5.130000     -2.473766
    5.140000     -2.879287
    5.150000     -3.230668
    5.160000     -3.537681
    5.170000     -3.806390
    5.180000     -4.039555
    5.190000     -4.237612
    5.200000     -4.399642
    5.210000     -4.524687
    5.220000     -4.612731
    5.230000     -4.665548
    5.240000     -4.687100
    5.250000     -4.683523
    5.260000     -4.662633
    5.270000     -4.633083
    5.280000     -4.603281
    5.290000     -4.580218
    5.300000     -4.568442
    5.310000     -4.569282
    5.320000     -4.580518
    5.330000     -4.596517
    5.340000     -4.608879
    5.350000     -4.607483
    5.360000     -4.581822
    5.370000     -4.522415
    5.380000     -4.422100
    5.390000     -4.277026
    5.400000     -4.087118
    5.410000     -3.856017
    5.420000     -3.590371
    5.430000     -3.298637
    5.440000     -2.989496
    5.450000     -2.670118
    5.460000     -2.344527
    5.470000     -2.012317
    5.480000     -1.667957
    5.490000     -1.300821
    5.500000     -0.896037
    5.510000     -0.436081
    5.520000      0.096979
    5.530000      0.718880
    5.540000      1.440448
    5.550000      2.265143
    5.560000      3.187151
    5.570000      4.190325
    5.580000      5.248127
    5.590000      6.324669
    5.600000      7.376795
    5.610000      8.357022
    5.620000      9.217087
    5.630000      9.911726
    5.640000     10.402320
    5.650000     10.660030
    5.660000     10.668100
    5.670000     10.423094
    5.680000      9.934966
    5.690000      9.225955
    5.700000      8.328456
    5.710000      7.282104
    5.720000      6.130381
    5.730000      4.917101
    5.740000      3.683132
    5.750000      2.463644
    5.760000      1.286169
    5.770000      0.169496
    5.780000     -0.876425
    5.790000     -1.849732
    5.800000     -2.755173
    5.810000     -3.602161
    5.820000     -4.402594
    5.830000     -5.168720
    5.840000     -5.911273
    5.850000     -6.638065
    5.860000     -7.353132
    5.870000     -8.056475
    5.880000     -8.744340
    5.890000     -9.409952
    5.900000    -10.044521
    5.910000    -10.638395
    5.920000    -11.182158
    5.930000    -11.667558
    5.940000    -12.088160
    5.950000    -12.439666
    5.960000    -12.719914
    5.970000    -12.928591
    5.980000    -13.066737
    5.990000    -13.136145
    6.000000    -13.138744
    6.010000    -13.076059
    6.020000    -12.948805
    6.030000    -12.756667
    6.040000    -12.498237
    6.050000    -12.171136
    6.060000    -11.772211
    6.070000    -11.297832
    6.080000    -10.744167
    6.090000    -10.107450
    6.100000     -9.384181
    6.110000     -8.571286
    6.120000     -7.666229
    6.130000     -6.667129
    6.140000     -5.572909
    6.150000     -4.383517
    6.160000     -3.100250
    6.170000     -1.726182
    6.180000     -0.266684
    6.190000      1.270009
    6.200000      2.872238
    6.210000      4.524459
    6.220000      6.206949
    6.230000      7.895754
    6.240000      9.562964
    6.250000     11.177305
    6.260000     12.705096
    6.270000     14.111498
    6.280000     15.362005
    6.290000     16.424073
    6.300000     17.268765
    6.310000     17.872303
    6.320000     18.217372
    6.330000     18.294110
    6.340000     18.100678
    6.350000     17.643367
    6.360000     16.936257
    6.370000     16.000428
    6.380000     14.862816
    6.390000     13.554784
    6.400000     12.110529
    6.410000     10.565438
    6.420000      8.954504
    6.430000      7.310910
    6.440000      5.664850
    6.450000      4.042658
    6.460000      2.466258
    6.470000      0.952952
    6.480000     -0.484482
    6.490000     -1.837431
    6.500000     -3.100881
    6.510000     -4.272704
    6.520000     -5.352883
    6.530000     -6.342738
    6.540000     -7.244212
    6.550000     -8.059272
    6.560000     -8.789468
    6.570000     -9.435658
    6.580000     -9.997923
    6.590000    -10.475646
    6.600000    -10.867749
    6.610000    -11.173025
    6.620000    -11.390551
    6.630000    -11.520104
    6.640000    -11.562540
    6.650000    -11.520088
    6.660000    -11.396519
    6.670000    -11.197153
    6.680000    -10.928714
    6.690000    -10.599017
    6.700000    -10.216536
    6.710000     -9.789877
    6.720000     -9.327226
    6.730000     -8.835823
    6.740000     -8.321539
    6.750000     -7.788606
    6.760000     -7.239546
    6.770000     -6.675322
    6.780000     -6.095715
    6.790000     -5.499894
    6.800000     -4.887139
    6.810000     -4.257627
    6.820000     -3.613212
    6.830000     -2.958097
    6.840000     -2.299315
    6.850000     -1.646939
    6.860000     -1.013983
    6.870000     -0.415973
    6.880000      0.129800
    6.890000      0.605290
    6.900000      0.992886
    6.910000      1.276672
    6.920000      1.443655
    6.930000      1.484827
    6.940000      1.395957
    6.950000      1.178039
    6.960000      0.837344
    6.970000      0.385054
    6.980000     -0.163476
    6.990000     -0.789765
    7.000000     -1.473468
    7.010000     -2.193732
    7.020000     -2.930508
    7.030000     -3.665716
    7.040000     -4.384149
    7.050000     -5.074032
    7.060000     -5.727227
    7.070000     -6.339056
    7.080000     -6.907806
    7.090000     -7.433975
    7.100000     -7.919359
    7.110000     -8.366094
    7.120000     -8.775752
    7.130000     -9.148590
    7.140000     -9.483010
    7.150000     -9.775291
    7.160000    -10.019571
    7.170000    -10.208071
    7.180000    -10.331497
    7.190000    -10.379554
    7.200000    -10.341479
    7.210000    -10.206538
    7.220000     -9.964406
    7.230000     -9.605416
    7.240000     -9.120643
    7.250000     -8.501879
    7.260000     -7.741521
    7.270000     -6.832457
    7.280000     -5.768030
    7.290000     -4.542143
    7.300000     -3.149572
    7.310000     -1.586530
    7.320000      0.148545
    7.330000      2.053995
    7.340000      4.123833
    7.350000      6.346615
    7.360000      8.704442
    7.370000     11.172215
    7.380000     13.717270
    7.390000     16.299516
    7.400000     18.872109
    7.410000     21.382720
    7.420000     23.775325
    7.430000     25.992448
    7.440000     27.977710
    7.450000     29.678523
    7.460000     31.048719
    7.470000     32.050931
    7.480000     32.658545
    7.490000     32.857065
    7.500000     32.644815
    7.510000     32.032900
    7.520000     31.044478
    7.530000     29.713385
    7.540000     28.082243
    7.550000     26.200210
    7.560000     24.120536
    7.570000     21.898102
    7.580000     19.587112
    7.590000     17.239066
    7.600000     14.901104
    7.610000     12.614799
    7.620000     10.415385
    7.630000      8.331414
    7.640000      6.384774
    7.650000      4.591003
    7.660000      2.959801
    7.670000      1.495682
    7.680000      0.198666
    7.690000     -0.935015
    7.700000     -1.912242
    7.710000     -2.742382
    7.720000     -3.436694
    7.730000     -4.007775
    7.740000     -4.469017
    7.750000     -4.834075
    7.760000     -5.116343
    7.770000     -5.328428
    7.780000     -5.481738
    7.790000     -5.586036
    7.800000     -5.649176
    7.810000     -5.676956
    7.820000     -5.673156
    7.830000     -5.639745
    7.840000     -5.577271
    7.850000     -5.485401
    7.860000     -5.363567
    7.870000     -5.211648
    7.880000     -5.030636
    7.890000     -4.823202
    7.900000     -4.594098
    7.910000     -4.350352
    7.920000     -4.101229
    7.930000     -3.857946
    7.940000     -3.633175
    7.950000     -3.440365
    7.960000     -3.292965
    7.970000     -3.203605
    7.980000     -3.183316
    7.990000     -3.240670
    8.000000     -3.381599
    8.010000     -3.609085
    8.020000     -3.922969
    8.030000     -4.320053
    8.040000     -4.794375
    8.050000     -5.337635
    8.060000     -5.939693
    8.070000     -6.589119
    8.080000     -7.273718
    8.090000     -7.981019
    8.100000     -8.698662
    8.110000     -9.414711
    8.120000    -10.117848
    8.130000    -10.797482
    8.140000    -11.443775
    8.150000    -12.047610
    8.160000    -12.600509
    8.170000    -13.094533
    8.180000    -13.522161
    8.190000    -13.876168
    8.200000    -14.149506
    8.210000    -14.335198
    8.220000    -14.426241
    8.230000    -14.415541
    8.240000    -14.295886
    8.250000    -14.059973
    8.260000    -13.700515
    8.270000    -13.210434
    8.280000    -12.583165
    8.290000    -11.813070
    8.300000    -10.895955
    8.310000     -9.829672
    8.320000     -8.614775
    8.330000     -7.255170
    8.340000     -5.758722
    8.350000     -4.137735
    8.360000     -2.409263
    8.370000     -0.595184
    8.380000      1.277985
    8.390000      3.179565
    8.400000      5.075459
    8.410000      6.929162
    8.420000      8.702952
    8.430000     10.359226
    8.440000     11.861880
    8.450000     13.177658
    8.460000     14.277399
    8.470000     15.137097
    8.480000     15.738739
    8.490000     16.070882
    8.500000     16.128952
    8.510000     15.915286
    8.520000     15.438916
    8.530000     14.715147
    8.540000     13.764952
    8.550000     12.614227
    8.560000     11.292933
    8.570000      9.834161
    8.580000      8.273136
    8.590000      6.646194
    8.600000      4.989731
    8.610000      3.339170
    8.620000      1.727957
    8.630000      0.186632
    8.640000     -1.257981
    8.650000     -2.583438
    8.660000     -3.772116
    8.670000     -4.811421
    8.680000     -5.693722
    8.690000     -6.416001
    8.700000     -6.979246
    8.710000     -7.387630
    8.720000     -7.647532
    8.730000     -7.766512
    8.740000     -7.752322
    8.750000     -7.612078
    8.760000     -7.351678
    8.770000     -6.975544
    8.780000     -6.486130
    8.790000     -5.886004
    8.800000     -5.177388
    8.810000     -4.363531
    8.820000     -3.449884
    8.830000     -2.445265
    8.840000     -1.362862
    8.850000     -0.220929
    8.860000      0.956928
    8.870000      2.141968
    8.880000      3.301066
    8.890000      4.397961
    8.900000      5.394940
    8.910000      6.254832
    8.920000      6.943142
    8.930000      7.430154
    8.940000      7.692826
    8.950000      7.716296
    8.960000      7.494881
    8.970000      7.032472
    8.980000      6.342306
    8.990000      5.446122
    9.000000      4.372800
    9.010000      3.156596
    9.020000      1.835120
    9.030000      0.447255
    9.040000     -0.968850
    9.050000     -2.377535
    9.060000     -3.747019
    9.070000     -5.050353
    9.080000     -6.265902
    9.090000     -7.377354
    9.100000     -8.373343
    9.110000     -9.246738
    9.120000     -9.993737
    9.130000    -10.612867
    9.140000    -11.104025
    9.150000    -11.467645
    9.160000    -11.704073
    9.170000    -11.813221
    9.180000    -11.794488
    9.190000    -11.646956
    9.200000    -11.369812
    9.210000    -10.962945
    9.220000    -10.427624
    9.230000     -9.767191
    9.240000     -8.987681
    9.250000     -8.098308
    9.260000     -7.111731
    9.270000     -6.044112
    9.280000     -4.914899
    9.290000     -3.746375
    9.300000     -2.562985
    9.310000     -1.390487
    9.320000     -0.254986
    9.330000      0.818089
    9.340000      1.804984
    9.350000      2.684549
    9.360000      3.439020
    9.370000      4.054629
    9.380000      4.521992
    9.390000      4.836288
    9.400000      4.997209
    9.410000      5.008723
    9.420000      4.878668
    9.430000      4.618232
    9.440000      4.241356
    9.450000      3.764105
    9.460000      3.204056
    9.470000      2.579720
    9.480000      1.910021
    9.490000      1.213847
    9.500000      0.509664
    9.510000     -0.184819
    9.520000     -0.852936
    9.530000     -1.479321
    9.540000     -2.050152
    9.550000     -2.553354
    9.560000     -2.978798
    9.570000     -3.318440
    9.580000     -3.566411
    9.590000     -3.719034
    9.600000     -3.774744
    9.610000     -3.733920
    9.620000     -3.598638
    9.630000     -3.372356
    9.640000     -3.059589
    9.650000     -2.665603
    9.660000     -2.196196
    9.670000     -1.657610
    9.680000     -1.056603
    9.690000     -0.400710
    9.700000      0.301340
    9.710000      1.039075
    9.720000      1.799703
    9.730000      2.567579
    9.740000      3.323860
    9.750000      4.046443
    9.760000      4.710297
    9.770000      5.288251
    9.780000      5.752256
    9.790000      6.076054
    9.800000      6.234005
    9.810000      6.206718
    9.820000      5.982035
    9.830000      5.556927
    9.840000      4.938883
    9.850000      4.146595
    9.860000      3.209749
    9.870000      2.167937
    9.880000      1.068575
    9.890000     -0.035931
    9.900000     -1.091647
    9.910000     -2.046899
    9.920000     -2.856039
    9.930000     -3.482837
    9.940000     -3.903271
    9.950000     -4.107155
    9.960000     -4.098870
    9.970000     -3.896619
    9.980000     -3.530657
    9.990000     -3.040484
   10.000000     -2.462212
