    1.700000     -1.652585
    1.710000     -1.650628
    1.720000     -1.645787
    1.730000     -1.658250
    1.740000     -1.711051
    1.750000     -1.826895
    1.760000     -2.024919
    1.770000     -2.317659
    1.780000     -2.708784
    1.790000     -3.191768
    1.800000     -3.749788
    1.810000     -4.356855
    1.820000     -4.980024
    1.830000     -5.582534
    1.840000     -6.127183
    1.850000     -6.580066
    1.860000     -6.913720
    1.870000     -7.109570
    1.880000     -7.159446
    1.890000     -7.066021
    1.900000     -6.842060
    1.910000     -6.508818
    1.920000     -6.093758
    1.930000     -5.627891
    1.940000     -5.142987
    1.950000     -4.669226
    1.960000     -4.233267
    1.970000     -3.856828
    1.980000     -3.556069
    1.990000     -3.341558
    2.000000     -3.218618
    2.010000     -3.187943
    2.020000     -3.246341
    2.030000     -3.387409
    2.040000     -3.601963
    2.050000     -3.878336
    2.060000     -4.202457
    2.070000     -4.557897
    2.080000     -4.925926
    2.090000     -5.285995
    2.100000     -5.616272
    2.110000     -5.894768
    2.120000     -6.100765
    2.130000     -6.216473
    2.140000     -6.228815
    2.150000     -6.131012
    2.160000     -5.923759
    2.170000     -5.615904
    2.180000     -5.224094
    2.190000     -4.771857
    2.200000     -4.287659
    2.210000     -3.802402
    2.220000     -3.346557
    2.230000     -2.947146
    2.240000     -2.625133
    2.250000     -2.393342
    2.260000     -2.255341
    2.270000     -2.205309
    2.280000     -2.229051
    2.290000     -2.305947
    2.300000     -2.411614
    2.310000     -2.520998
    2.320000     -2.611419
    2.330000     -2.665270
    2.340000     -2.671973
    2.350000     -2.628936
    2.360000     -2.541532
    2.370000     -2.421905
    2.380000     -2.287016
    2.390000     -2.156073
    2.400000     -2.047730
    2.410000     -1.977483
    2.420000     -1.955583
    2.430000     -1.985687
    2.440000     -2.064595
    2.450000     -2.182770
    2.460000     -2.325923
    2.470000     -2.477058
    2.480000     -2.618900
    2.490000     -2.736286
    2.500000     -2.818062
    2.510000     -2.858430
    2.520000     -2.857292
    2.530000     -2.819707
    2.540000     -2.754514
    2.550000     -2.672204
    2.560000     -2.582357
    2.570000     -2.491186
    2.580000     -2.399040
    2.590000     -2.298807
    2.600000     -2.174962
    2.610000     -2.003634
    2.620000     -1.753614
    2.630000     -1.388439
    2.640000     -0.868964
    2.650000     -0.156672
    2.660000      0.782938
    2.670000      1.977088
    2.680000      3.442736
    2.690000      5.184277
    2.700000      7.191779
    2.710000      9.440399
    2.720000     11.890479
    2.730000     14.488448
    2.740000     17.168568
    2.750000     19.855595
    2.760000     22.467452
    2.770000     24.919191
    2.780000     27.126265
    2.790000     29.009144
    2.800000     30.496665
    2.810000     31.530136
    2.820000     32.066869
    2.830000     32.082478
    2.840000     31.573219
    2.850000     30.556498
    2.860000     29.070822
    2.870000     27.173933
    2.880000     24.940281
    2.890000     22.456458
    2.900000     19.816672
    2.910000     17.117083
    2.920000     14.450039
    2.930000     11.898794
    2.940000      9.532787
    2.950000      7.404039
    2.960000      5.545690
    2.970000      3.970840
    2.980000      2.674345
    2.990000      1.635355
    3.000000      0.821243
    3.010000      0.192129
    3.020000     -0.294290
    3.030000     -0.678301
    3.040000     -0.994490
    3.050000     -1.269187
    3.060000     -1.519296
    3.070000     -1.752371
    3.080000     -1.968117
    3.090000     -2.160618
    3.100000     -2.321186
    3.110000     -2.441342
    3.120000     -2.515325
    3.130000     -2.541948
    3.140000     -2.525519
    3.150000     -2.475621
    3.160000     -2.406022
    3.170000     -2.332753
    3.180000     -2.271824
    3.190000     -2.236918
    3.200000     -2.237406
    3.210000     -2.277120
    3.220000     -2.354002
    3.230000     -2.460716
    3.240000     -2.586206
    3.250000     -2.717912
    3.260000     -2.844233
    3.270000     -2.957025
    3.280000     -3.053503
    3.290000     -3.137462
    3.300000     -3.219299
    3.310000     -3.315094
    3.320000     -3.444600
    3.330000     -3.628398
    3.340000     -3.884874
    3.350000     -4.226977
    3.360000     -4.659717
    3.370000     -5.178382
    3.380000     -5.767960
    3.390000     -6.403914
    3.400000     -7.054063
    3.410000     -7.681582
    3.420000     -8.248603
    3.430000     -8.720060
    3.440000     -9.067142
    3.450000     -9.270324
    3.460000     -9.320925
    3.470000     -9.221916
    3.480000     -8.986919
    3.490000     -8.638575
    3.500000     -8.205554
    3.510000     -7.719486
    3.520000     -7.211556
    3.530000     -6.709605
    3.540000     -6.235867
    3.550000     -5.805636
    3.560000     -5.426964
    3.570000     -5.101321
    3.580000     -4.824963
    3.590000     -4.590872
    3.600000     -4.390697
    3.610000     -4.216561
    3.620000     -4.062558
    3.630000     -3.925269
    3.640000     -3.804022
    3.650000     -3.700120
    3.660000     -3.615906
    3.670000     -3.553577
    3.680000     -3.513887
    3.690000     -3.495390
    3.700000     -3.493986
    3.710000     -3.503122
    3.720000     -3.514490
    3.730000     -3.519120
    3.740000     -3.508626
    3.750000     -3.476440
    3.760000     -3.418557
    3.770000     -3.333839
    3.780000     -3.223599
    3.790000     -3.090587
    3.800000     -2.937360
    3.810000     -2.764529
    3.820000     -2.568916
    3.830000     -2.342303
    3.840000     -2.070803
    3.850000     -1.735318
    3.860000     -1.313052
    3.870000     -0.780085
    3.880000     -0.114725
    3.890000      0.698640
    3.900000      1.665814
    3.910000      2.779666
    3.920000      4.018021
    3.930000      5.343196
    3.940000      6.703095
    3.950000      8.034271
    3.960000      9.266359
    3.970000     10.327927
    3.980000     11.152504
    3.990000     11.685116
    4.000000     11.887563
    4.010000     11.742184
    4.020000     11.254253
    4.030000     10.451685
    4.040000      9.382626
    4.050000      8.111359
    4.060000      6.712200
    4.070000      5.263189
    4.080000      3.838744
    4.090000      2.504007
    4.100000      1.309225
    4.110000      0.287041
    4.120000     -0.549031
    4.130000     -1.203869
    4.140000     -1.697867
    4.150000     -2.063162
    4.160000     -2.338562
    4.170000     -2.564599
    4.180000     -2.778777
    4.190000     -3.011863
    4.200000     -3.285385
    4.210000     -3.610739
    4.220000     -3.989502
    4.230000     -4.415277
    4.240000     -4.876035
    4.250000     -5.357201
    4.260000     -5.844417
    4.270000     -6.325898
    4.280000     -6.794050
    4.290000     -7.246113
    4.300000     -7.683678
    4.310000     -8.111639
    4.320000     -8.536303
    4.330000     -8.963548
    4.340000     -9.396863
    4.350000     -9.836137
    4.360000    -10.276835
    4.370000    -10.710110
    4.380000    -11.123808
    4.390000    -11.503786
    4.400000    -11.836058
    4.410000    -12.108385
    4.420000    -12.312279
    4.430000    -12.444110
    4.440000    -12.505694
    4.450000    -12.503781
    4.460000    -12.449374
    4.470000    -12.355877
    4.480000    -12.237375
    4.490000    -12.106635
    4.500000    -11.973306
    4.510000    -11.843000
    4.520000    -11.716548
    4.530000    -11.590322
    4.540000    -11.457105
    4.550000    -11.307513
    4.560000    -11.131613
    4.570000    -10.920676
    4.580000    -10.668255
    4.590000    -10.371201
    4.600000    -10.029577
    4.610000     -9.646140
    4.620000     -9.224886
    4.630000     -8.769337
    4.640000     -8.280638
    4.650000     -7.755499
    4.660000     -7.185234
    4.670000     -6.554569
    4.680000     -5.842280
    4.690000     -5.022203
    4.700000     -4.065408
    4.710000     -2.942838
    4.720000     -1.628848
    4.730000     -0.104095
    4.740000      1.640991
    4.750000      3.604434
    4.760000      5.770652
    4.770000      8.110809
    4.780000     10.582963
    4.790000     13.134687
    4.800000     15.705045
    4.810000     18.228855
    4.820000     20.639451
    4.830000     22.873026
    4.840000     24.871337
    4.850000     26.584641
    4.860000     27.973175
    4.870000     29.008824
    4.880000     29.674582
    4.890000     29.964664
    4.900000     29.883496
    4.910000     29.444527
    4.920000     28.668717
    4.930000     27.583543
    4.940000     26.221280
    4.950000     24.618682
    4.960000     22.815286
    4.970000     20.853464
    4.980000     18.776676
    4.990000     16.629711
    5.000000     14.456637
    5.010000     12.300615
    5.020000     10.201708
    5.030000      8.196538
    5.040000      6.316103
    5.050000      4.585389
    5.060000      3.021942
    5.070000      1.636081
    5.080000      0.430362
    5.090000     -0.599261
    5.100000     -1.462956
    5.110000     -2.175115
    5.120000     -2.753203
    5.130000     -3.215772
    5.140000     -3.581189
    5.150000     -3.866275
    5.160000     -4.085590
    5.170000     -4.250936
    5.180000     -4.371532
    5.190000     -4.454398
    5.200000     -4.505089
    5.210000     -4.528378
    5.220000     -4.529229
    5.230000     -4.513118
    5.240000     -4.486390
    5.250000     -4.456210
    5.260000     -4.430068
    5.270000     -4.415152
    5.280000     -4.417495
    5.290000     -4.441236
    5.300000     -4.487879
    5.310000     -4.555963
    5.320000     -4.641054
    5.330000     -4.736217
    5.340000     -4.832721
    5.350000     -4.921119
    5.360000     -4.992441
    5.370000     -5.039212
    5.380000     -5.056407
    5.390000     -5.041808
    5.400000     -4.996021
    5.410000     -4.921762
    5.420000     -4.822843
    5.430000     -4.702619
    5.440000     -4.562343
    5.450000     -4.399653
    5.460000     -4.207208
    5.470000     -3.972149
    5.480000     -3.676057
    5.490000     -3.296006
    5.500000     -2.806255
    5.510000     -2.180970
    5.520000     -1.397104
    5.530000     -0.437936
    5.540000      0.704009
    5.550000      2.023969
    5.560000      3.503522
    5.570000      5.109404
    5.580000      6.794651
    5.590000      8.499976
    5.600000     10.157618
    5.610000     11.694754
    5.620000     13.039202
    5.630000     14.123794
    5.640000     14.891771
    5.650000     15.300759
    5.660000     15.325957
    5.670000     14.961920
    5.680000     14.222901
    5.690000     13.141427
    5.700000     11.765840
    5.710000     10.156103
    5.720000      8.379756
    5.730000      6.506377
    5.740000      4.603466
    5.750000      2.731408
    5.760000      0.940862
    5.770000     -0.730159
    5.780000     -2.256609
    5.790000     -3.626764
    5.800000     -4.840227
    5.810000     -5.906230
    5.820000     -6.840311
    5.830000     -7.661762
    5.840000     -8.390294
    5.850000     -9.043945
    5.860000     -9.637049
    5.870000    -10.179354
    5.880000    -10.675641
    5.890000    -11.126441
    5.900000    -11.528933
    5.910000    -11.878594
    5.920000    -12.170605
    5.930000    -12.401411
    5.940000    -12.569892
    5.950000    -12.677909
    5.960000    -12.730702
    5.970000    -12.736237
    5.980000    -12.704516
    5.990000    -12.646225
    6.000000    -12.571676
    6.010000    -12.489008
    6.020000    -12.403453
    6.030000    -12.316125
    6.040000    -12.223587
    6.050000    -12.117983
    6.060000    -11.987053
    6.070000    -11.815205
    6.080000    -11.584024
    6.090000    -11.273710
    6.100000    -10.863971
    6.110000    -10.335217
    6.120000     -9.669315
    6.130000     -8.850749
    6.140000     -7.866916
    6.150000     -6.709160
    6.160000     -5.373136
    6.170000     -3.859285
    6.180000     -2.173817
    6.190000     -0.328736
    6.200000      1.656965
    6.210000      3.757605
    6.220000      5.939874
    6.230000      8.163801
    6.240000     10.382622
    6.250000     12.544717
    6.260000     14.594585
    6.270000     16.475838
    6.280000     18.133233
    6.290000     19.516389
    6.300000     20.581977
    6.310000     21.297082
    6.320000     21.641096
    6.330000     21.607514
    6.340000     21.204294
    6.350000     20.453577
    6.360000     19.390186
    6.370000     18.059092
    6.380000     16.512642
    6.390000     14.806334
    6.400000     12.995845
    6.410000     11.132693
    6.420000      9.261988
    6.430000      7.419950
    6.440000      5.632486
    6.450000      3.915624
    6.460000      2.275821
    6.470000      0.712366
    6.480000     -0.780831
    6.490000     -2.212000
    6.500000     -3.589310
    6.510000     -4.918025
    6.520000     -6.199231
    6.530000     -7.428348
    6.540000     -8.595520
    6.550000     -9.685848
    6.560000    -10.681355
    6.570000    -11.562434
    6.580000    -12.310461
    6.590000    -12.909761
    6.600000    -13.349617
    6.610000    -13.625544
    6.620000    -13.740012
    6.630000    -13.702356
    6.640000    -13.527980
    6.650000    -13.237075
    6.660000    -12.852589
    6.670000    -12.398153
    6.680000    -11.896207
    6.690000    -11.365835
    6.700000    -10.821672
    6.710000    -10.272723
    6.720000     -9.722318
    6.730000     -9.168327
    6.740000     -8.604229
    6.750000     -8.020294
    6.760000     -7.405440
    6.770000     -6.748661
    6.780000     -6.041119
    6.790000     -5.277321
    6.800000     -4.456559
    6.810000     -3.583352
    6.820000     -2.668162
    6.830000     -1.726821
    6.840000     -0.780312
    6.850000      0.146510
    6.860000      1.025877
    6.870000      1.828874
    6.880000      2.526796
    6.890000      3.092983
    6.900000      3.504133
    6.910000      3.741919
    6.920000      3.793905
    6.930000      3.654506
    6.940000      3.325279
    6.950000      2.815094
    6.960000      2.139531
    6.970000      1.320280
    6.980000      0.383725
    6.990000     -0.640183
    7.000000     -1.719979
    7.010000     -2.823900
    7.020000     -3.921930
    7.030000     -4.986830
    7.040000     -5.995623
    7.050000     -6.929977
    7.060000     -7.776868
    7.070000     -8.528191
    7.080000     -9.180554
    7.090000     -9.734372
    7.100000    -10.193104
    7.110000    -10.562251
    7.120000    -10.848430
    7.130000    -11.058577
    7.140000    -11.199586
    7.150000    -11.277781
    7.160000    -11.298819
    7.170000    -11.267586
    7.180000    -11.188205
    7.190000    -11.063911
    7.200000    -10.896745
    7.210000    -10.686964
    7.220000    -10.432567
    7.230000    -10.128225
    7.240000     -9.764460
    7.250000     -9.326866
    7.260000     -8.795734
    7.270000     -8.145883
    7.280000     -7.347491
    7.290000     -6.367261
    7.300000     -5.170829
    7.310000     -3.725284
    7.320000     -2.002770
    7.330000      0.016415
    7.340000      2.339769
    7.350000      4.960432
    7.360000      7.854086
    7.370000     10.978966
    7.380000     14.274998
    7.390000     17.666743
    7.400000     21.065233
    7.410000     24.373462
    7.420000     27.490291
    7.430000     30.317574
    7.440000     32.764390
    7.450000     34.753029
    7.460000     36.223709
    7.470000     37.136362
    7.480000     37.474072
    7.490000     37.241651
    7.500000     36.465217
    7.510000     35.189490
    7.520000     33.473924
    7.530000     31.388862
    7.540000     29.010451
    7.550000     26.417679
    7.560000     23.686975
    7.570000     20.890659
    7.580000     18.093265
    7.590000     15.351389
    7.600000     12.712153
    7.610000     10.213711
    7.620000      7.885276
    7.630000      5.748457
    7.640000      3.817241
    7.650000      2.099622
    7.660000      0.597396
    7.670000     -0.692525
    7.680000     -1.778364
    7.690000     -2.672591
    7.700000     -3.391633
    7.710000     -3.955278
    7.720000     -4.385566
    7.730000     -4.705939
    7.740000     -4.939725
    7.750000     -5.108916
    7.760000     -5.232677
    7.770000     -5.326299
    7.780000     -5.400161
    7.790000     -5.459426
    7.800000     -5.504080
    7.810000     -5.529591
    7.820000     -5.527906
    7.830000     -5.488970
    7.840000     -5.402402
    7.850000     -5.259159
    7.860000     -5.053180
    7.870000     -4.782529
    7.880000     -4.450327
    7.890000     -4.064889
    7.900000     -3.639747
    7.910000     -3.192704
    7.920000     -2.744993
    7.930000     -2.319835
    7.940000     -1.941143
    7.950000     -1.632081
    7.960000     -1.413851
    7.970000     -1.304684
    7.980000     -1.319089
    7.990000     -1.467317
    8.000000     -1.755054
    8.010000     -2.183329
    8.020000     -2.748414
    8.030000     -3.442101
    8.040000     -4.251610
    8.050000     -5.159949
    8.060000     -6.146231
    8.070000     -7.186487
    8.080000     -8.253912
    8.090000     -9.320249
    8.100000    -10.356756
    8.110000    -11.336132
    8.120000    -12.233323
    8.130000    -13.027513
    8.140000    -13.703178
    8.150000    -14.251442
    8.160000    -14.669747
    8.170000    -14.962339
    8.180000    -15.138853
    8.190000    -15.213059
    8.200000    -15.200720
    8.210000    -15.117087
    8.220000    -14.974579
    8.230000    -14.780471
    8.240000    -14.535373
    8.250000    -14.231980
    8.260000    -13.855489
    8.270000    -13.384550
    8.280000    -12.792955
    8.290000    -12.052891
    8.300000    -11.138037
    8.310000    -10.026971
    8.320000     -8.706037
    8.330000     -7.172631
    8.340000     -5.436231
    8.350000     -3.519359
    8.360000     -1.456007
    8.370000      0.709024
    8.380000      2.923695
    8.390000      5.131755
    8.400000      7.277242
    8.410000      9.306758
    8.420000     11.173290
    8.430000     12.837978
    8.440000     14.271854
    8.450000     15.455033
    8.460000     16.376331
    8.470000     17.031658
    8.480000     17.421731
    8.490000     17.550364
    8.500000     17.422139
    8.510000     17.041611
    8.520000     16.412828
    8.530000     15.539625
    8.540000     14.427168
    8.550000     13.083446
    8.560000     11.521823
    8.570000      9.762199
    8.580000      7.833480
    8.590000      5.773571
    8.600000      3.629481
    8.610000      1.454794
    8.620000     -0.691583
    8.630000     -2.749720
    8.640000     -4.662166
    8.650000     -6.378732
    8.660000     -7.858805
    8.670000     -9.074890
    8.680000    -10.013698
    8.690000    -10.676550
    8.700000    -11.077266
    8.710000    -11.239983
    8.720000    -11.195034
    8.730000    -10.974850
    8.740000    -10.609351
    8.750000    -10.122478
    8.760000     -9.529281
    8.770000     -8.834690
    8.780000     -8.033554
    8.790000     -7.112995
    8.800000     -6.055412
    8.810000     -4.843128
    8.820000     -3.462795
    8.830000     -1.910802
    8.840000     -0.196949
    8.850000      1.652520
    8.860000      3.594557
    8.870000      5.569075
    8.880000      7.502424
    8.890000      9.311595
    8.900000     10.910707
    8.910000     12.216562
    8.920000     13.156005
    8.930000     13.671971
    8.940000     13.728305
    8.950000     13.312861
    8.960000     12.438748
    8.970000     11.143524
    8.980000      9.486109
    8.990000      7.541724
    9.000000      5.396722
    9.010000      3.141646
    9.020000      0.864912
    9.030000     -1.353722
    9.040000     -3.446712
    9.050000     -5.362733
    9.060000     -7.067793
    9.070000     -8.545524
    9.080000     -9.794441
    9.090000    -10.825446
    9.100000    -11.657697
    9.110000    -12.314845
    9.120000    -12.820296
    9.130000    -13.194410
    9.140000    -13.451572
    9.150000    -13.599286
    9.160000    -13.637629
    9.170000    -13.560276
    9.180000    -13.356537
    9.190000    -13.013512
    9.200000    -12.518803
    9.210000    -11.863336
    9.220000    -11.043206
    9.230000    -10.061624
    9.240000     -8.929164
    9.250000     -7.664420
    9.260000     -6.292831
    9.270000     -4.845652
    9.280000     -3.357621
    9.290000     -1.865795
    9.300000     -0.407193
    9.310000      0.982704
    9.320000      2.271853
    9.330000      3.431794
    9.340000      4.438875
    9.350000      5.274183
    9.360000      5.923993
    9.370000      6.379103
    9.380000      6.635028
    9.390000      6.691844
    9.400000      6.554113
    9.410000      6.230957
    9.420000      5.736065
    9.430000      5.087733
    9.440000      4.308414
    9.450000      3.424609
    9.460000      2.465871
    9.470000      1.463706
    9.480000      0.449880
    9.490000     -0.544694
    9.500000     -1.492016
    9.510000     -2.368424
    9.520000     -3.155722
    9.530000     -3.842154
    9.540000     -4.421997
    9.550000     -4.895232
    9.560000     -5.266169
    9.570000     -5.541743
    9.580000     -5.729166
    9.590000     -5.833974
    9.600000     -5.858051
    9.610000     -5.798285
    9.620000     -5.646145
    9.630000     -5.387965
    9.640000     -5.006533
    9.650000     -4.483244
    9.660000     -3.801343
    9.670000     -2.949246
    9.680000     -1.923998
    9.690000     -0.733789
    9.700000      0.599441
    9.710000      2.039603
    9.720000      3.536855
    9.730000      5.030335
    9.740000      6.450886
    9.750000      7.726177
    9.760000      8.786008
    9.770000      9.567744
    9.780000     10.021769
    9.790000     10.115289
    9.800000      9.835496
    9.810000      9.190897
    9.820000      8.210382
    9.830000      6.941315
    9.840000      5.445450
    9.850000      3.794312
    9.860000      2.063096
    9.870000      0.326093
    9.880000     -1.348714
    9.890000     -2.903233
    9.900000     -4.292259
    9.910000     -5.483451
    9.920000     -6.457267
    9.930000     -7.204756
    9.940000     -7.724837
    9.950000     -8.020447
    9.960000     -8.095301
    9.970000     -7.950969
    9.980000     -7.584676
    9.990000     -6.988583
   10.000000     -6.150177
