    1.700000     -1.636695
    1.710000     -1.652585
    1.720000     -1.693478
    1.730000     -1.772686
    1.740000     -1.901584
    1.750000     -2.088031
    1.760000     -2.335232
    1.770000     -2.641101
    1.780000     -2.998312
    1.790000     -3.394922
    1.800000     -3.815484
    1.810000     -4.242614
    1.820000     -4.658470
    1.830000     -5.046512
    1.840000     -5.392594
    1.850000     -5.686005
    1.860000     -5.919792
    1.870000     -6.090742
    1.880000     -6.198931
    1.890000     -6.246986
    1.900000     -6.239262
    1.910000     -6.181097
    1.920000     -6.078169
    1.930000     -5.936318
    1.940000     -5.761445
    1.950000     -5.559822
    1.960000     -5.338587
    1.970000     -5.106069
    1.980000     -4.872152
    1.990000     -4.648232
    2.000000     -4.446903
    2.010000     -4.281033
    2.020000     -4.162718
    2.030000     -4.101813
    2.040000     -4.104489
    2.050000     -4.172032
    2.060000     -4.299829
    2.070000     -4.477270
    2.080000     -4.688008
    2.090000     -4.911249
    2.100000     -5.123535
    2.110000     -5.301088
    2.120000     -5.422335
    2.130000     -5.470368
    2.140000     -5.435000
    2.150000     -5.314037
    2.160000     -5.113792
    2.170000     -4.848456
    2.180000     -4.538594
    2.190000     -4.208794
    2.200000     -3.884806
    2.210000     -3.590534
    2.220000     -3.345221
    2.230000     -3.161268
    2.240000     -3.042828
    2.250000     -2.985603
    2.260000     -2.977655
    2.270000     -3.001237
    2.280000     -3.035404
    2.290000     -3.058926
    2.300000     -3.053382
    2.310000     -3.005661
    2.320000     -2.909835
    2.330000     -2.767969
    2.340000     -2.589827
    2.350000     -2.391481
    2.360000     -2.193103
    2.370000     -2.016103
    2.380000     -1.880170
    2.390000     -1.800491
    2.400000     -1.785645
    2.410000     -1.836361
    2.420000     -1.945418
    2.430000     -2.098584
    2.440000     -2.276536
    2.450000     -2.457440
    2.460000     -2.619830
    2.470000     -2.745432
    2.480000     -2.821398
    2.490000     -2.841755
    2.500000     -2.807823
    2.510000     -2.727484
    2.520000     -2.613520
    2.530000     -2.481063
    2.540000     -2.344688
    2.550000     -2.215466
    2.560000     -2.098353
    2.570000     -1.990356
    2.580000     -1.879672
    2.590000     -1.745928
    2.600000     -1.561617
    2.610000     -1.294358
    2.620000     -0.909907
    2.630000     -0.375459
    2.640000      0.337076
    2.650000      1.248302
    2.660000      2.369166
    2.670000      3.699813
    2.680000      5.229224
    2.690000      6.936037
    2.700000      8.789593
    2.710000     10.752209
    2.720000     12.781045
    2.730000     14.830521
    2.740000     16.853602
    2.750000     18.804209
    2.760000     20.637689
    2.770000     22.311862
    2.780000     23.787680
    2.790000     25.029540
    2.800000     26.006018
    2.810000     26.690088
    2.820000     27.060899
    2.830000     27.104210
    2.840000     26.814131
    2.850000     26.194166
    2.860000     25.258334
    2.870000     24.031621
    2.880000     22.549762
    2.890000     20.858194
    2.900000     19.010174
    2.910000     17.063893
    2.920000     15.079450
    2.930000     13.114904
    2.940000     11.222839
    2.950000      9.447164
    2.960000      7.820761
    2.970000      6.363900
    2.980000      5.084142
    2.990000      3.977308
    3.000000      3.029492
    3.010000      2.219942
    3.020000      1.524339
    3.030000      0.918086
    3.040000      0.379379
    3.050000     -0.108603
    3.060000     -0.556341
    3.070000     -0.967715
    3.080000     -1.340818
    3.090000     -1.669517
    3.100000     -1.945715
    3.110000     -2.161738
    3.120000     -2.312604
    3.130000     -2.397757
    3.140000     -2.422100
    3.150000     -2.396059
    3.160000     -2.334873
    3.170000     -2.256929
    3.180000     -2.181773
    3.190000     -2.127797
    3.200000     -2.110062
    3.210000     -2.138652
    3.220000     -2.217668
    3.230000     -2.345105
    3.240000     -2.513607
    3.250000     -2.711897
    3.260000     -2.926822
    3.270000     -3.145588
    3.280000     -3.357806
    3.290000     -3.557198
    3.300000     -3.742601
    3.310000     -3.918075
    3.320000     -4.092211
    3.330000     -4.276705
    3.340000     -4.484238
    3.350000     -4.726262
    3.360000     -5.010850
    3.370000     -5.340854
    3.380000     -5.712813
    3.390000     -6.116664
    3.400000     -6.536447
    3.410000     -6.951663
    3.420000     -7.339455
    3.430000     -7.677020
    3.440000     -7.944098
    3.450000     -8.125288
    3.460000     -8.211385
    3.470000     -8.200581
    3.480000     -8.098217
    3.490000     -7.915982
    3.500000     -7.670296
    3.510000     -7.380392
    3.520000     -7.065855
    3.530000     -6.744757
    3.540000     -6.431714
    3.550000     -6.136855
    3.560000     -5.865407
    3.570000     -5.617877
    3.580000     -5.391146
    3.590000     -5.179635
    3.600000     -4.977073
    3.610000     -4.777908
    3.620000     -4.578661
    3.630000     -4.378631
    3.640000     -4.180203
    3.650000     -3.988483
    3.660000     -3.810372
    3.670000     -3.653431
    3.680000     -3.524413
    3.690000     -3.428040
    3.700000     -3.365831
    3.710000     -3.335507
    3.720000     -3.330909
    3.730000     -3.342318
    3.740000     -3.357297
    3.750000     -3.361884
    3.760000     -3.341947
    3.770000     -3.284342
    3.780000     -3.178067
    3.790000     -3.014947
    3.800000     -2.789888
    3.810000     -2.500831
    3.820000     -2.148241
    3.830000     -1.734427
    3.840000     -1.262827
    3.850000     -0.737311
    3.860000     -0.161764
    3.870000      0.460008
    3.880000      1.124055
    3.890000      1.825688
    3.900000      2.558740
    3.910000      3.314714
    3.920000      4.082029
    3.930000      4.845653
    3.940000      5.587001
    3.950000      6.284426
    3.960000      6.914261
    3.970000      7.452245
    3.980000      7.875248
    3.990000      8.163225
    4.000000      8.301015
    4.010000      8.279789
    4.020000      8.098070
    4.030000      7.762114
    4.040000      7.285442
    4.050000      6.687970
    4.060000      5.994289
    4.070000      5.231819
    4.080000      4.428439
    4.090000      3.610673
    4.100000      2.801576
    4.110000      2.019622
    4.120000      1.277854
    4.130000      0.583565
    4.140000     -0.060986
    4.150000     -0.657958
    4.160000     -1.212523
    4.170000     -1.731698
    4.180000     -2.222887
    4.190000     -2.693017
    4.200000     -3.147621
    4.210000     -3.590688
    4.220000     -4.024547
    4.230000     -4.450333
    4.240000     -4.868500
    4.250000     -5.279484
    4.260000     -5.684192
    4.270000     -6.084473
    4.280000     -6.483059
    4.290000     -6.883526
    4.300000     -7.289665
    4.310000     -7.704907
    4.320000     -8.131423
    4.330000     -8.569577
    4.340000     -9.017061
    4.350000     -9.468942
    4.360000     -9.917515
    4.370000    -10.352742
    4.380000    -10.763248
    4.390000    -11.137090
    4.400000    -11.463101
    4.410000    -11.731982
    4.420000    -11.937413
    4.430000    -12.076590
    4.440000    -12.150670
    4.450000    -12.164611
    4.460000    -12.126632
    4.470000    -12.047236
    4.480000    -11.938137
    4.490000    -11.810807
    4.500000    -11.675352
    4.510000    -11.539257
    4.520000    -11.406615
    4.530000    -11.277849
    4.540000    -11.149451
    4.550000    -11.014584
    4.560000    -10.863736
    4.570000    -10.685641
    4.580000    -10.468403
    4.590000    -10.200523
    4.600000     -9.871737
    4.610000     -9.473646
    4.620000     -9.000075
    4.630000     -8.446971
    4.640000     -7.812136
    4.650000     -7.094575
    4.660000     -6.293992
    4.670000     -5.409808
    4.680000     -4.441009
    4.690000     -3.385340
    4.700000     -2.239747
    4.710000     -1.000220
    4.720000      0.337038
    4.730000      1.775167
    4.740000      3.314947
    4.750000      4.954142
    4.760000      6.685631
    4.770000      8.497193
    4.780000     10.370189
    4.790000     12.279943
    4.800000     14.195619
    4.810000     16.081578
    4.820000     17.898289
    4.830000     19.604551
    4.840000     21.159242
    4.850000     22.523654
    4.860000     23.663614
    4.870000     24.551628
    4.880000     25.167707
    4.890000     25.501099
    4.900000     25.550347
    4.910000     25.322923
    4.920000     24.834674
    4.930000     24.108169
    4.940000     23.171259
    4.950000     22.055250
    4.960000     20.792500
    4.970000     19.415372
    4.980000     17.953927
    4.990000     16.435880
    5.000000     14.884837
    5.010000     13.321481
    5.020000     11.762564
    5.030000     10.222638
    5.040000      8.714037
    5.050000      7.248332
    5.060000      5.836469
    5.070000      4.489829
    5.080000      3.219767
    5.090000      2.038046
    5.100000      0.955685
    5.110000     -0.017295
    5.120000     -0.873267
    5.130000     -1.607595
    5.140000     -2.219617
    5.150000     -2.713164
    5.160000     -3.096567
    5.170000     -3.382465
    5.180000     -3.586900
    5.190000     -3.728249
    5.200000     -3.825745
    5.210000     -3.897959
    5.220000     -3.961265
    5.230000     -4.028564
    5.240000     -4.108411
    5.250000     -4.204577
    5.260000     -4.316155
    5.270000     -4.438203
    5.280000     -4.562782
    5.290000     -4.680225
    5.300000     -4.780729
    5.310000     -4.855627
    5.320000     -4.898688
    5.330000     -4.906745
    5.340000     -4.880106
    5.350000     -4.822241
    5.360000     -4.739159
    5.370000     -4.638238
    5.380000     -4.526977
    5.390000     -4.411515
    5.400000     -4.295463
    5.410000     -4.178825
    5.420000     -4.057461
    5.430000     -3.923097
    5.440000     -3.763712
    5.450000     -3.564551
    5.460000     -3.309375
    5.470000     -2.982129
    5.480000     -2.568475
    5.490000     -2.057418
    5.500000     -1.442460
    5.510000     -0.722719
    5.520000      0.096902
    5.530000      1.005409
    5.540000      1.986486
    5.550000      3.019016
    5.560000      4.078500
    5.570000      5.137971
    5.580000      6.169736
    5.590000      7.146083
    5.600000      8.040904
    5.610000      8.830249
    5.620000      9.493287
    5.630000     10.012440
    5.640000     10.374269
    5.650000     10.569031
    5.660000     10.591194
    5.670000     10.439243
    5.680000     10.115608
    5.690000      9.626536
    5.700000      8.981983
    5.710000      8.195106
    5.720000      7.282104
    5.730000      6.261536
    5.740000      5.153837
    5.750000      3.980352
    5.760000      2.762968
    5.770000      1.522831
    5.780000      0.280105
    5.790000     -0.947181
    5.800000     -2.143111
    5.810000     -3.294664
    5.820000     -4.391319
    5.830000     -5.425392
    5.840000     -6.391361
    5.850000     -7.285833
    5.860000     -8.106781
    5.870000     -8.853406
    5.880000     -9.525509
    5.890000    -10.123537
    5.900000    -10.648198
    5.910000    -11.100614
    5.920000    -11.482479
    5.930000    -11.796046
    5.940000    -12.044373
    5.950000    -12.231223
    5.960000    -12.361285
    5.970000    -12.439593
    5.980000    -12.471420
    5.990000    -12.461737
    6.000000    -12.414571
    6.010000    -12.332543
    6.020000    -12.216285
    6.030000    -12.064273
    6.040000    -11.872404
    6.050000    -11.634339
    6.060000    -11.341782
    6.070000    -10.984942
    6.080000    -10.553335
    6.090000    -10.036636
    6.100000     -9.425345
    6.110000     -8.711711
    6.120000     -7.890187
    6.130000     -6.958041
    6.140000     -5.915301
    6.150000     -4.765178
    6.160000     -3.513787
    6.170000     -2.169765
    6.180000     -0.744497
    6.190000      0.748579
    6.200000      2.293587
    6.210000      3.872881
    6.220000      5.466452
    6.230000      7.052576
    6.240000      8.607252
    6.250000     10.105025
    6.260000     11.518820
    6.270000     12.821018
    6.280000     13.983855
    6.290000     14.981111
    6.300000     15.788551
    6.310000     16.386181
    6.320000     16.758692
    6.330000     16.897032
    6.340000     16.798966
    6.350000     16.469340
    6.360000     15.920111
    6.370000     15.169380
    6.380000     14.240608
    6.390000     13.160798
    6.400000     11.959044
    6.410000     10.664506
    6.420000      9.305150
    6.430000      7.906042
    6.440000      6.488496
    6.450000      5.069788
    6.460000      3.662861
    6.470000      2.277299
    6.480000      0.919645
    6.490000     -0.404986
    6.500000     -1.692305
    6.510000     -2.937340
    6.520000     -4.134142
    6.530000     -5.274901
    6.540000     -6.350416
    6.550000     -7.349972
    6.560000     -8.262510
    6.570000     -9.077229
    6.580000     -9.784779
    6.590000    -10.378016
    6.600000    -10.852990
    6.610000    -11.209148
    6.620000    -11.449699
    6.630000    -11.580916
    6.640000    -11.611940
    6.650000    -11.553552
    6.660000    -11.417389
    6.670000    -11.214721
    6.680000    -10.955641
    6.690000    -10.648315
    6.700000    -10.298700
    6.710000     -9.910200
    6.720000     -9.484244
    6.730000     -9.020516
    6.740000     -8.517886
    6.750000     -7.974994
    6.760000     -7.391296
    6.770000     -6.767428
    6.780000     -6.106073
    6.790000     -5.411931
    6.800000     -4.692102
    6.810000     -3.955717
    6.820000     -3.213900
    6.830000     -2.479030
    6.840000     -1.764668
    6.850000     -1.084717
    6.860000     -0.453243
    6.870000      0.116149
    6.880000      0.610478
    6.890000      1.017937
    6.900000      1.327993
    6.910000      1.531820
    6.920000      1.622572
    6.930000      1.595723
    6.940000      1.449379
    6.950000      1.184621
    6.960000      0.805606
    6.970000      0.319852
    6.980000     -0.262060
    6.990000     -0.926419
    7.000000     -1.657166
    7.010000     -2.436204
    7.020000     -3.244463
    7.030000     -4.062538
    7.040000     -4.871810
    7.050000     -5.655146
    7.060000     -6.397786
    7.070000     -7.087638
    7.080000     -7.715953
    7.090000     -8.276907
    7.100000     -8.767805
    7.110000     -9.188354
    7.120000     -9.540168
    7.130000     -9.826043
    7.140000    -10.049355
    7.150000    -10.212910
    7.160000    -10.318907
    7.170000    -10.368020
    7.180000    -10.359152
    7.190000    -10.289193
    7.200000    -10.153041
    7.210000     -9.943586
    7.220000     -9.651786
    7.230000     -9.267078
    7.240000     -8.777566
    7.250000     -8.170514
    7.260000     -7.432943
    7.270000     -6.552041
    7.280000     -5.516293
    7.290000     -4.315816
    7.300000     -2.943838
    7.310000     -1.397126
    7.320000      0.322597
    7.330000      2.208359
    7.340000      4.246628
    7.350000      6.417867
    7.360000      8.695442
    7.370000     11.047125
    7.380000     13.434775
    7.390000     15.816500
    7.400000     18.147301
    7.410000     20.381268
    7.420000     22.473052
    7.430000     24.379988
    7.440000     26.063039
    7.450000     27.488839
    7.460000     28.630464
    7.470000     29.467749
    7.480000     29.988342
    7.490000     30.186588
    7.500000     30.064320
    7.510000     29.629966
    7.520000     28.897310
    7.530000     27.886201
    7.540000     26.620749
    7.550000     25.129691
    7.560000     23.445077
    7.570000     21.602331
    7.580000     19.639245
    7.590000     17.595562
    7.600000     15.511648
    7.610000     13.427935
    7.620000     11.382994
    7.630000      9.412798
    7.640000      7.548819
    7.650000      5.817172
    7.660000      4.236979
    7.670000      2.820439
    7.680000      1.571782
    7.690000      0.488243
    7.700000     -0.439394
    7.710000     -1.225587
    7.720000     -1.888092
    7.730000     -2.446311
    7.740000     -2.919214
    7.750000     -3.323807
    7.760000     -3.673616
    7.770000     -3.978004
    7.780000     -4.241740
    7.790000     -4.465515
    7.800000     -4.646585
    7.810000     -4.780155
    7.820000     -4.860788
    7.830000     -4.883839
    7.840000     -4.846919
    7.850000     -4.750747
    7.860000     -4.599800
    7.870000     -4.402288
    7.880000     -4.169784
    7.890000     -3.916391
    7.900000     -3.657611
    7.910000     -3.409220
    7.920000     -3.186112
    7.930000     -3.001297
    7.940000     -2.865383
    7.950000     -2.786291
    7.960000     -2.769337
    7.970000     -2.817637
    7.980000     -2.932698
    7.990000     -3.115012
    8.000000     -3.364676
    8.010000     -3.681589
    8.020000     -4.065621
    8.030000     -4.516510
    8.040000     -5.033153
    8.050000     -5.613111
    8.060000     -6.251836
    8.070000     -6.942330
    8.080000     -7.674426
    8.090000     -8.434943
    8.100000     -9.207914
    8.110000     -9.975589
    8.120000    -10.719017
    8.130000    -11.419531
    8.140000    -12.059758
    8.150000    -12.625143
    8.160000    -13.104164
    8.170000    -13.489116
    8.180000    -13.775862
    8.190000    -13.963467
    8.200000    -14.053058
    8.210000    -14.046759
    8.220000    -13.946363
    8.230000    -13.752647
    8.240000    -13.463907
    8.250000    -13.076281
    8.260000    -12.583561
    8.270000    -11.978052
    8.280000    -11.251619
    8.290000    -10.397403
    8.300000     -9.411213
    8.310000     -8.293080
    8.320000     -7.047982
    8.330000     -5.687135
    8.340000     -4.227513
    8.350000     -2.691613
    8.360000     -1.105601
    8.370000      0.501276
    8.380000      2.099098
    8.390000      3.658699
    8.400000      5.153796
    8.410000      6.561216
    8.420000      7.862085
    8.430000      9.041467
    8.440000     10.088402
    8.450000     10.994224
    8.460000     11.751963
    8.470000     12.355051
    8.480000     12.796563
    8.490000     13.068823
    8.500000     13.163325
    8.510000     13.071621
    8.520000     12.786345
    8.530000     12.302821
    8.540000     11.620725
    8.550000     10.745598
    8.560000      9.690140
    8.570000      8.474442
    8.580000      7.126201
    8.590000      5.679609
    8.600000      4.173896
    8.610000      2.650382
    8.620000      1.150863
    8.630000     -0.285647
    8.640000     -1.625024
    8.650000     -2.840404
    8.660000     -3.912540
    8.670000     -4.830590
    8.680000     -5.591367
    8.690000     -6.198236
    8.700000     -6.658798
    8.710000     -6.983017
    8.720000     -7.180902
    8.730000     -7.260711
    8.740000     -7.227627
    8.750000     -7.083073
    8.760000     -6.825021
    8.770000     -6.448933
    8.780000     -5.949175
    8.790000     -5.321200
    8.800000     -4.563451
    8.810000     -3.679442
    8.820000     -2.678789
    8.830000     -1.578612
    8.840000     -0.403264
    8.850000      0.816195
    8.860000      2.043862
    8.870000      3.240259
    8.880000      4.365097
    8.890000      5.379462
    8.900000      6.248426
    8.910000      6.942352
    8.920000      7.438655
    8.930000      7.722487
    8.940000      7.786948
    8.950000      7.632578
    8.960000      7.266782
    8.970000      6.702625
    8.980000      5.957846
    8.990000      5.053311
    9.000000      4.012490
    9.010000      2.860367
    9.020000      1.622931
    9.030000      0.326274
    9.040000     -1.003062
    9.050000     -2.338835
    9.060000     -3.655218
    9.070000     -4.927707
    9.080000     -6.132810
    9.090000     -7.249183
    9.100000     -8.257985
    9.110000     -9.143809
    9.120000     -9.894441
    9.130000    -10.501656
    9.140000    -10.960993
    9.150000    -11.271564
    9.160000    -11.435406
    9.170000    -11.456918
    9.180000    -11.342091
    9.190000    -11.097677
    9.200000    -10.730696
    9.210000    -10.248005
    9.220000     -9.656194
    9.230000     -8.962001
    9.240000     -8.172446
    9.250000     -7.295921
    9.260000     -6.342739
    9.270000     -5.325926
    9.280000     -4.261369
    9.290000     -3.168488
    9.300000     -2.069695
    9.310000     -0.989847
    9.320000      0.045164
    9.330000      1.009152
    9.340000      1.877616
    9.350000      2.628981
    9.360000      3.246337
    9.370000      3.717950
    9.380000      4.038157
    9.390000      4.207420
    9.400000      4.231945
    9.410000      4.122761
    9.420000      3.894628
    9.430000      3.564728
    9.440000      3.151203
    9.450000      2.671989
    9.460000      2.143944
    9.470000      1.582124
    9.480000      0.999438
    9.490000      0.407004
    9.500000     -0.185605
    9.510000     -0.769774
    9.520000     -1.337143
    9.530000     -1.879261
    9.540000     -2.386831
    9.550000     -2.849771
    9.560000     -3.257175
    9.570000     -3.597818
    9.580000     -3.860454
    9.590000     -4.034549
    9.600000     -4.111052
    9.610000     -4.082952
    9.620000     -3.945799
    9.630000     -3.698130
    9.640000     -3.341667
    9.650000     -2.881192
    9.660000     -2.324696
    9.670000     -1.683068
    9.680000     -0.969965
    9.690000     -0.201360
    9.700000      0.604298
    9.710000      1.426503
    9.720000      2.242870
    9.730000      3.029708
    9.740000      3.762142
    9.750000      4.414998
    9.760000      4.963690
    9.770000      5.385342
    9.780000      5.660128
    9.790000      5.772409
    9.800000      5.712265
    9.810000      5.476482
    9.820000      5.069296
    9.830000      4.502883
    9.840000      3.796952
    9.850000      2.978203
    9.860000      2.078593
    9.870000      1.134148
    9.880000      0.182557
    9.890000     -0.738693
    9.900000     -1.594716
    9.910000     -2.354314
    9.920000     -2.991485
    9.930000     -3.485997
    9.940000     -3.823452
    9.950000     -3.994458
    9.960000     -3.993839
    9.970000     -3.819388
    9.980000     -3.470425
    9.990000     -2.946789
   10.000000     -2.248127
