    1.700000     -1.048906
    1.710000     -1.322011
    1.720000     -1.587074
    1.730000     -1.840973
    1.740000     -2.076903
    1.750000     -2.290720
    1.760000     -2.481272
    1.770000     -2.650335
    1.780000     -2.802269
    1.790000     -2.943352
    1.800000     -3.080941
    1.810000     -3.222524
    1.820000     -3.374804
    1.830000     -3.542899
    1.840000     -3.729763
    1.850000     -3.935876
    1.860000     -4.159228
    1.870000     -4.395586
    1.880000     -4.638995
    1.890000     -4.882432
    1.900000     -5.118540
    1.910000     -5.340327
    1.920000     -5.541767
    1.930000     -5.718232
    1.940000     -5.866707
    1.950000     -5.985803
    1.960000     -6.075563
    1.970000     -6.137130
    1.980000     -6.172321
    1.990000     -6.183199
    2.000000     -6.171678
    2.010000     -6.139251
    2.020000     -6.086841
    2.030000     -6.014815
    2.040000     -5.923123
    2.050000     -5.811555
    2.060000     -5.680035
    2.070000     -5.528940
    2.080000     -5.359343
    2.090000     -5.173179
    2.100000     -4.973283
    2.110000     -4.763292
    2.120000     -4.547434
    2.130000     -4.330228
    2.140000     -4.116131
    2.150000     -3.909192
    2.160000     -3.712749
    2.170000     -3.529217
    2.180000     -3.359986
    2.190000     -3.205447
    2.200000     -3.065120
    2.210000     -2.937884
    2.220000     -2.822250
    2.230000     -2.716651
    2.240000     -2.619698
    2.250000     -2.530371
    2.260000     -2.448131
    2.270000     -2.372913
    2.280000     -2.305053
    2.290000     -2.245120
    2.300000     -2.193723
    2.310000     -2.151299
    2.320000     -2.117932
    2.330000     -2.093230
    2.340000     -2.076269
    2.350000     -2.065620
    2.360000     -2.059469
    2.370000     -2.055729
    2.380000     -2.052296
    2.390000     -2.047146
    2.400000     -2.038569
    2.410000     -2.025192
    2.420000     -2.006033
    2.430000     -1.980421
    2.440000     -1.947862
    2.450000     -1.907860
    2.460000     -1.859705
    2.470000     -1.802213
    2.480000     -1.733683
    2.490000     -1.651591
    2.500000     -1.552719
    2.510000     -1.433061
    2.520000     -1.287975
    2.530000     -1.112360
    2.540000     -0.900856
    2.550000     -0.648068
    2.560000     -0.348810
    2.570000      0.001729
    2.580000      0.407769
    2.590000      0.872864
    2.600000      1.399768
    2.610000      1.990386
    2.620000      2.645696
    2.630000      3.365681
    2.640000      4.149227
    2.650000      4.994006
    2.660000      5.896321
    2.670000      6.850938
    2.680000      7.850926
    2.690000      8.887516
    2.700000      9.950026
    2.710000     11.025863
    2.720000     12.100639
    2.730000     13.158401
    2.740000     14.181989
    2.750000     15.153512
    2.760000     16.054907
    2.770000     16.868568
    2.780000     17.577993
    2.790000     18.168407
    2.800000     18.627323
    2.810000     18.945018
    2.820000     19.114853
    2.830000     19.133494
    2.840000     19.000947
    2.850000     18.720480
    2.860000     18.298415
    2.870000     17.743817
    2.880000     17.068118
    2.890000     16.284689
    2.900000     15.408393
    2.910000     14.455142
    2.920000     13.441456
    2.930000     12.384059
    2.940000     11.299489
    2.950000     10.203751
    2.960000      9.111983
    2.970000      8.038172
    2.980000      6.994890
    2.990000      5.993072
    3.000000      5.041845
    3.010000      4.148406
    3.020000      3.317970
    3.030000      2.553781
    3.040000      1.857195
    3.050000      1.227845
    3.060000      0.663846
    3.070000      0.162067
    3.080000     -0.281585
    3.090000     -0.671840
    3.100000     -1.013816
    3.110000     -1.312717
    3.120000     -1.573667
    3.130000     -1.801549
    3.140000     -2.000913
    3.150000     -2.175964
    3.160000     -2.330570
    3.170000     -2.468311
    3.180000     -2.592564
    3.190000     -2.706490
    3.200000     -2.813198
    3.210000     -2.915620
    3.220000     -3.016608
    3.230000     -3.118817
    3.240000     -3.224639
    3.250000     -3.336119
    3.260000     -3.454873
    3.270000     -3.581996
    3.280000     -3.718048
    3.290000     -3.862995
    3.300000     -4.016282
    3.310000     -4.176844
    3.320000     -4.343217
    3.330000     -4.513617
    3.340000     -4.686045
    3.350000     -4.858381
    3.360000     -5.028455
    3.370000     -5.194108
    3.380000     -5.353218
    3.390000     -5.503717
    3.400000     -5.643582
    3.410000     -5.770843
    3.420000     -5.883574
    3.430000     -5.979915
    3.440000     -6.058116
    3.450000     -6.116582
    3.460000     -6.153966
    3.470000     -6.169243
    3.480000     -6.161813
    3.490000     -6.131566
    3.500000     -6.078945
    3.510000     -6.004957
    3.520000     -5.911158
    3.530000     -5.799588
    3.540000     -5.672668
    3.550000     -5.533073
    3.560000     -5.383586
    3.570000     -5.226938
    3.580000     -5.065679
    3.590000     -4.902048
    3.600000     -4.737899
    3.610000     -4.574650
    3.620000     -4.413280
    3.630000     -4.254337
    3.640000     -4.097995
    3.650000     -3.944095
    3.660000     -3.792250
    3.670000     -3.641823
    3.680000     -3.492041
    3.690000     -3.341947
    3.700000     -3.190431
    3.710000     -3.036213
    3.720000     -2.877831
    3.730000     -2.713517
    3.740000     -2.541195
    3.750000     -2.358820
    3.760000     -2.164310
    3.770000     -1.955602
    3.780000     -1.730783
    3.790000     -1.488206
    3.800000     -1.226610
    3.810000     -0.945250
    3.820000     -0.643995
    3.830000     -0.323423
    3.840000      0.015149
    3.850000      0.369625
    3.860000      0.737167
    3.870000      1.114230
    3.880000      1.496639
    3.890000      1.879686
    3.900000      2.258238
    3.910000      2.626857
    3.920000      2.979919
    3.930000      3.311747
    3.940000      3.616726
    3.950000      3.889439
    3.960000      4.124789
    3.970000      4.318128
    3.980000      4.465389
    3.990000      4.563210
    4.000000      4.609048
    4.010000      4.601284
    4.020000      4.539313
    4.030000      4.423576
    4.040000      4.255580
    4.050000      4.037862
    4.060000      3.773896
    4.070000      3.467973
    4.080000      3.125022
    4.090000      2.750412
    4.100000      2.349723
    4.110000      1.928522
    4.120000      1.492135
    4.130000      1.045480
    4.140000      0.592885
    4.150000      0.138001
    4.160000     -0.316266
    4.170000     -0.767765
    4.180000     -1.215057
    4.190000     -1.657335
    4.200000     -2.094334
    4.210000     -2.526203
    4.220000     -2.953395
    4.230000     -3.376553
    4.240000     -3.796392
    4.250000     -4.213639
    4.260000     -4.628934
    4.270000     -5.042793
    4.280000     -5.455562
    4.290000     -5.867365
    4.300000     -6.278080
    4.310000     -6.687287
    4.320000     -7.094235
    4.330000     -7.497803
    4.340000     -7.896465
    4.350000     -8.288266
    4.360000     -8.670817
    4.370000     -9.041280
    4.380000     -9.396464
    4.390000     -9.732819
    4.400000    -10.046592
    4.410000    -10.333897
    4.420000    -10.590859
    4.430000    -10.813741
    4.440000    -10.999071
    4.450000    -11.143776
    4.460000    -11.245246
    4.470000    -11.301431
    4.480000    -11.310834
    4.490000    -11.272533
    4.500000    -11.186121
    4.510000    -11.051653
    4.520000    -10.869554
    4.530000    -10.640518
    4.540000    -10.365407
    4.550000    -10.045112
    4.560000     -9.680567
    4.570000     -9.272517
    4.580000     -8.821606
    4.590000     -8.328221
    4.600000     -7.792502
    4.610000     -7.214345
    4.620000     -6.593404
    4.630000     -5.929118
    4.640000     -5.220752
    4.650000     -4.467483
    4.660000     -3.668461
    4.670000     -2.822956
    4.680000     -1.930458
    4.690000     -0.990853
    4.700000     -0.004585
    4.710000      1.027157
    4.720000      2.102247
    4.730000      3.217433
    4.740000      4.368192
    4.750000      5.548581
    4.760000      6.751166
    4.770000      7.966986
    4.780000      9.185586
    4.790000     10.395123
    4.800000     11.582548
    4.810000     12.733847
    4.820000     13.834354
    4.830000     14.869117
    4.840000     15.823270
    4.850000     16.682491
    4.860000     17.433391
    4.870000     18.063940
    4.880000     18.563846
    4.890000     18.924871
    4.900000     19.141113
    4.910000     19.209198
    4.920000     19.128407
    4.930000     18.900709
    4.940000     18.530725
    4.950000     18.025585
    4.960000     17.394746
    4.970000     16.649705
    4.980000     15.803680
    4.990000     14.871232
    5.000000     13.867866
    5.010000     12.809599
    5.020000     11.712559
    5.030000     10.592562
    5.040000      9.464764
    5.050000      8.343313
    5.060000      7.241090
    5.070000      6.169492
    5.080000      5.138293
    5.090000      4.155562
    5.100000      3.227652
    5.110000      2.359243
    5.120000      1.553434
    5.130000      0.811876
    5.140000      0.134928
    5.150000     -0.478167
    5.160000     -1.029093
    5.170000     -1.520293
    5.180000     -1.954778
    5.190000     -2.335990
    5.200000     -2.667636
    5.210000     -2.953576
    5.220000     -3.197699
    5.230000     -3.403823
    5.240000     -3.575608
    5.250000     -3.716481
    5.260000     -3.829576
    5.270000     -3.917644
    5.280000     -3.983071
    5.290000     -4.027778
    5.300000     -4.053259
    5.310000     -4.060543
    5.320000     -4.050218
    5.330000     -4.022450
    5.340000     -3.977024
    5.350000     -3.913397
    5.360000     -3.830743
    5.370000     -3.728034
    5.380000     -3.604092
    5.390000     -3.457668
    5.400000     -3.287504
    5.410000     -3.092398
    5.420000     -2.871264
    5.430000     -2.623200
    5.440000     -2.347546
    5.450000     -2.043949
    5.460000     -1.712434
    5.470000     -1.353462
    5.480000     -0.968010
    5.490000     -0.557633
    5.500000     -0.124524
    5.510000      0.328430
    5.520000      0.797619
    5.530000      1.278692
    5.540000      1.766571
    5.550000      2.255497
    5.560000      2.739101
    5.570000      3.210513
    5.580000      3.662497
    5.590000      4.087612
    5.600000      4.478393
    5.610000      4.827541
    5.620000      5.128117
    5.630000      5.373729
    5.640000      5.558704
    5.650000      5.678243
    5.660000      5.728539
    5.670000      5.706876
    5.680000      5.611684
    5.690000      5.442563
    5.700000      5.200275
    5.710000      4.886704
    5.720000      4.504788
    5.730000      4.058427
    5.740000      3.552370
    5.750000      2.992090
    5.760000      2.383656
    5.770000      1.733582
    5.780000      1.048691
    5.790000      0.335983
    5.800000     -0.397498
    5.810000     -1.144776
    5.820000     -1.899040
    5.830000     -2.653730
    5.840000     -3.402593
    5.850000     -4.139729
    5.860000     -4.859610
    5.870000     -5.557084
    5.880000     -6.227366
    5.890000     -6.866014
    5.900000     -7.468897
    5.910000     -8.032162
    5.920000     -8.552199
    5.930000     -9.025611
    5.940000     -9.449189
    5.950000     -9.819898
    5.960000    -10.134867
    5.970000    -10.391397
    5.980000    -10.586963
    5.990000    -10.719238
    6.000000    -10.786114
    6.010000    -10.785726
    6.020000    -10.716478
    6.030000    -10.577079
    6.040000    -10.366567
    6.050000    -10.084348
    6.060000     -9.730220
    6.070000     -9.304424
    6.080000     -8.807671
    6.090000     -8.241198
    6.100000     -7.606808
    6.110000     -6.906926
    6.120000     -6.144648
    6.130000     -5.323795
    6.140000     -4.448956
    6.150000     -3.525528
    6.160000     -2.559740
    6.170000     -1.558666
    6.180000     -0.530217
    6.190000      0.516895
    6.200000      1.573206
    6.210000      2.628587
    6.220000      3.672347
    6.230000      4.693369
    6.240000      5.680269
    6.250000      6.621572
    6.260000      7.505917
    6.270000      8.322264
    6.280000      9.060120
    6.290000      9.709761
    6.300000     10.262449
    6.310000     10.710647
    6.320000     11.048198
    6.330000     11.270492
    6.340000     11.374587
    6.350000     11.359298
    6.360000     11.225234
    6.370000     10.974793
    6.380000     10.612102
    6.390000     10.142915
    6.400000      9.574469
    6.410000      8.915299
    6.420000      8.175027
    6.430000      7.364132
    6.440000      6.493713
    6.450000      5.575245
    6.460000      4.620351
    6.470000      3.640591
    6.480000      2.647266
    6.490000      1.651259
    6.500000      0.662897
    6.510000     -0.308158
    6.520000     -1.252987
    6.530000     -2.163474
    6.540000     -3.032343
    6.550000     -3.853176
    6.560000     -4.620421
    6.570000     -5.329391
    6.580000     -5.976245
    6.590000     -6.557973
    6.600000     -7.072365
    6.610000     -7.517983
    6.620000     -7.894118
    6.630000     -8.200751
    6.640000     -8.438500
    6.650000     -8.608573
    6.660000     -8.712716
    6.670000     -8.753159
    6.680000     -8.732568
    6.690000     -8.654004
    6.700000     -8.520877
    6.710000     -8.336916
    6.720000     -8.106141
    6.730000     -7.832837
    6.740000     -7.521534
    6.750000     -7.176989
    6.760000     -6.804160
    6.770000     -6.408182
    6.780000     -5.994337
    6.790000     -5.568019
    6.800000     -5.134689
    6.810000     -4.699830
    6.820000     -4.268896
    6.830000     -3.847257
    6.840000     -3.440148
    6.850000     -3.052616
    6.860000     -2.689469
    6.870000     -2.355232
    6.880000     -2.054097
    6.890000     -1.789881
    6.900000     -1.565987
    6.910000     -1.385352
    6.920000     -1.250406
    6.930000     -1.163024
    6.940000     -1.124479
    6.950000     -1.135394
    6.960000     -1.195705
    6.970000     -1.304627
    6.980000     -1.460632
    6.990000     -1.661450
    7.000000     -1.904081
    7.010000     -2.184833
    7.020000     -2.499373
    7.030000     -2.842804
    7.040000     -3.209750
    7.050000     -3.594448
    7.060000     -3.990846
    7.070000     -4.392692
    7.080000     -4.793615
    7.090000     -5.187188
    7.100000     -5.566973
    7.110000     -5.926548
    7.120000     -6.259520
    7.130000     -6.559518
    7.140000     -6.820193
    7.150000     -7.035207
    7.160000     -7.198240
    7.170000     -7.303008
    7.180000     -7.343306
    7.190000     -7.313074
    7.200000     -7.206489
    7.210000     -7.018079
    7.220000     -6.742857
    7.230000     -6.376475
    7.240000     -5.915370
    7.250000     -5.356925
    7.260000     -4.699607
    7.270000     -3.943103
    7.280000     -3.088425
    7.290000     -2.138006
    7.300000     -1.095758
    7.310000      0.032879
    7.320000      1.240927
    7.330000      2.519866
    7.340000      3.859667
    7.350000      5.248843
    7.360000      6.674524
    7.370000      8.122563
    7.380000      9.577678
    7.390000     11.023629
    7.400000     12.443430
    7.410000     13.819616
    7.420000     15.134540
    7.430000     16.370715
    7.440000     17.511184
    7.450000     18.539912
    7.460000     19.442182
    7.470000     20.204985
    7.480000     20.817380
    7.490000     21.270803
    7.500000     21.559323
    7.510000     21.679815
    7.520000     21.632048
    7.530000     21.418682
    7.540000     21.045176
    7.550000     20.519599
    7.560000     19.852383
    7.570000     19.055990
    7.580000     18.144554
    7.590000     17.133483
    7.600000     16.039049
    7.610000     14.877997
    7.620000     13.667157
    7.630000     12.423108
    7.640000     11.161863
    7.650000      9.898616
    7.660000      8.647520
    7.670000      7.421521
    7.680000      6.232227
    7.690000      5.089818
    7.700000      4.002984
    7.710000      2.978898
    7.720000      2.023212
    7.730000      1.140080
    7.740000      0.332194
    7.750000     -0.399143
    7.760000     -1.053939
    7.770000     -1.633392
    7.780000     -2.139785
    7.790000     -2.576334
    7.800000     -2.947032
    7.810000     -3.256498
    7.820000     -3.509810
    7.830000     -3.712357
    7.840000     -3.869703
    7.850000     -3.987468
    7.860000     -4.071234
    7.870000     -4.126480
    7.880000     -4.158543
    7.890000     -4.172599
    7.900000     -4.173668
    7.910000     -4.166629
    7.920000     -4.156233
    7.930000     -4.147120
    7.940000     -4.143816
    7.950000     -4.150718
    7.960000     -4.172051
    7.970000     -4.211809
    7.980000     -4.273672
    7.990000     -4.360721
    8.000000     -4.475654
    8.010000     -4.620670
    8.020000     -4.797285
    8.030000     -5.006238
    8.040000     -5.247425
    8.050000     -5.519866
    8.060000     -5.821698
    8.070000     -6.150210
    8.080000     -6.501901
    8.090000     -6.872561
    8.100000     -7.257368
    8.110000     -7.650990
    8.120000     -8.047673
    8.130000     -8.441331
    8.140000     -8.825612
    8.150000     -9.193951
    8.160000     -9.539613
    8.170000     -9.855726
    8.180000    -10.135325
    8.190000    -10.371403
    8.200000    -10.556985
    8.210000    -10.685230
    8.220000    -10.749561
    8.230000    -10.743827
    8.240000    -10.662486
    8.250000    -10.500798
    8.260000    -10.255030
    8.270000     -9.922630
    8.280000     -9.502397
    8.290000     -8.994597
    8.300000     -8.401037
    8.310000     -7.725090
    8.320000     -6.971674
    8.330000     -6.147173
    8.340000     -5.259336
    8.350000     -4.317130
    8.360000     -3.330594
    8.370000     -2.310669
    8.380000     -1.269035
    8.390000     -0.217954
    8.400000      0.829894
    8.410000      1.861566
    8.420000      2.864015
    8.430000      3.824270
    8.440000      4.729621
    8.450000      5.567834
    8.460000      6.327388
    8.470000      6.997722
    8.480000      7.569504
    8.490000      8.034890
    8.500000      8.387771
    8.510000      8.623980
    8.520000      8.741460
    8.530000      8.740354
    8.540000      8.623033
    8.550000      8.394045
    8.560000      8.059982
    8.570000      7.629284
    8.580000      7.111990
    8.590000      6.519448
    8.600000      5.864002
    8.610000      5.158687
    8.620000      4.416927
    8.630000      3.652262
    8.640000      2.878115
    8.650000      2.107579
    8.660000      1.353246
    8.670000      0.627056
    8.680000     -0.059834
    8.690000     -0.697178
    8.700000     -1.275765
    8.710000     -1.787543
    8.720000     -2.225753
    8.730000     -2.585053
    8.740000     -2.861639
    8.750000     -3.053348
    8.760000     -3.159719
    8.770000     -3.182030
    8.780000     -3.122806
    8.790000     -2.986906
    8.800000     -2.780584
    8.810000     -2.511474
    8.820000     -2.188365
    8.830000     -1.820952
    8.840000     -1.419585
    8.850000     -0.995012
    8.860000     -0.558153
    8.870000     -0.119900
    8.880000      0.309055
    8.890000      0.718358
    8.900000      1.098115
    8.910000      1.438992
    8.920000      1.732330
    8.930000      1.970254
    8.940000      2.145811
    8.950000      2.253112
    8.960000      2.287500
    8.970000      2.245711
    8.980000      2.126029
    8.990000      1.928412
    9.000000      1.654569
    9.010000      1.307984
    9.020000      0.893865
    9.030000      0.419026
    9.040000     -0.108306
    9.050000     -0.678733
    9.060000     -1.281977
    9.070000     -1.907183
    9.080000     -2.543224
    9.090000     -3.178982
    9.100000     -3.803594
    9.110000     -4.406648
    9.120000     -4.978331
    9.130000     -5.509530
    9.140000     -5.991906
    9.150000     -6.417939
    9.160000     -6.780978
    9.170000     -7.075298
    9.180000     -7.296175
    9.190000     -7.439985
    9.200000     -7.504323
    9.210000     -7.488128
    9.220000     -7.391804
    9.230000     -7.217304
    9.240000     -6.968177
    9.250000     -6.649550
    9.260000     -6.268022
    9.270000     -5.831509
    9.280000     -5.348988
    9.290000     -4.830212
    9.300000     -4.285378
    9.310000     -3.724791
    9.320000     -3.158548
    9.330000     -2.596269
    9.340000     -2.046884
    9.350000     -1.518495
    9.360000     -1.018305
    9.370000     -0.552609
    9.380000     -0.126829
    9.390000      0.254435
    9.400000      0.587353
    9.410000      0.868844
    9.420000      1.096584
    9.430000      1.269070
    9.440000      1.385717
    9.450000      1.446984
    9.460000      1.454502
    9.470000      1.411180
    9.480000      1.321260
    9.490000      1.190295
    9.500000      1.025038
    9.510000      0.833238
    9.520000      0.623345
    9.530000      0.404150
    9.540000      0.184388
    9.550000     -0.027656
    9.560000     -0.224506
    9.570000     -0.399778
    9.580000     -0.548361
    9.590000     -0.666492
    9.600000     -0.751707
    9.610000     -0.802708
    9.620000     -0.819155
    9.630000     -0.801426
    9.640000     -0.750395
    9.650000     -0.667250
    9.660000     -0.553393
    9.670000     -0.410434
    9.680000     -0.240279
    9.690000     -0.045288
    9.700000      0.171513
    9.710000      0.406229
    9.720000      0.653931
    9.730000      0.908589
    9.740000      1.163132
    9.750000      1.409656
    9.760000      1.639779
    9.770000      1.845132
    9.780000      2.017922
    9.790000      2.151791
    9.800000      2.241390
    9.810000      2.284106
    9.820000      2.279851
    9.830000      2.231135
    9.840000      2.142904
    9.850000      2.022154
    9.860000      1.877353
    9.870000      1.717737
    9.880000      1.552529
    9.890000      1.390157
    9.900000      1.237655
    9.910000      1.100091
    9.920000      0.980374
    9.930000      0.879173
    9.940000      0.795134
    9.950000      0.725293
    9.960000      0.665638
    9.970000      0.611753
    9.980000      0.559469
    9.990000      0.505432
   10.000000      0.442314
