    1.700000     -1.076209
    1.710000     -1.354803
    1.720000     -1.626716
    1.730000     -1.889296
    1.740000     -2.135912
    1.750000     -2.362531
    1.760000     -2.568057
    1.770000     -2.754336
    1.780000     -2.925838
    1.790000     -3.089036
    1.800000     -3.251579
    1.810000     -3.421328
    1.820000     -3.605405
    1.830000     -3.809317
    1.840000     -4.036293
    1.850000     -4.286879
    1.860000     -4.558840
    1.870000     -4.847362
    1.880000     -5.145524
    1.890000     -5.444966
    1.900000     -5.736681
    1.910000     -6.011811
    1.920000     -6.262382
    1.930000     -6.481871
    1.940000     -6.665577
    1.950000     -6.810750
    1.960000     -6.916497
    1.970000     -6.983503
    1.980000     -7.013609
    1.990000     -7.009338
    2.000000     -6.973433
    2.010000     -6.908473
    2.020000     -6.816618
    2.030000     -6.699516
    2.040000     -6.558361
    2.050000     -6.394087
    2.060000     -6.207651
    2.070000     -6.000344
    2.080000     -5.774082
    2.090000     -5.531605
    2.100000     -5.276564
    2.110000     -5.013449
    2.120000     -4.747392
    2.130000     -4.483836
    2.140000     -4.228145
    2.150000     -3.985181
    2.160000     -3.758924
    2.170000     -3.552185
    2.180000     -3.366443
    2.190000     -3.201836
    2.200000     -3.057306
    2.210000     -2.930865
    2.220000     -2.819960
    2.230000     -2.721861
    2.240000     -2.634043
    2.250000     -2.554488
    2.260000     -2.481885
    2.270000     -2.415688
    2.280000     -2.356053
    2.290000     -2.303646
    2.300000     -2.259378
    2.310000     -2.224116
    2.320000     -2.198395
    2.330000     -2.182213
    2.340000     -2.174910
    2.350000     -2.175175
    2.360000     -2.181159
    2.370000     -2.190686
    2.380000     -2.201524
    2.390000     -2.211652
    2.400000     -2.219521
    2.410000     -2.224185
    2.420000     -2.225378
    2.430000     -2.223424
    2.440000     -2.219057
    2.450000     -2.213157
    2.460000     -2.206427
    2.470000     -2.199087
    2.480000     -2.190596
    2.490000     -2.179492
    2.500000     -2.163311
    2.510000     -2.138629
    2.520000     -2.101191
    2.530000     -2.046093
    2.540000     -1.967945
    2.550000     -1.861009
    2.560000     -1.719209
    2.570000     -1.535988
    2.580000     -1.304174
    2.590000     -1.015531
    2.600000     -0.660490
    2.610000     -0.227788
    2.620000      0.295702
    2.630000      0.924814
    2.640000      1.675661
    2.650000      2.564754
    2.660000      3.607726
    2.670000      4.817680
    2.680000      6.203280
    2.690000      7.766718
    2.700000      9.501813
    2.710000     11.392408
    2.720000     13.411320
    2.730000     15.520036
    2.740000     17.669280
    2.750000     19.800536
    2.760000     21.848469
    2.770000     23.744157
    2.780000     25.418894
    2.790000     26.808301
    2.800000     27.856409
    2.810000     28.519363
    2.820000     28.768417
    2.830000     28.591980
    2.840000     27.996465
    2.850000     27.005916
    2.860000     25.660402
    2.870000     24.013331
    2.880000     22.127923
    2.890000     20.073153
    2.900000     17.919495
    2.910000     15.734852
    2.920000     13.580963
    2.930000     11.510566
    2.940000      9.565494
    2.950000      7.775756
    2.960000      6.159623
    2.970000      4.724547
    2.980000      3.468788
    2.990000      2.383451
    3.000000      1.454724
    3.010000      0.666060
    3.020000      0.000090
    3.030000     -0.559890
    3.040000     -1.028894
    3.050000     -1.419762
    3.060000     -1.743132
    3.070000     -2.007669
    3.080000     -2.220691
    3.090000     -2.388670
    3.100000     -2.517837
    3.110000     -2.614548
    3.120000     -2.685427
    3.130000     -2.737345
    3.140000     -2.777149
    3.150000     -2.811300
    3.160000     -2.845446
    3.170000     -2.884061
    3.180000     -2.930193
    3.190000     -2.985422
    3.200000     -3.050004
    3.210000     -3.123216
    3.220000     -3.203817
    3.230000     -3.290628
    3.240000     -3.383009
    3.250000     -3.481296
    3.260000     -3.587001
    3.270000     -3.702795
    3.280000     -3.832252
    3.290000     -3.979373
    3.300000     -4.147958
    3.310000     -4.340927
    3.320000     -4.559666
    3.330000     -4.803522
    3.340000     -5.069522
    3.350000     -5.352354
    3.360000     -5.644645
    3.370000     -5.937495
    3.380000     -6.221208
    3.390000     -6.486127
    3.400000     -6.723463
    3.410000     -6.926009
    3.420000     -7.088659
    3.430000     -7.208646
    3.440000     -7.285508
    3.450000     -7.320767
    3.460000     -7.317403
    3.470000     -7.279209
    3.480000     -7.210119
    3.490000     -7.113637
    3.500000     -6.992446
    3.510000     -6.848262
    3.520000     -6.681954
    3.530000     -6.493902
    3.540000     -6.284533
    3.550000     -6.054930
    3.560000     -5.807394
    3.570000     -5.545855
    3.580000     -5.276023
    3.590000     -5.005215
    3.600000     -4.741871
    3.610000     -4.494762
    3.620000     -4.272032
    3.630000     -4.080159
    3.640000     -3.923014
    3.650000     -3.801170
    3.660000     -3.711563
    3.670000     -3.647625
    3.680000     -3.599863
    3.690000     -3.556875
    3.700000     -3.506662
    3.710000     -3.438090
    3.720000     -3.342270
    3.730000     -3.213967
    3.740000     -3.052177
    3.750000     -2.859283
    3.760000     -2.641238
    3.770000     -2.406490
    3.780000     -2.164506
    3.790000     -1.923942
    3.800000     -1.690805
    3.810000     -1.466845
    3.820000     -1.248409
    3.830000     -1.026010
    3.840000     -0.784728
    3.850000     -0.505480
    3.860000     -0.167075
    3.870000      0.251123
    3.880000      0.766229
    3.890000      1.388887
    3.900000      2.120729
    3.910000      2.952583
    3.920000      3.863723
    3.930000      4.822277
    3.940000      5.786846
    3.950000      6.709270
    3.960000      7.538336
    3.970000      8.224105
    3.980000      8.722390
    3.990000      8.998988
    4.000000      9.033105
    4.010000      8.819585
    4.020000      8.369555
    4.030000      7.709433
    4.040000      6.878400
    4.050000      5.924711
    4.060000      4.901235
    4.070000      3.860816
    4.080000      2.851679
    4.090000      1.913700
    4.100000      1.075516
    4.110000      0.353012
    4.120000     -0.250889
    4.130000     -0.745108
    4.140000     -1.148113
    4.150000     -1.484785
    4.160000     -1.782881
    4.170000     -2.069487
    4.180000     -2.367917
    4.190000     -2.695374
    4.200000     -3.061611
    4.210000     -3.468682
    4.220000     -3.911746
    4.230000     -4.380713
    4.240000     -4.862474
    4.250000     -5.343337
    4.260000     -5.811369
    4.270000     -6.258219
    4.280000     -6.680316
    4.290000     -7.079172
    4.300000     -7.460876
    4.310000     -7.834843
    4.320000     -8.212043
    4.330000     -8.602976
    4.340000     -9.015705
    4.350000     -9.454246
    4.360000     -9.917515
    4.370000    -10.399019
    4.380000    -10.887287
    4.390000    -11.366997
    4.400000    -11.820633
    4.410000    -12.230410
    4.420000    -12.580233
    4.430000    -12.857386
    4.440000    -13.053758
    4.450000    -13.166433
    4.460000    -13.197594
    4.470000    -13.153784
    4.480000    -13.044643
    4.490000    -12.881332
    4.500000    -12.674950
    4.510000    -12.434922
    4.520000    -12.168044
    4.530000    -11.877740
    4.540000    -11.564135
    4.550000    -11.224564
    4.560000    -10.854536
    4.570000    -10.448953
    4.580000    -10.003356
    4.590000     -9.514977
    4.600000     -8.983434
    4.610000     -8.410829
    4.620000     -7.801373
    4.630000     -7.160377
    4.640000     -6.492897
    4.650000     -5.802146
    4.660000     -5.087982
    4.670000     -4.345563
    4.680000     -3.564693
    4.690000     -2.729669
    4.700000     -1.820039
    4.710000     -0.812070
    4.720000      0.319091
    4.730000      1.596839
    4.740000      3.040228
    4.750000      4.661305
    4.760000      6.462677
    4.770000      8.435772
    4.780000     10.559911
    4.790000     12.802310
    4.800000     15.119029
    4.810000     17.456799
    4.820000     19.755557
    4.830000     21.951501
    4.840000     23.980373
    4.850000     25.780774
    4.860000     27.297224
    4.870000     28.482826
    4.880000     29.301325
    4.890000     29.728615
    4.900000     29.753467
    4.910000     29.377741
    4.920000     28.615928
    4.930000     27.494236
    4.940000     26.049249
    4.950000     24.326262
    4.960000     22.377342
    4.970000     20.259221
    4.980000     18.031037
    4.990000     15.752028
    5.000000     13.479230
    5.010000     11.265259
    5.020000      9.156317
    5.030000      7.190481
    5.040000      5.396438
    5.050000      3.792733
    5.060000      2.387632
    5.070000      1.179622
    5.080000      0.158543
    5.090000     -0.692733
    5.100000     -1.396222
    5.110000     -1.976476
    5.120000     -2.458266
    5.130000     -2.864426
    5.140000     -3.214136
    5.150000     -3.521767
    5.160000     -3.796448
    5.170000     -4.042254
    5.180000     -4.259112
    5.190000     -4.444117
    5.200000     -4.593168
    5.210000     -4.702636
    5.220000     -4.770840
    5.230000     -4.799076
    5.240000     -4.792113
    5.250000     -4.758020
    5.260000     -4.707403
    5.270000     -4.652099
    5.280000     -4.603615
    5.290000     -4.571436
    5.300000     -4.561569
    5.310000     -4.575472
    5.320000     -4.609648
    5.330000     -4.655839
    5.340000     -4.702023
    5.350000     -4.733899
    5.360000     -4.736793
    5.370000     -4.697668
    5.380000     -4.606945
    5.390000     -4.459865
    5.400000     -4.257152
    5.410000     -4.004856
    5.420000     -3.713362
    5.430000     -3.395645
    5.440000     -3.065020
    5.450000     -2.732668
    5.460000     -2.405307
    5.470000     -2.083367
    5.480000     -1.759967
    5.490000     -1.420918
    5.500000     -1.045847
    5.510000     -0.610374
    5.520000     -0.089137
    5.530000      0.540634
    5.540000      1.295452
    5.550000      2.182233
    5.560000      3.195745
    5.570000      4.317186
    5.580000      5.514157
    5.590000      6.742087
    5.600000      7.947068
    5.610000      9.069798
    5.620000     10.050310
    5.630000     10.832946
    5.640000     11.371092
    5.650000     11.631158
    5.660000     11.595388
    5.670000     11.263203
    5.680000     10.650961
    5.690000      9.790178
    5.700000      8.724437
    5.710000      7.505327
    5.720000      6.187871
    5.730000      4.825930
    5.740000      3.468037
    5.750000      2.154074
    5.760000      0.913112
    5.770000     -0.237581
    5.780000     -1.292168
    5.790000     -2.254778
    5.800000     -3.137174
    5.810000     -3.955891
    5.820000     -4.729236
    5.830000     -5.474478
    5.840000     -6.205565
    5.850000     -6.931543
    5.860000     -7.655815
    5.870000     -8.376215
    5.880000     -9.085790
    5.890000     -9.774112
    5.900000    -10.428876
    5.910000    -11.037550
    5.920000    -11.588836
    5.930000    -12.073776
    5.940000    -12.486402
    5.950000    -12.823878
    5.960000    -13.086195
    5.970000    -13.275504
    5.980000    -13.395241
    5.990000    -13.449185
    6.000000    -13.440605
    6.010000    -13.371600
    6.020000    -13.242707
    6.030000    -13.052807
    6.040000    -12.799272
    6.050000    -12.478327
    6.060000    -12.085481
    6.070000    -11.616005
    6.080000    -11.065294
    6.090000    -10.429127
    6.100000     -9.703765
    6.110000     -8.885927
    6.120000     -7.972688
    6.130000     -6.961389
    6.140000     -5.849634
    6.150000     -4.635459
    6.160000     -3.317719
    6.170000     -1.896714
    6.180000     -0.375021
    6.190000      1.241540
    6.200000      2.942916
    6.210000      4.713941
    6.220000      6.533710
    6.230000      8.375326
    6.240000     10.206141
    6.250000     11.988510
    6.260000     13.681089
    6.270000     15.240591
    6.280000     16.623897
    6.290000     17.790358
    6.300000     18.704108
    6.310000     19.336183
    6.320000     19.666282
    6.330000     19.684007
    6.340000     19.389492
    6.350000     18.793361
    6.360000     17.916043
    6.370000     16.786498
    6.380000     15.440480
    6.390000     13.918480
    6.400000     12.263523
    6.410000     10.518972
    6.420000      8.726511
    6.430000      6.924425
    6.440000      5.146268
    6.450000      3.419975
    6.460000      1.767439
    6.470000      0.204504
    6.480000     -1.258643
    6.490000     -2.616789
    6.500000     -3.868791
    6.510000     -5.016551
    6.520000     -6.063956
    6.530000     -7.015873
    6.540000     -7.877263
    6.550000     -8.652469
    6.560000     -9.344710
    6.570000     -9.955815
    6.580000    -10.486175
    6.590000    -10.934920
    6.600000    -11.300271
    6.610000    -11.580036
    6.620000    -11.772181
    6.630000    -11.875423
    6.640000    -11.889774
    6.650000    -11.816966
    6.660000    -11.660718
    6.670000    -11.426792
    6.680000    -11.122818
    6.690000    -10.757907
    6.700000    -10.342060
    6.710000     -9.885455
    6.720000     -9.397665
    6.730000     -8.886909
    6.740000     -8.359426
    6.750000     -7.819063
    6.760000     -7.267144
    6.770000     -6.702658
    6.780000     -6.122782
    6.790000     -5.523695
    6.800000     -4.901624
    6.810000     -4.253998
    6.820000     -3.580610
    6.830000     -2.884615
    6.840000     -2.173266
    6.850000     -1.458255
    6.860000     -0.755593
    6.870000     -0.085004
    6.880000      0.531145
    6.890000      1.069292
    6.900000      1.506392
    6.910000      1.821724
    6.920000      1.998616
    6.930000      2.025920
    6.940000      1.899067
    6.950000      1.620608
    6.960000      1.200151
    6.970000      0.653712
    6.980000      0.002531
    6.990000     -0.728532
    7.000000     -1.512864
    7.010000     -2.324036
    7.020000     -3.137625
    7.030000     -3.932747
    7.040000     -4.693147
    7.050000     -5.407772
    7.060000     -6.070780
    7.070000     -6.681014
    7.080000     -7.241047
    7.090000     -7.755896
    7.100000     -8.231595
    7.110000     -8.673776
    7.120000     -9.086434
    7.130000     -9.470981
    7.140000     -9.825699
    7.150000    -10.145605
    7.160000    -10.422717
    7.170000    -10.646637
    7.180000    -10.805360
    7.190000    -10.886160
    7.200000    -10.876429
    7.210000    -10.764347
    7.220000    -10.539300
    7.230000    -10.192009
    7.240000     -9.714359
    7.250000     -9.099027
    7.260000     -8.338970
    7.270000     -7.426927
    7.280000     -6.355076
    7.290000     -5.114959
    7.300000     -3.697791
    7.310000     -2.095204
    7.320000     -0.300407
    7.330000      1.690282
    7.340000      3.875686
    7.350000      6.247953
    7.360000      8.790899
    7.370000     11.478711
    7.380000     14.275217
    7.390000     17.133885
    7.400000     19.998635
    7.410000     22.805509
    7.420000     25.485117
    7.430000     27.965743
    7.440000     30.176881
    7.450000     32.052964
    7.460000     33.536975
    7.470000     34.583680
    7.480000     35.162205
    7.490000     35.257764
    7.500000     34.872397
    7.510000     34.024685
    7.520000     32.748470
    7.530000     31.090706
    7.540000     29.108637
    7.550000     26.866538
    7.560000     24.432278
    7.570000     21.873968
    7.580000     19.256934
    7.590000     16.641173
    7.600000     14.079456
    7.610000     11.616090
    7.620000      9.286371
    7.630000      7.116619
    7.640000      5.124717
    7.650000      3.320991
    7.660000      1.709295
    7.670000      0.288165
    7.680000     -0.948066
    7.690000     -2.008288
    7.700000     -2.903775
    7.710000     -3.647519
    7.720000     -4.253698
    7.730000     -4.737236
    7.740000     -5.113402
    7.750000     -5.397408
    7.760000     -5.603978
    7.770000     -5.746860
    7.780000     -5.838400
    7.790000     -5.889028
    7.800000     -5.906894
    7.810000     -5.897634
    7.820000     -5.864323
    7.830000     -5.807671
    7.840000     -5.726450
    7.850000     -5.618158
    7.860000     -5.479846
    7.870000     -5.309051
    7.880000     -5.104724
    7.890000     -4.868049
    7.900000     -4.603068
    7.910000     -4.317020
    7.920000     -4.020344
    7.930000     -3.726337
    7.940000     -3.450489
    7.950000     -3.209553
    7.960000     -3.020449
    7.970000     -2.899097
    7.980000     -2.859312
    7.990000     -2.911664
    8.000000     -3.063099
    8.010000     -3.316547
    8.020000     -3.670745
    8.030000     -4.120476
    8.040000     -4.657066
    8.050000     -5.269083
    8.060000     -5.943143
    8.070000     -6.664755
    8.080000     -7.419094
    8.090000     -8.191664
    8.100000     -8.968788
    8.110000     -9.737921
    8.120000    -10.487768
    8.130000    -11.208270
    8.140000    -11.890451
    8.150000    -12.526202
    8.160000    -13.108040
    8.170000    -13.628864
    8.180000    -14.081747
    8.190000    -14.459772
    8.200000    -14.755906
    8.210000    -14.962917
    8.220000    -15.073320
    8.230000    -15.079337
    8.240000    -14.972903
    8.250000    -14.745672
    8.260000    -14.389119
    8.270000    -13.894684
    8.280000    -13.254062
    8.290000    -12.459601
    8.300000    -11.504862
    8.310000    -10.385320
    8.320000     -9.099173
    8.330000     -7.648229
    8.340000     -6.038769
    8.350000     -4.282338
    8.360000     -2.396328
    8.370000     -0.404301
    8.380000      1.664047
    8.390000      3.773315
    8.400000      5.883243
    8.410000      7.949944
    8.420000      9.927471
    8.430000     11.769618
    8.440000     13.431839
    8.450000     14.873156
    8.460000     16.057932
    8.470000     16.957382
    8.480000     17.550735
    8.490000     17.825986
    8.500000     17.780222
    8.510000     17.419514
    8.520000     16.758434
    8.530000     15.819253
    8.540000     14.630893
    8.550000     13.227716
    8.560000     11.648228
    8.570000      9.933740
    8.580000      8.127050
    8.590000      6.271173
    8.600000      4.408121
    8.610000      2.577769
    8.620000      0.816807
    8.630000     -0.842206
    8.640000     -2.371640
    8.650000     -3.749427
    8.660000     -4.959457
    8.670000     -5.991721
    8.680000     -6.842127
    8.690000     -7.511997
    8.700000     -8.007235
    8.710000     -8.337213
    8.720000     -8.513444
    8.730000     -8.548169
    8.740000     -8.452968
    8.750000     -8.237571
    8.760000     -7.908994
    8.770000     -7.471133
    8.780000     -6.924258
    8.790000     -6.267366
    8.800000     -5.498033
    8.810000     -4.614370
    8.820000     -3.616871
    8.830000     -2.510296
    8.840000     -1.305373
    8.850000     -0.020073
    8.860000      1.319717
    8.870000      2.680280
    8.880000      4.020977
    8.890000      5.295962
    8.900000      6.456590
    8.910000      7.454341
    8.920000      8.243998
    8.930000      8.786807
    8.940000      9.053295
    8.950000      9.025508
    8.960000      8.698420
    8.970000      8.080395
    8.980000      7.192637
    8.990000      6.067705
    9.000000      4.747213
    9.010000      3.278948
    9.020000      1.713688
    9.030000      0.102001
    9.040000     -1.508686
    9.050000     -3.076488
    9.060000     -4.566776
    9.070000     -5.953071
    9.080000     -7.217146
    9.090000     -8.348357
    9.100000     -9.342401
    9.110000    -10.199649
    9.120000    -10.923313
    9.130000    -11.517651
    9.140000    -11.986428
    9.150000    -12.331769
    9.160000    -12.553531
    9.170000    -12.649198
    9.180000    -12.614293
    9.190000    -12.443205
    9.200000    -12.130314
    9.210000    -11.671256
    9.220000    -11.064180
    9.230000    -10.310846
    9.240000     -9.417453
    9.250000     -8.395122
    9.260000     -7.259980
    9.270000     -6.032876
    9.280000     -4.738737
    9.290000     -3.405662
    9.300000     -2.063813
    9.310000     -0.744209
    9.320000      0.522493
    9.330000      1.707158
    9.340000      2.783208
    9.350000      3.727499
    9.360000      4.521009
    9.370000      5.149331
    9.380000      5.602983
    9.390000      5.877530
    9.400000      5.973552
    9.410000      5.896464
    9.420000      5.656198
    9.430000      5.266770
    9.440000      4.745738
    9.450000      4.113566
    9.460000      3.392911
    9.470000      2.607840
    9.480000      1.783028
    9.490000      0.942937
    9.500000      0.111034
    9.510000     -0.690932
    9.520000     -1.443543
    9.530000     -2.130187
    9.540000     -2.737374
    9.550000     -3.254861
    9.560000     -3.675598
    9.570000     -3.995486
    9.580000     -4.212988
    9.590000     -4.328617
    9.600000     -4.344354
    9.610000     -4.263063
    9.620000     -4.087951
    9.630000     -3.822150
    9.640000     -3.468468
    9.650000     -3.029354
    9.660000     -2.507106
    9.670000     -1.904325
    9.680000     -1.224574
    9.690000     -0.473210
    9.700000      0.341706
    9.710000      1.208526
    9.720000      2.111270
    9.730000      3.029149
    9.740000      3.936476
    9.750000      4.803048
    9.760000      5.595071
    9.770000      6.276626
    9.780000      6.811643
    9.790000      7.167447
    9.800000      7.313531
    9.810000      7.228219
    9.820000      6.899736
    9.830000      6.328149
    9.840000      5.526622
    9.850000      4.521762
    9.860000      3.352946
    9.870000      2.070585
    9.880000      0.733415
    9.890000     -0.595076
    9.900000     -1.850763
    9.910000     -2.973282
    9.920000     -3.910295
    9.930000     -4.621251
    9.940000     -5.080306
    9.950000     -5.278086
    9.960000     -5.222163
    9.970000     -4.936143
    9.980000     -4.457398
    9.990000     -3.833784
   10.000000     -3.106839
