    1.700000     -1.862348
    1.710000     -1.929044
    1.720000     -1.995650
    1.730000     -2.068636
    1.740000     -2.156327
    1.750000     -2.267998
    1.760000     -2.412685
    1.770000     -2.597927
    1.780000     -2.828579
    1.790000     -3.105771
    1.800000     -3.426323
    1.810000     -3.782528
    1.820000     -4.162436
    1.830000     -4.550712
    1.840000     -4.929860
    1.850000     -5.281737
    1.860000     -5.589240
    1.870000     -5.837943
    1.880000     -6.017511
    1.890000     -6.122620
    1.900000     -6.153585
    1.910000     -6.116136
    1.920000     -6.020886
    1.930000     -5.882156
    1.940000     -5.716463
    1.950000     -5.540879
    1.960000     -5.371381
    1.970000     -5.221272
    1.980000     -5.100167
    1.990000     -5.013300
    2.000000     -4.961348
    2.010000     -4.940919
    2.020000     -4.945259
    2.030000     -4.965495
    2.040000     -4.991887
    2.050000     -5.015111
    2.060000     -5.027327
    2.070000     -5.023083
    2.080000     -4.999601
    2.090000     -4.956755
    2.100000     -4.896772
    2.110000     -4.823407
    2.120000     -4.741134
    2.130000     -4.654228
    2.140000     -4.565946
    2.150000     -4.477985
    2.160000     -4.390243
    2.170000     -4.300898
    2.180000     -4.206844
    2.190000     -4.104421
    2.200000     -3.990099
    2.210000     -3.861435
    2.220000     -3.717676
    2.230000     -3.560235
    2.240000     -3.392774
    2.250000     -3.221022
    2.260000     -3.052154
    2.270000     -2.893965
    2.280000     -2.753932
    2.290000     -2.638210
    2.300000     -2.550799
    2.310000     -2.492946
    2.320000     -2.462942
    2.330000     -2.456273
    2.340000     -2.466154
    2.350000     -2.484410
    2.360000     -2.502498
    2.370000     -2.512641
    2.380000     -2.508833
    2.390000     -2.487624
    2.400000     -2.448524
    2.410000     -2.394106
    2.420000     -2.329556
    2.430000     -2.261961
    2.440000     -2.199300
    2.450000     -2.149305
    2.460000     -2.118326
    2.470000     -2.110378
    2.480000     -2.126433
    2.490000     -2.164088
    2.500000     -2.217599
    2.510000     -2.278254
    2.520000     -2.335063
    2.530000     -2.375559
    2.540000     -2.386670
    2.550000     -2.355496
    2.560000     -2.269930
    2.570000     -2.118951
    2.580000     -1.892756
    2.590000     -1.582590
    2.600000     -1.180441
    2.610000     -0.678687
    2.620000     -0.069885
    2.630000      0.653374
    2.640000      1.498154
    2.650000      2.470725
    2.660000      3.575585
    2.670000      4.814467
    2.680000      6.185002
    2.690000      7.679598
    2.700000      9.284265
    2.710000     10.978245
    2.720000     12.733585
    2.730000     14.515909
    2.740000     16.285221
    2.750000     17.997683
    2.760000     19.607742
    2.770000     21.070401
    2.780000     22.343878
    2.790000     23.391710
    2.800000     24.184810
    2.810000     24.702919
    2.820000     24.935444
    2.830000     24.881772
    2.840000     24.550384
    2.850000     23.958272
    2.860000     23.129139
    2.870000     22.092075
    2.880000     20.879422
    2.890000     19.525393
    2.900000     18.064395
    2.910000     16.530010
    2.920000     14.954014
    2.930000     13.366050
    2.940000     11.793035
    2.950000     10.259174
    2.960000      8.785919
    2.970000      7.391768
    2.980000      6.092169
    2.990000      4.899331
    3.000000      3.821907
    3.010000      2.864792
    3.020000      2.028866
    3.030000      1.311005
    3.040000      0.704262
    3.050000      0.198285
    3.060000     -0.219839
    3.070000     -0.564729
    3.080000     -0.851465
    3.090000     -1.094479
    3.100000     -1.306380
    3.110000     -1.497092
    3.120000     -1.673293
    3.130000     -1.838248
    3.140000     -1.992086
    3.150000     -2.132491
    3.160000     -2.255705
    3.170000     -2.357697
    3.180000     -2.435410
    3.190000     -2.487795
    3.200000     -2.516652
    3.210000     -2.526934
    3.220000     -2.526685
    3.230000     -2.526467
    3.240000     -2.538372
    3.250000     -2.574772
    3.260000     -2.646950
    3.270000     -2.763787
    3.280000     -2.930685
    3.290000     -3.148929
    3.300000     -3.415436
    3.310000     -3.723102
    3.320000     -4.061578
    3.330000     -4.418349
    3.340000     -4.780202
    3.350000     -5.134493
    3.360000     -5.470448
    3.370000     -5.780023
    3.380000     -6.058500
    3.390000     -6.304369
    3.400000     -6.518910
    3.410000     -6.705449
    3.420000     -6.868109
    3.430000     -7.010828
    3.440000     -7.136113
    3.450000     -7.244430
    3.460000     -7.333749
    3.470000     -7.399565
    3.480000     -7.435508
    3.490000     -7.434224
    3.500000     -7.388514
    3.510000     -7.292679
    3.520000     -7.143575
    3.530000     -6.941653
    3.540000     -6.691271
    3.550000     -6.400815
    3.560000     -6.082026
    3.570000     -5.749145
    3.580000     -5.417475
    3.590000     -5.101908
    3.600000     -4.815374
    3.610000     -4.567602
    3.620000     -4.364202
    3.630000     -4.206188
    3.640000     -4.090140
    3.650000     -4.008764
    3.660000     -3.951983
    3.670000     -3.908282
    3.680000     -3.866036
    3.690000     -3.814928
    3.700000     -3.746995
    3.710000     -3.657276
    3.720000     -3.543960
    3.730000     -3.408155
    3.740000     -3.253084
    3.750000     -3.083076
    3.760000     -2.902349
    3.770000     -2.713905
    3.780000     -2.518510
    3.790000     -2.314119
    3.800000     -2.095755
    3.810000     -1.855789
    3.820000     -1.584773
    3.830000     -1.272533
    3.840000     -0.909536
    3.850000     -0.488313
    3.860000     -0.004674
    3.870000      0.541280
    3.880000      1.144621
    3.890000      1.795495
    3.900000      2.479580
    3.910000      3.178888
    3.920000      3.872993
    3.930000      4.540433
    3.940000      5.160158
    3.950000      5.712830
    3.960000      6.181986
    3.970000      6.554872
    3.980000      6.822728
    3.990000      6.980967
    4.000000      7.028889
    4.010000      6.969139
    4.020000      6.807061
    4.030000      6.550078
    4.040000      6.206956
    4.050000      5.787369
    4.060000      5.301441
    4.070000      4.759690
    4.080000      4.172653
    4.090000      3.551194
    4.100000      2.906190
    4.110000      2.248627
    4.120000      1.589392
    4.130000      0.938814
    4.140000      0.306483
    4.150000     -0.299508
    4.160000     -0.872863
    4.170000     -1.409795
    4.180000     -1.909139
    4.190000     -2.372704
    4.200000     -2.804969
    4.210000     -3.212868
    4.220000     -3.605014
    4.230000     -3.990953
    4.240000     -4.380102
    4.250000     -4.780950
    4.260000     -5.199935
    4.270000     -5.640941
    4.280000     -6.104797
    4.290000     -6.589223
    4.300000     -7.088998
    4.310000     -7.596603
    4.320000     -8.102931
    4.330000     -8.598237
    4.340000     -9.073056
    4.350000     -9.519117
    4.360000     -9.929941
    4.370000    -10.301341
    4.380000    -10.631520
    4.390000    -10.920807
    4.400000    -11.171383
    4.410000    -11.386405
    4.420000    -11.569564
    4.430000    -11.724083
    4.440000    -11.852204
    4.450000    -11.954831
    4.460000    -12.031214
    4.470000    -12.078964
    4.480000    -12.094564
    4.490000    -12.073734
    4.500000    -12.011962
    4.510000    -11.905484
    4.520000    -11.751391
    4.530000    -11.548540
    4.540000    -11.297361
    4.550000    -11.000115
    4.560000    -10.660290
    4.570000    -10.282387
    4.580000     -9.870934
    4.590000     -9.429927
    4.600000     -8.961840
    4.610000     -8.467240
    4.620000     -7.944116
    4.630000     -7.387659
    4.640000     -6.790605
    4.650000     -6.143267
    4.660000     -5.434496
    4.670000     -4.652281
    4.680000     -3.784972
    4.690000     -2.822067
    4.700000     -1.755481
    4.710000     -0.580115
    4.720000      0.705124
    4.730000      2.097266
    4.740000      3.588641
    4.750000      5.167391
    4.760000      6.817258
    4.770000      8.518566
    4.780000     10.248219
    4.790000     11.981066
    4.800000     13.689914
    4.810000     15.346921
    4.820000     16.923899
    4.830000     18.393186
    4.840000     19.728203
    4.850000     20.904448
    4.860000     21.899628
    4.870000     22.694721
    4.880000     23.274394
    4.890000     23.627502
    4.900000     23.747771
    4.910000     23.634021
    4.920000     23.290653
    4.930000     22.727404
    4.940000     21.959251
    4.950000     21.006265
    4.960000     19.892690
    4.970000     18.645972
    4.980000     17.295766
    4.990000     15.872783
    5.000000     14.407059
    5.010000     12.927387
    5.020000     11.459498
    5.030000     10.025678
    5.040000      8.643760
    5.050000      7.327275
    5.060000      6.085105
    5.070000      4.922340
    5.080000      3.840454
    5.090000      2.838625
    5.100000      1.914248
    5.110000      1.064209
    5.120000      0.285282
    5.130000     -0.425005
    5.140000     -1.068230
    5.150000     -1.645123
    5.160000     -2.155692
    5.170000     -2.599811
    5.180000     -2.977699
    5.190000     -3.290666
    5.200000     -3.541502
    5.210000     -3.735005
    5.220000     -3.877946
    5.230000     -3.978945
    5.240000     -4.048059
    5.250000     -4.095997
    5.260000     -4.133275
    5.270000     -4.169347
    5.280000     -4.211590
    5.290000     -4.264733
    5.300000     -4.330278
    5.310000     -4.406476
    5.320000     -4.488480
    5.330000     -4.568961
    5.340000     -4.638943
    5.350000     -4.688713
    5.360000     -4.708954
    5.370000     -4.691620
    5.380000     -4.630700
    5.390000     -4.522613
    5.400000     -4.366340
    5.410000     -4.163082
    5.420000     -3.915653
    5.430000     -3.627762
    5.440000     -3.302965
    5.450000     -2.943939
    5.460000     -2.551698
    5.470000     -2.125330
    5.480000     -1.661920
    5.490000     -1.157068
    5.500000     -0.605562
    5.510000     -0.002634
    5.520000      0.654997
    5.530000      1.367674
    5.540000      2.131971
    5.550000      2.939715
    5.560000      3.777916
    5.570000      4.628820
    5.580000      5.470817
    5.590000      6.279489
    5.600000      7.029333
    5.610000      7.695330
    5.620000      8.254786
    5.630000      8.688793
    5.640000      8.983510
    5.650000      9.130671
    5.660000      9.127906
    5.670000      8.978334
    5.680000      8.689646
    5.690000      8.272935
    5.700000      7.741482
    5.710000      7.109182
    5.720000      6.389578
    5.730000      5.594868
    5.740000      4.735578
    5.750000      3.820355
    5.760000      2.856658
    5.770000      1.851015
    5.780000      0.810302
    5.790000     -0.257834
    5.800000     -1.343855
    5.810000     -2.436380
    5.820000     -3.521728
    5.830000     -4.584715
    5.840000     -5.609034
    5.850000     -6.578695
    5.860000     -7.478881
    5.870000     -8.297501
    5.880000     -9.025871
    5.890000     -9.659675
    5.900000    -10.199067
    5.910000    -10.648534
    5.920000    -11.016080
    5.930000    -11.312264
    5.940000    -11.548714
    5.950000    -11.736720
    5.960000    -11.885845
    5.970000    -12.002735
    5.980000    -12.090490
    5.990000    -12.148297
    6.000000    -12.171618
    6.010000    -12.152962
    6.020000    -12.082829
    6.030000    -11.950841
    6.040000    -11.746983
    6.050000    -11.462796
    6.060000    -11.092026
    6.070000    -10.631177
    6.080000    -10.079417
    6.090000     -9.438408
    6.100000     -8.711504
    6.110000     -7.903154
    6.120000     -7.017835
    6.130000     -6.059643
    6.140000     -5.031760
    6.150000     -3.936524
    6.160000     -2.775790
    6.170000     -1.551434
    6.180000     -0.266723
    6.190000      1.073062
    6.200000      2.459082
    6.210000      3.878685
    6.220000      5.314345
    6.230000      6.744407
    6.240000      8.142954
    6.250000      9.481498
    6.260000     10.730150
    6.270000     11.859526
    6.280000     12.842527
    6.290000     13.656260
    6.300000     14.283354
    6.310000     14.712940
    6.320000     14.941084
    6.330000     14.970685
    6.340000     14.810713
    6.350000     14.474883
    6.360000     13.980195
    6.370000     13.345485
    6.380000     12.589824
    6.390000     11.731010
    6.400000     10.785119
    6.410000      9.765589
    6.420000      8.683704
    6.430000      7.548722
    6.440000      6.368590
    6.450000      5.151266
    6.460000      3.904964
    6.470000      2.639503
    6.480000      1.366250
    6.490000      0.098676
    6.500000     -1.148402
    6.510000     -2.358960
    6.520000     -3.517117
    6.530000     -4.607704
    6.540000     -5.617652
    6.550000     -6.536528
    6.560000     -7.357363
    6.570000     -8.076671
    6.580000     -8.694613
    6.590000     -9.214093
    6.600000     -9.640518
    6.610000     -9.980418
    6.620000    -10.240737
    6.630000    -10.427871
    6.640000    -10.546937
    6.650000    -10.601481
    6.660000    -10.593222
    6.670000    -10.522417
    6.680000    -10.388254
    6.690000    -10.189528
    6.700000     -9.925367
    6.710000     -9.595944
    6.720000     -9.202988
    6.730000     -8.750033
    6.740000     -8.242741
    6.750000     -7.688439
    6.760000     -7.095923
    6.770000     -6.474889
    6.780000     -5.835339
    6.790000     -5.187019
    6.800000     -4.539101
    6.810000     -3.899744
    6.820000     -3.276308
    6.830000     -2.675192
    6.840000     -2.102470
    6.850000     -1.563926
    6.860000     -1.065795
    6.870000     -0.614679
    6.880000     -0.218027
    6.890000      0.116223
    6.900000      0.379679
    6.910000      0.564195
    6.920000      0.662372
    6.930000      0.668329
    6.940000      0.578370
    6.950000      0.391512
    6.960000      0.109826
    6.970000     -0.261341
    6.980000     -0.713751
    6.990000     -1.236511
    7.000000     -1.816960
    7.010000     -2.441231
    7.020000     -3.095321
    7.030000     -3.765668
    7.040000     -4.439951
    7.050000     -5.107386
    7.060000     -5.758980
    7.070000     -6.387339
    7.080000     -6.986536
    7.090000     -7.551378
    7.100000     -8.077248
    7.110000     -8.559256
    7.120000     -8.992160
    7.130000     -9.369817
    7.140000     -9.685466
    7.150000     -9.931615
    7.160000    -10.100564
    7.170000    -10.184700
    7.180000    -10.177084
    7.190000    -10.071716
    7.200000     -9.863833
    7.210000     -9.550023
    7.220000     -9.128152
    7.230000     -8.596847
    7.240000     -7.955473
    7.250000     -7.203142
    7.260000     -6.338797
    7.270000     -5.360458
    7.280000     -4.265615
    7.290000     -3.051066
    7.300000     -1.713885
    7.310000     -0.251802
    7.320000      1.335196
    7.330000      3.044299
    7.340000      4.868047
    7.350000      6.794043
    7.360000      8.803632
    7.370000     10.872395
    7.380000     12.969678
    7.390000     15.060183
    7.400000     17.104471
    7.410000     19.061541
    7.420000     20.889977
    7.430000     22.550702
    7.440000     24.008353
    7.450000     25.233509
    7.460000     26.203725
    7.470000     26.904329
    7.480000     27.328719
    7.490000     27.477981
    7.500000     27.360256
    7.510000     26.989323
    7.520000     26.383597
    7.530000     25.564471
    7.540000     24.554901
    7.550000     23.378679
    7.560000     22.059379
    7.570000     20.620155
    7.580000     19.083190
    7.590000     17.470377
    7.600000     15.803183
    7.610000     14.103330
    7.620000     12.392402
    7.630000     10.692792
    7.640000      9.026645
    7.650000      7.416062
    7.660000      5.881734
    7.670000      4.442695
    7.680000      3.114686
    7.690000      1.909810
    7.700000      0.835471
    7.710000     -0.106067
    7.720000     -0.917408
    7.730000     -1.606038
    7.740000     -2.182994
    7.750000     -2.662182
    7.760000     -3.058590
    7.770000     -3.387073
    7.780000     -3.660787
    7.790000     -3.890219
    7.800000     -4.082330
    7.810000     -4.240381
    7.820000     -4.364142
    7.830000     -4.450704
    7.840000     -4.495535
    7.850000     -4.493941
    7.860000     -4.442490
    7.870000     -4.340350
    7.880000     -4.190364
    7.890000     -3.999660
    7.900000     -3.779773
    7.910000     -3.546105
    7.920000     -3.317034
    7.930000     -3.112504
    7.940000     -2.952361
    7.950000     -2.854727
    7.960000     -2.834372
    7.970000     -2.901537
    7.980000     -3.061091
    7.990000     -3.312325
    8.000000     -3.649355
    8.010000     -4.061795
    8.020000     -4.536154
    8.030000     -5.057417
    8.040000     -5.610334
    8.050000     -6.181043
    8.060000     -6.758088
    8.070000     -7.333285
    8.080000     -7.901531
    8.090000     -8.460786
    8.100000     -9.011060
    8.110000     -9.553574
    8.120000    -10.089186
    8.130000    -10.617296
    8.140000    -11.134665
    8.150000    -11.635028
    8.160000    -12.108353
    8.170000    -12.541404
    8.180000    -12.918293
    8.190000    -13.221686
    8.200000    -13.433965
    8.210000    -13.538772
    8.220000    -13.522339
    8.230000    -13.374490
    8.240000    -13.089339
    8.250000    -12.665798
    8.260000    -12.107082
    8.270000    -11.420292
    8.280000    -10.615288
    8.290000     -9.703906
    8.300000     -8.698614
    8.310000     -7.611789
    8.320000     -6.454521
    8.330000     -5.236987
    8.340000     -3.968059
    8.350000     -2.656025
    8.360000     -1.308838
    8.370000      0.064234
    8.380000      1.452172
    8.390000      2.841166
    8.400000      4.214573
    8.410000      5.552066
    8.420000      6.830465
    8.430000      8.024265
    8.440000      9.107262
    8.450000     10.053301
    8.460000     10.838407
    8.470000     11.442136
    8.480000     11.849037
    8.490000     12.049764
    8.500000     12.041518
    8.510000     11.828312
    8.520000     11.420750
    8.530000     10.834897
    8.540000     10.091544
    8.550000      9.214652
    8.560000      8.230197
    8.570000      7.164347
    8.580000      6.042885
    8.590000      4.889965
    8.600000      3.727733
    8.610000      2.575532
    8.620000      1.450585
    8.630000      0.367731
    8.640000     -0.660039
    8.650000     -1.621620
    8.660000     -2.506812
    8.670000     -3.306480
    8.680000     -4.012161
    8.690000     -4.616374
    8.700000     -5.112187
    8.710000     -5.493715
    8.720000     -5.756201
    8.730000     -5.896246
    8.740000     -5.912060
    8.750000     -5.803481
    8.760000     -5.572242
    8.770000     -5.222069
    8.780000     -4.758538
    8.790000     -4.189438
    8.800000     -3.524654
    8.810000     -2.776359
    8.820000     -1.958813
    8.830000     -1.088739
    8.840000     -0.185073
    8.850000      0.731117
    8.860000      1.637287
    8.870000      2.509422
    8.880000      3.323088
    8.890000      4.054182
    8.900000      4.680184
    8.910000      5.180815
    8.920000      5.539351
    8.930000      5.743415
    8.940000      5.785718
    8.950000      5.664247
    8.960000      5.382413
    8.970000      4.948617
    8.980000      4.375630
    8.990000      3.679381
    9.000000      2.878239
    9.010000      1.991610
    9.020000      1.039080
    9.030000      0.039175
    9.040000     -0.990597
    9.050000     -2.034363
    9.060000     -3.077552
    9.070000     -4.106942
    9.080000     -5.109496
    9.090000     -6.072182
    9.100000     -6.981244
    9.110000     -7.822298
    9.120000     -8.579700
    9.130000     -9.237325
    9.140000     -9.779111
    9.150000    -10.190099
    9.160000    -10.457463
    9.170000    -10.571792
    9.180000    -10.528150
    9.190000    -10.326853
    9.200000     -9.973901
    9.210000     -9.480917
    9.220000     -8.864599
    9.230000     -8.145753
    9.240000     -7.347660
    9.250000     -6.494945
    9.260000     -5.611685
    9.270000     -4.720083
    9.280000     -3.839055
    9.290000     -2.983934
    9.300000     -2.166041
    9.310000     -1.392971
    9.320000     -0.669101
    9.330000      0.003032
    9.340000      0.621877
    9.350000      1.185640
    9.360000      1.691595
    9.370000      2.135248
    9.380000      2.510418
    9.390000      2.809417
    9.400000      3.023971
    9.410000      3.146020
    9.420000      3.169043
    9.430000      3.089206
    9.440000      2.906332
    9.450000      2.624609
    9.460000      2.252819
    9.470000      1.804149
    9.480000      1.295428
    9.490000      0.746256
    9.500000      0.177625
    9.510000     -0.389415
    9.520000     -0.935010
    9.530000     -1.441776
    9.540000     -1.895212
    9.550000     -2.284322
    9.560000     -2.601470
    9.570000     -2.842136
    9.580000     -3.004188
    9.590000     -3.087211
    9.600000     -3.091888
    9.610000     -3.019362
    9.620000     -2.870952
    9.630000     -2.648144
    9.640000     -2.352827
    9.650000     -1.987664
    9.660000     -1.556855
    9.670000     -1.066668
    9.680000     -0.526004
    9.690000      0.053511
    9.700000      0.657236
    9.710000      1.268030
    9.720000      1.866893
    9.730000      2.434067
    9.740000      2.949821
    9.750000      3.395863
    9.760000      3.756366
    9.770000      4.018787
    9.780000      4.174595
    9.790000      4.219394
    9.800000      4.152950
    9.810000      3.978909
    9.820000      3.704058
    9.830000      3.337933
    9.840000      2.892004
    9.850000      2.379327
    9.860000      1.813961
    9.870000      1.211105
    9.880000      0.586937
    9.890000     -0.041044
    9.900000     -0.654128
    9.910000     -1.231848
    9.920000     -1.752246
    9.930000     -2.192066
    9.940000     -2.527494
    9.950000     -2.734743
    9.960000     -2.791406
    9.970000     -2.677667
    9.980000     -2.377560
    9.990000     -1.880277
   10.000000     -1.181085
