Cycle Iter Rwp lprm_a Ba_beq Ti_beq O_beq rv r2v phase_scale lprm_b lprm_c lprm_al lprm_be lprm_ga 
    0      9  1.101103e+01  8.010744e+00  7.061271e-05  6.709898e-01  3.642773e-01  5.842239e-03  3.032115e-04  9.389590e-01  8.010744e+00  8.010744e+00  9.000000e+01  9.000000e+01  9.000000e+01 
    1     21  1.102629e+01  8.010763e+00  4.088856e-05  6.775086e-01  3.520666e-01  8.774925e-03  4.563818e-05  9.387061e-01  8.010763e+00  8.010763e+00  9.000000e+01  9.000000e+01  9.000000e+01 
    2     33  1.101985e+01  8.010744e+00  2.440569e-04  6.738049e-01  3.605369e-01  6.983178e-03  1.964301e-04  9.389154e-01  8.010744e+00  8.010744e+00  9.000000e+01  9.000000e+01  9.000000e+01 
    3     50  1.101646e+01  8.010748e+00  2.438558e-05  6.764430e-01  3.591798e-01  7.130893e-03  1.798564e-04  9.391071e-01  8.010748e+00  8.010748e+00  9.000000e+01  9.000000e+01  9.000000e+01 
    4     57  1.101349e+01  8.010749e+00  3.125139e-04  6.730387e-01  3.637354e-01  5.430721e-03  3.487857e-04  9.383514e-01  8.010749e+00  8.010749e+00  9.000000e+01  9.000000e+01  9.000000e+01 
    5     74  1.101536e+01  8.010746e+00  4.001646e-05  6.754684e-01  3.600755e-01  7.000072e-03  1.884757e-04  9.391085e-01  8.010746e+00  8.010746e+00  9.000000e+01  9.000000e+01  9.000000e+01 
    6     89  1.102231e+01  8.010755e+00  3.873683e-05  6.774399e-01  3.543587e-01  8.426801e-03  6.707761e-05  9.390226e-01  8.010755e+00  8.010755e+00  9.000000e+01  9.000000e+01  9.000000e+01 
    7    102  1.101138e+01  8.010738e+00  2.749120e-04  6.724222e-01  3.650921e-01  5.777020e-03  3.013088e-04  9.392031e-01  8.010738e+00  8.010738e+00  9.000000e+01  9.000000e+01  9.000000e+01 
    8    119  1.101384e+01  8.010747e+00  2.644972e-05  6.773263e-01  3.614889e-01  6.589689e-03  2.246793e-04  9.393832e-01  8.010747e+00  8.010747e+00  9.000000e+01  9.000000e+01  9.000000e+01 
    9    137  1.101669e+01  8.010747e+00  2.407718e-05  6.764795e-01  3.594446e-01  7.136238e-03  1.789642e-04  9.391779e-01  8.010747e+00  8.010747e+00  9.000000e+01  9.000000e+01  9.000000e+01 
   10    151  1.102001e+01  8.010746e+00  3.469670e-04  6.761000e-01  3.617452e-01  6.604185e-03  2.292727e-04  9.392925e-01  8.010746e+00  8.010746e+00  9.000000e+01  9.000000e+01  9.000000e+01 
   11    160  1.101176e+01  8.010754e+00  4.006573e-04  6.736199e-01  3.632597e-01  5.435750e-03  3.507156e-04  9.382053e-01  8.010754e+00  8.010754e+00  9.000000e+01  9.000000e+01  9.000000e+01 
   12    177  1.101117e+01  8.010744e+00  2.068945e-05  6.721517e-01  3.642222e-01  5.939130e-03  2.909420e-04  9.392528e-01  8.010744e+00  8.010744e+00  9.000000e+01  9.000000e+01  9.000000e+01 
   13    189  1.100873e+01  8.010746e+00  2.460657e-05  6.718367e-01  3.627579e-01  6.086200e-03  2.835517e-04  9.387763e-01  8.010746e+00  8.010746e+00  9.000000e+01  9.000000e+01  9.000000e+01 
   14    204  1.101469e+01  8.010748e+00  3.631722e-05  6.712275e-01  3.624352e-01  6.440870e-03  2.424151e-04  9.389520e-01  8.010748e+00  8.010748e+00  9.000000e+01  9.000000e+01  9.000000e+01 
   15    219  1.101447e+01  8.010741e+00  1.271143e-04  6.739279e-01  3.628608e-01  6.213000e-03  2.628578e-04  9.390407e-01  8.010741e+00  8.010741e+00  9.000000e+01  9.000000e+01  9.000000e+01 
   16    229  1.102242e+01  8.010757e+00  4.378039e-06  6.752262e-01  3.539747e-01  8.368853e-03  8.034573e-05  9.386965e-01  8.010757e+00  8.010757e+00  9.000000e+01  9.000000e+01  9.000000e+01 
   17    244  1.101103e+01  8.010743e+00  3.479588e-04  6.716860e-01  3.654218e-01  5.545248e-03  3.212531e-04  9.389410e-01  8.010743e+00  8.010743e+00  9.000000e+01  9.000000e+01  9.000000e+01 
   18    258  1.102692e+01  8.010753e+00  3.084434e-04  6.759228e-01  3.568442e-01  7.911317e-03  1.163405e-04  9.390264e-01  8.010753e+00  8.010753e+00  9.000000e+01  9.000000e+01  9.000000e+01 
   19    272  1.102591e+01  8.010745e+00  3.854340e-04  6.756955e-01  3.597634e-01  7.147992e-03  1.861432e-04  9.390107e-01  8.010745e+00  8.010745e+00  9.000000e+01  9.000000e+01  9.000000e+01 
   20    282  1.105445e+01  8.010782e+00  3.786020e-04  6.759296e-01  3.473422e-01  9.810218e-03  1.544933e-06  9.381863e-01  8.010782e+00  8.010782e+00  9.000000e+01  9.000000e+01  9.000000e+01 
   21    295  1.102661e+01  8.010748e+00  3.760677e-04  6.757528e-01  3.588123e-01  7.378298e-03  1.672923e-04  9.389208e-01  8.010748e+00  8.010748e+00  9.000000e+01  9.000000e+01  9.000000e+01 
   22    310  1.103027e+01  8.010760e+00  9.814080e-05  6.797882e-01  3.519719e-01  9.099959e-03  2.263018e-06  9.386676e-01  8.010760e+00  8.010760e+00  9.000000e+01  9.000000e+01  9.000000e+01 
   23    322  1.101414e+01  8.010740e+00  4.791964e-05  6.749590e-01  3.619858e-01  6.561524e-03  2.264029e-04  9.393119e-01  8.010740e+00  8.010740e+00  9.000000e+01  9.000000e+01  9.000000e+01 
   24    337  1.100765e+01  8.010736e+00  2.863946e-04  6.741979e-01  3.645202e-01  5.876020e-03  2.863093e-04  9.391589e-01  8.010736e+00  8.010736e+00  9.000000e+01  9.000000e+01  9.000000e+01 
   25    344  1.106271e+01  8.010783e+00  1.510200e-03  6.770063e-01  3.477073e-01  9.648061e-03  1.022845e-05  9.381078e-01  8.010783e+00  8.010783e+00  9.000000e+01  9.000000e+01  9.000000e+01 
   26    357  1.102795e+01  8.010749e+00  7.718673e-04  6.773213e-01  3.594058e-01  7.323882e-03  1.560308e-04  9.391031e-01  8.010749e+00  8.010749e+00  9.000000e+01  9.000000e+01  9.000000e+01 
   27    374  1.100982e+01  8.010741e+00  3.161313e-05  6.740274e-01  3.626834e-01  6.237938e-03  2.587294e-04  9.390970e-01  8.010741e+00  8.010741e+00  9.000000e+01  9.000000e+01  9.000000e+01 
   28    382  1.101853e+01  8.010745e+00  4.152555e-04  6.726040e-01  3.616469e-01  6.624647e-03  2.212808e-04  9.386868e-01  8.010745e+00  8.010745e+00  9.000000e+01  9.000000e+01  9.000000e+01 
   29    401  1.102406e+01  8.010756e+00  2.856624e-05  6.773591e-01  3.538244e-01  8.629785e-03  4.845407e-05  9.391263e-01  8.010756e+00  8.010756e+00  9.000000e+01  9.000000e+01  9.000000e+01 
   30    416  1.101685e+01  8.010749e+00  2.875653e-04  6.778890e-01  3.602643e-01  6.734459e-03  2.149523e-04  9.387713e-01  8.010749e+00  8.010749e+00  9.000000e+01  9.000000e+01  9.000000e+01 
   31    431  1.104361e+01  8.010764e+00  9.875422e-04  6.796972e-01  3.508923e-01  9.328065e-03  5.337253e-06  9.383074e-01  8.010764e+00  8.010764e+00  9.000000e+01  9.000000e+01  9.000000e+01 
   32    444  1.101695e+01  8.010745e+00  2.187818e-05  6.709882e-01  3.616324e-01  6.883358e-03  1.892187e-04  9.389682e-01  8.010745e+00  8.010745e+00  9.000000e+01  9.000000e+01  9.000000e+01 
   33    455  1.101061e+01  8.010742e+00  7.668567e-05  6.716309e-01  3.647104e-01  5.793671e-03  3.034066e-04  9.391418e-01  8.010742e+00  8.010742e+00  9.000000e+01  9.000000e+01  9.000000e+01 
   34    468  1.102823e+01  8.010751e+00  3.964089e-04  6.766610e-01  3.575648e-01  7.622438e-03  1.448691e-04  9.389169e-01  8.010751e+00  8.010751e+00  9.000000e+01  9.000000e+01  9.000000e+01 
   35    485  1.101374e+01  8.010741e+00  4.385550e-05  6.751922e-01  3.621845e-01  6.497266e-03  2.319733e-04  9.392685e-01  8.010741e+00  8.010741e+00  9.000000e+01  9.000000e+01  9.000000e+01 
   36    500  1.100738e+01  8.010744e+00  1.053029e-06  6.716472e-01  3.632685e-01  6.044671e-03  2.821197e-04  9.389396e-01  8.010744e+00  8.010744e+00  9.000000e+01  9.000000e+01  9.000000e+01 
   37    512  1.100962e+01  8.010744e+00  2.837413e-05  6.714514e-01  3.639846e-01  6.068997e-03  2.806033e-04  9.391261e-01  8.010744e+00  8.010744e+00  9.000000e+01  9.000000e+01  9.000000e+01 
   38    522  1.102287e+01  8.010735e+00  1.579476e-04  6.700566e-01  3.681490e-01  4.963913e-03  3.743291e-04  9.391267e-01  8.010735e+00  8.010735e+00  9.000000e+01  9.000000e+01  9.000000e+01 
   39    537  1.101709e+01  8.010747e+00  1.145412e-04  6.759290e-01  3.604708e-01  6.824441e-03  2.081921e-04  9.391245e-01  8.010747e+00  8.010747e+00  9.000000e+01  9.000000e+01  9.000000e+01 
   40    552  1.101050e+01  8.010746e+00  5.501000e-05  6.718288e-01  3.638562e-01  5.956648e-03  2.934986e-04  9.390397e-01  8.010746e+00  8.010746e+00  9.000000e+01  9.000000e+01  9.000000e+01 
   41    567  1.101912e+01  8.010746e+00  1.719258e-04  6.758116e-01  3.608120e-01  6.807694e-03  2.158540e-04  9.390531e-01  8.010746e+00  8.010746e+00  9.000000e+01  9.000000e+01  9.000000e+01 
   42    577  1.101874e+01  8.010744e+00  1.624894e-04  6.749867e-01  3.607514e-01  6.905429e-03  2.064575e-04  9.391408e-01  8.010744e+00  8.010744e+00  9.000000e+01  9.000000e+01  9.000000e+01 
   43    587  1.102136e+01  8.010753e+00  1.514845e-04  6.716857e-01  3.665938e-01  4.584490e-03  4.149672e-04  9.386136e-01  8.010753e+00  8.010753e+00  9.000000e+01  9.000000e+01  9.000000e+01 
   44    603  1.102186e+01  8.010751e+00  1.019274e-04  6.764007e-01  3.586678e-01  7.328710e-03  1.620893e-04  9.391755e-01  8.010751e+00  8.010751e+00  9.000000e+01  9.000000e+01  9.000000e+01 
   45    619  1.100934e+01  8.010744e+00  1.887800e-05  6.723429e-01  3.631857e-01  6.182207e-03  2.703482e-04  9.390734e-01  8.010744e+00  8.010744e+00  9.000000e+01  9.000000e+01  9.000000e+01 
   46    633  1.102608e+01  8.010752e+00  1.737041e-04  6.765421e-01  3.574568e-01  7.689807e-03  1.317391e-04  9.391344e-01  8.010752e+00  8.010752e+00  9.000000e+01  9.000000e+01  9.000000e+01 
   47    646  1.103074e+01  8.010742e+00  7.079754e-04  6.756686e-01  3.595184e-01  7.236190e-03  1.774604e-04  9.388911e-01  8.010742e+00  8.010742e+00  9.000000e+01  9.000000e+01  9.000000e+01 
   48    662  1.101355e+01  8.010746e+00  6.430691e-05  6.761320e-01  3.616802e-01  6.434467e-03  2.415883e-04  9.390781e-01  8.010746e+00  8.010746e+00  9.000000e+01  9.000000e+01  9.000000e+01 
   49    675  1.237702e+01  8.010841e+00  5.591608e-01  9.333744e-01  1.721509e-01  9.225834e-03  1.681257e-05  9.386598e-01  8.010841e+00  8.010841e+00  9.000000e+01  9.000000e+01  9.000000e+01 
   50    699  1.103951e+01  8.010779e+00  1.426267e-05  6.752588e-01  3.467816e-01  9.672117e-03  1.212087e-09  9.385067e-01  8.010779e+00  8.010779e+00  9.000000e+01  9.000000e+01  9.000000e+01 
   51    715  1.101888e+01  8.010745e+00  9.917177e-05  6.748633e-01  3.605676e-01  6.897537e-03  2.088894e-04  9.390012e-01  8.010745e+00  8.010745e+00  9.000000e+01  9.000000e+01  9.000000e+01 
   52    728  1.101595e+01  8.010746e+00  5.283473e-05  6.754824e-01  3.595569e-01  6.960777e-03  1.984894e-04  9.388253e-01  8.010746e+00  8.010746e+00  9.000000e+01  9.000000e+01  9.000000e+01 
   53    742  1.102388e+01  8.010748e+00  1.030401e-04  6.761067e-01  3.590128e-01  7.252238e-03  1.725065e-04  9.391311e-01  8.010748e+00  8.010748e+00  9.000000e+01  9.000000e+01  9.000000e+01 
   54    752  1.102150e+01  8.010743e+00  1.762083e-04  6.696021e-01  3.685845e-01  4.582759e-03  4.037898e-04  9.387376e-01  8.010743e+00  8.010743e+00  9.000000e+01  9.000000e+01  9.000000e+01 
   55    765  1.101250e+01  8.010752e+00  1.568150e-05  6.698452e-01  3.636552e-01  6.321911e-03  2.288308e-04  9.388253e-01  8.010752e+00  8.010752e+00  9.000000e+01  9.000000e+01  9.000000e+01 
   56    778  1.102067e+01  8.010748e+00  4.269154e-04  6.753158e-01  3.605666e-01  6.837525e-03  2.126785e-04  9.389033e-01  8.010748e+00  8.010748e+00  9.000000e+01  9.000000e+01  9.000000e+01 
   57    791  1.102584e+01  8.010747e+00  7.462645e-04  6.740974e-01  3.612471e-01  6.835606e-03  1.996378e-04  9.388183e-01  8.010747e+00  8.010747e+00  9.000000e+01  9.000000e+01  9.000000e+01 
   58    805  1.103888e+01  8.010779e+00  6.125936e-05  6.755128e-01  3.471341e-01  9.635824e-03  2.606075e-07  9.385349e-01  8.010779e+00  8.010779e+00  9.000000e+01  9.000000e+01  9.000000e+01 
   59    816  1.100632e+01  8.010743e+00  3.031081e-05  6.727615e-01  3.634332e-01  6.116170e-03  2.659631e-04  9.390090e-01  8.010743e+00  8.010743e+00  9.000000e+01  9.000000e+01  9.000000e+01 
   60    830  1.101837e+01  8.010746e+00  2.269947e-04  6.756233e-01  3.608040e-01  6.723191e-03  2.201585e-04  9.389743e-01  8.010746e+00  8.010746e+00  9.000000e+01  9.000000e+01  9.000000e+01 
   61    846  1.102709e+01  8.010758e+00  4.847019e-05  6.781225e-01  3.525010e-01  8.923459e-03  2.174938e-05  9.389235e-01  8.010758e+00  8.010758e+00  9.000000e+01  9.000000e+01  9.000000e+01 
   62    859  1.101962e+01  8.010743e+00  3.147767e-04  6.752502e-01  3.615794e-01  6.624178e-03  2.266045e-04  9.390572e-01  8.010743e+00  8.010743e+00  9.000000e+01  9.000000e+01  9.000000e+01 
   63    873  1.102923e+01  8.010753e+00  6.283890e-04  6.764160e-01  3.561504e-01  8.145322e-03  9.928454e-05  9.389359e-01  8.010753e+00  8.010753e+00  9.000000e+01  9.000000e+01  9.000000e+01 
   64    888  1.102828e+01  8.010756e+00  8.330962e-05  6.794029e-01  3.530601e-01  9.007110e-03  7.059664e-06  9.389111e-01  8.010756e+00  8.010756e+00  9.000000e+01  9.000000e+01  9.000000e+01 
   65    900  1.102479e+01  8.010731e+00  3.518090e-04  6.704941e-01  3.682674e-01  4.915834e-03  3.820180e-04  9.389698e-01  8.010731e+00  8.010731e+00  9.000000e+01  9.000000e+01  9.000000e+01 
   66    917  1.101555e+01  8.010747e+00  3.740417e-05  6.764461e-01  3.593434e-01  7.060285e-03  1.866474e-04  9.390451e-01  8.010747e+00  8.010747e+00  9.000000e+01  9.000000e+01  9.000000e+01 
   67    934  1.237216e+01  8.010847e+00  5.565946e-01  9.312815e-01  1.713493e-01  9.257241e-03  5.796246e-06  9.384607e-01  8.010847e+00  8.010847e+00  9.000000e+01  9.000000e+01  9.000000e+01 
   68    944  1.101053e+01  8.010752e+00  4.438509e-05  6.698709e-01  3.644838e-01  5.803488e-03  3.052244e-04  9.393007e-01  8.010752e+00  8.010752e+00  9.000000e+01  9.000000e+01  9.000000e+01 
   69    956  1.101998e+01  8.010743e+00  4.611246e-04  6.749899e-01  3.612307e-01  6.679888e-03  2.267184e-04  9.388254e-01  8.010743e+00  8.010743e+00  9.000000e+01  9.000000e+01  9.000000e+01 
   70    967  1.100993e+01  8.010734e+00  3.044126e-05  6.730363e-01  3.669640e-01  6.020054e-03  2.328879e-04  9.392687e-01  8.010734e+00  8.010734e+00  9.000000e+01  9.000000e+01  9.000000e+01 
   71    981  1.101147e+01  8.010742e+00  3.500757e-04  6.725671e-01  3.649560e-01  5.608859e-03  3.212660e-04  9.389256e-01  8.010742e+00  8.010742e+00  9.000000e+01  9.000000e+01  9.000000e+01 
   72    996  1.102236e+01  8.010747e+00  6.159611e-05  6.757636e-01  3.585915e-01  7.349720e-03  1.632362e-04  9.390330e-01  8.010747e+00  8.010747e+00  9.000000e+01  9.000000e+01  9.000000e+01 
   73   1011  1.101758e+01  8.010746e+00  1.160227e-04  6.753375e-01  3.606302e-01  6.749244e-03  2.161003e-04  9.389761e-01  8.010746e+00  8.010746e+00  9.000000e+01  9.000000e+01  9.000000e+01 
   74   1028  1.101388e+01  8.010745e+00  3.840647e-05  6.755516e-01  3.613111e-01  6.527469e-03  2.344915e-04  9.390666e-01  8.010745e+00  8.010745e+00  9.000000e+01  9.000000e+01  9.000000e+01 
   75   1040  1.103628e+01  8.010756e+00  1.376621e-03  6.750623e-01  3.576209e-01  7.926647e-03  1.122978e-04  9.388928e-01  8.010756e+00  8.010756e+00  9.000000e+01  9.000000e+01  9.000000e+01 
   76   1054  1.102519e+01  8.010756e+00  3.524181e-04  6.755998e-01  3.570490e-01  7.934900e-03  1.039090e-04  9.391434e-01  8.010756e+00  8.010756e+00  9.000000e+01  9.000000e+01  9.000000e+01 
   77   1067  1.237349e+01  8.010847e+00  5.565224e-01  9.312728e-01  1.710597e-01  9.406978e-03  6.289304e-06  9.385361e-01  8.010847e+00  8.010847e+00  9.000000e+01  9.000000e+01  9.000000e+01 
   78   1074  1.102549e+01  8.010761e+00  1.450602e-04  6.753203e-01  3.536551e-01  7.958269e-03  1.235582e-04  9.373624e-01  8.010761e+00  8.010761e+00  9.000000e+01  9.000000e+01  9.000000e+01 
   79   1086  1.102610e+01  8.010746e+00  7.330791e-04  6.733742e-01  3.614685e-01  6.806613e-03  2.007230e-04  9.388109e-01  8.010746e+00  8.010746e+00  9.000000e+01  9.000000e+01  9.000000e+01 
   80   1099  1.103990e+01  8.010760e+00  9.323359e-04  6.787739e-01  3.517307e-01  9.124902e-03  1.806265e-05  9.383488e-01  8.010760e+00  8.010760e+00  9.000000e+01  9.000000e+01  9.000000e+01 
   81   1114  1.102595e+01  8.010751e+00  2.195836e-04  6.758131e-01  3.575536e-01  7.743117e-03  1.242411e-04  9.391824e-01  8.010751e+00  8.010751e+00  9.000000e+01  9.000000e+01  9.000000e+01 
   82   1126  1.101303e+01  8.010760e+00  4.251123e-05  6.710094e-01  3.608727e-01  6.291960e-03  2.640527e-04  9.384524e-01  8.010760e+00  8.010760e+00  9.000000e+01  9.000000e+01  9.000000e+01 
   83   1137  1.100687e+01  8.010758e+00  1.815009e-04  6.719719e-01  3.631676e-01  5.904027e-03  2.897659e-04  9.385373e-01  8.010758e+00  8.010758e+00  9.000000e+01  9.000000e+01  9.000000e+01 
   84   1147  1.100952e+01  8.010739e+00  1.525463e-04  6.700138e-01  3.653388e-01  5.719030e-03  2.970699e-04  9.387223e-01  8.010739e+00  8.010739e+00  9.000000e+01  9.000000e+01  9.000000e+01 
   85   1155  1.104672e+01  8.010725e+00  6.138318e-04  6.724314e-01  3.620858e-01  7.000406e-03  2.206110e-04  9.389410e-01  8.010725e+00  8.010725e+00  9.000000e+01  9.000000e+01  9.000000e+01 
   86   1171  1.101556e+01  8.010747e+00  6.659466e-05  6.778740e-01  3.598843e-01  6.919044e-03  1.965120e-04  9.389965e-01  8.010747e+00  8.010747e+00  9.000000e+01  9.000000e+01  9.000000e+01 
   87   1186  1.101631e+01  8.010741e+00  1.765276e-04  6.738766e-01  3.624841e-01  6.360333e-03  2.548124e-04  9.389605e-01  8.010741e+00  8.010741e+00  9.000000e+01  9.000000e+01  9.000000e+01 
   88   1206  1.103721e+01  8.010772e+00  2.900112e-05  6.767186e-01  3.484851e-01  9.508273e-03  3.915783e-07  9.385105e-01  8.010772e+00  8.010772e+00  9.000000e+01  9.000000e+01  9.000000e+01 
   89   1219  1.102397e+01  8.010743e+00  4.563359e-04  6.784226e-01  3.598477e-01  7.033876e-03  1.864850e-04  9.389184e-01  8.010743e+00  8.010743e+00  9.000000e+01  9.000000e+01  9.000000e+01 
   90   1230  1.100739e+01  8.010726e+00  2.819136e-05  6.720525e-01  3.643880e-01  6.146869e-03  2.577032e-04  9.393707e-01  8.010726e+00  8.010726e+00  9.000000e+01  9.000000e+01  9.000000e+01 
   91   1245  1.101595e+01  8.010750e+00  5.840795e-05  6.757438e-01  3.599898e-01  7.119939e-03  1.694722e-04  9.389204e-01  8.010750e+00  8.010750e+00  9.000000e+01  9.000000e+01  9.000000e+01 
   92   1258  1.237408e+01  8.010847e+00  5.560616e-01  9.311022e-01  1.713386e-01  9.321124e-03  1.169234e-05  9.382522e-01  8.010847e+00  8.010847e+00  9.000000e+01  9.000000e+01  9.000000e+01 
   93   1274  1.101701e+01  8.010744e+00  1.039529e-04  6.755805e-01  3.605812e-01  6.851665e-03  2.049106e-04  9.391384e-01  8.010744e+00  8.010744e+00  9.000000e+01  9.000000e+01  9.000000e+01 
   94   1292  1.100952e+01  8.010745e+00  1.077080e-05  6.715791e-01  3.641235e-01  5.806745e-03  3.046909e-04  9.391431e-01  8.010745e+00  8.010745e+00  9.000000e+01  9.000000e+01  9.000000e+01 
   95   1302  1.101154e+01  8.010750e+00  1.728131e-04  6.699030e-01  3.649271e-01  5.712306e-03  3.118441e-04  9.394293e-01  8.010750e+00  8.010750e+00  9.000000e+01  9.000000e+01  9.000000e+01 
   96   1319  1.100983e+01  8.010737e+00  4.705325e-05  6.763538e-01  3.636080e-01  6.282418e-03  2.406015e-04  9.391517e-01  8.010737e+00  8.010737e+00  9.000000e+01  9.000000e+01  9.000000e+01 
   97   1337  1.102310e+01  8.010755e+00  3.962354e-05  6.773306e-01  3.538851e-01  8.539477e-03  5.720737e-05  9.390110e-01  8.010755e+00  8.010755e+00  9.000000e+01  9.000000e+01  9.000000e+01 
   98   1353  1.101583e+01  8.010746e+00  5.856918e-05  6.750119e-01  3.609023e-01  6.637174e-03  2.271629e-04  9.389678e-01  8.010746e+00  8.010746e+00  9.000000e+01  9.000000e+01  9.000000e+01 
   99   1369  1.101404e+01  8.010750e+00  5.197439e-05  6.754819e-01  3.608127e-01  6.461820e-03  2.469266e-04  9.388847e-01  8.010750e+00  8.010750e+00  9.000000e+01  9.000000e+01  9.000000e+01 
  100   1380  1.101254e+01  8.010759e+00  6.619881e-07  6.683999e-01  3.603811e-01  6.208507e-03  2.842950e-04  9.384223e-01  8.010759e+00  8.010759e+00  9.000000e+01  9.000000e+01  9.000000e+01 
