Cycle Iter Rwp lprm_a Ba_beq Ti_beq O_beq rv r2v phase_scale lprm_b lprm_c lprm_al lprm_be lprm_ga 
    0     12  6.976011e+00  8.025596e+00  6.696696e-02  6.095652e-01  4.785201e-01  2.762323e-02  2.285505e-05  9.030927e-01  8.025596e+00  8.025596e+00  9.000000e+01  9.000000e+01  9.000000e+01 
    1     24  6.991563e+00  8.025588e+00  6.817701e-02  6.046933e-01  4.779075e-01  2.754017e-02  9.000818e-05  9.024497e-01  8.025588e+00  8.025588e+00  9.000000e+01  9.000000e+01  9.000000e+01 
    2     44  6.976652e+00  8.025594e+00  6.573442e-02  6.080248e-01  4.778903e-01  2.787301e-02  1.594045e-05  9.031038e-01  8.025594e+00  8.025594e+00  9.000000e+01  9.000000e+01  9.000000e+01 
    3     60  6.975995e+00  8.025600e+00  6.377776e-02  6.049981e-01  4.760182e-01  2.818914e-02  5.799352e-06  9.030125e-01  8.025600e+00  8.025600e+00  9.000000e+01  9.000000e+01  9.000000e+01 
    4     77  6.978423e+00  8.025592e+00  6.518260e-02  6.055002e-01  4.763704e-01  2.804114e-02  2.329045e-05  9.028369e-01  8.025592e+00  8.025592e+00  9.000000e+01  9.000000e+01  9.000000e+01 
    5     89  7.030940e+00  8.025589e+00  8.572716e-02  6.319608e-01  5.019889e-01  2.038971e-02  5.753009e-04  9.034739e-01  8.025589e+00  8.025589e+00  9.000000e+01  9.000000e+01  9.000000e+01 
    6    105  6.976945e+00  8.025594e+00  6.574836e-02  6.077932e-01  4.778025e-01  2.787401e-02  1.821123e-05  9.030731e-01  8.025594e+00  8.025594e+00  9.000000e+01  9.000000e+01  9.000000e+01 
    7    120  6.981968e+00  8.025587e+00  6.657147e-02  6.070357e-01  4.785752e-01  2.770698e-02  4.775043e-05  9.029296e-01  8.025587e+00  8.025587e+00  9.000000e+01  9.000000e+01  9.000000e+01 
    8    135  6.977236e+00  8.025594e+00  6.504070e-02  6.066199e-01  4.771373e-01  2.799785e-02  1.514727e-05  9.030202e-01  8.025594e+00  8.025594e+00  9.000000e+01  9.000000e+01  9.000000e+01 
    9    152  6.976000e+00  8.025595e+00  6.604499e-02  6.076762e-01  4.774608e-01  2.779823e-02  1.693560e-05  9.029345e-01  8.025595e+00  8.025595e+00  9.000000e+01  9.000000e+01  9.000000e+01 
   10    171  6.978221e+00  8.025592e+00  6.553442e-02  6.057442e-01  4.765124e-01  2.796045e-02  2.714141e-05  9.028081e-01  8.025592e+00  8.025592e+00  9.000000e+01  9.000000e+01  9.000000e+01 
   11    186  6.978015e+00  8.025592e+00  6.578661e-02  6.070603e-01  4.775256e-01  2.787749e-02  2.554209e-05  9.029702e-01  8.025592e+00  8.025592e+00  9.000000e+01  9.000000e+01  9.000000e+01 
   12    213  6.976360e+00  8.025598e+00  6.455712e-02  6.049374e-01  4.755345e-01  2.812769e-02  8.750904e-06  9.028188e-01  8.025598e+00  8.025598e+00  9.000000e+01  9.000000e+01  9.000000e+01 
   13    228  6.977353e+00  8.025595e+00  6.725016e-02  6.107511e-01  4.801376e-01  2.736760e-02  3.662051e-05  9.032325e-01  8.025595e+00  8.025595e+00  9.000000e+01  9.000000e+01  9.000000e+01 
   14    243  6.977858e+00  8.025596e+00  6.529672e-02  6.070929e-01  4.777351e-01  2.790351e-02  2.122451e-05  9.030784e-01  8.025596e+00  8.025596e+00  9.000000e+01  9.000000e+01  9.000000e+01 
   15    260  6.976638e+00  8.025598e+00  6.489964e-02  6.067000e-01  4.769032e-01  2.803184e-02  1.062591e-05  9.030525e-01  8.025598e+00  8.025598e+00  9.000000e+01  9.000000e+01  9.000000e+01 
   16    269  6.981643e+00  8.025607e+00  5.997923e-02  5.953539e-01  4.686734e-01  2.910439e-02  2.688908e-06  9.021364e-01  8.025607e+00  8.025607e+00  9.000000e+01  9.000000e+01  9.000000e+01 
   17    282  6.978252e+00  8.025597e+00  6.749934e-02  6.091093e-01  4.789338e-01  2.734655e-02  4.904065e-05  9.029080e-01  8.025597e+00  8.025597e+00  9.000000e+01  9.000000e+01  9.000000e+01 
   18    300  6.976451e+00  8.025593e+00  6.431736e-02  6.048194e-01  4.755559e-01  2.823551e-02  1.012939e-05  9.028361e-01  8.025593e+00  8.025593e+00  9.000000e+01  9.000000e+01  9.000000e+01 
   19    313  6.979278e+00  8.025594e+00  6.864205e-02  6.119594e-01  4.809404e-01  2.704837e-02  6.026609e-05  9.031653e-01  8.025594e+00  8.025594e+00  9.000000e+01  9.000000e+01  9.000000e+01 
   20    333  6.976783e+00  8.025597e+00  6.485529e-02  6.055936e-01  4.761170e-01  2.806126e-02  1.380925e-05  9.028848e-01  8.025597e+00  8.025597e+00  9.000000e+01  9.000000e+01  9.000000e+01 
   21    349  6.987032e+00  8.025589e+00  6.584515e-02  6.025336e-01  4.760668e-01  2.788057e-02  6.895837e-05  9.024028e-01  8.025589e+00  8.025589e+00  9.000000e+01  9.000000e+01  9.000000e+01 
   22    365  6.976179e+00  8.025593e+00  6.646171e-02  6.079681e-01  4.776687e-01  2.769877e-02  2.405625e-05  9.028653e-01  8.025593e+00  8.025593e+00  9.000000e+01  9.000000e+01  9.000000e+01 
   23    384  6.976442e+00  8.025593e+00  6.672654e-02  6.081823e-01  4.779079e-01  2.763892e-02  2.749871e-05  9.028801e-01  8.025593e+00  8.025593e+00  9.000000e+01  9.000000e+01  9.000000e+01 
   24    397  6.977583e+00  8.025595e+00  6.758290e-02  6.109885e-01  4.801798e-01  2.732069e-02  4.000702e-05  9.032053e-01  8.025595e+00  8.025595e+00  9.000000e+01  9.000000e+01  9.000000e+01 
   25    409  6.976823e+00  8.025597e+00  6.648639e-02  6.083443e-01  4.782262e-01  2.760703e-02  3.019422e-05  9.029751e-01  8.025597e+00  8.025597e+00  9.000000e+01  9.000000e+01  9.000000e+01 
   26    427  6.975856e+00  8.025595e+00  6.608753e-02  6.075650e-01  4.773777e-01  2.779411e-02  1.815938e-05  9.029243e-01  8.025595e+00  8.025595e+00  9.000000e+01  9.000000e+01  9.000000e+01 
   27    444  6.977504e+00  8.025593e+00  6.685397e-02  6.076810e-01  4.779794e-01  2.753692e-02  3.928082e-05  9.028378e-01  8.025593e+00  8.025593e+00  9.000000e+01  9.000000e+01  9.000000e+01 
   28    464  6.976227e+00  8.025597e+00  6.551277e-02  6.079258e-01  4.778261e-01  2.787317e-02  1.268346e-05  9.031392e-01  8.025597e+00  8.025597e+00  9.000000e+01  9.000000e+01  9.000000e+01 
   29    478  6.977282e+00  8.025600e+00  6.561282e-02  6.067985e-01  4.774773e-01  2.774151e-02  2.686742e-05  9.029143e-01  8.025600e+00  8.025600e+00  9.000000e+01  9.000000e+01  9.000000e+01 
   30    490  6.976846e+00  8.025597e+00  6.847180e-02  6.090287e-01  4.769595e-01  2.756212e-02  3.590957e-05  9.026823e-01  8.025597e+00  8.025597e+00  9.000000e+01  9.000000e+01  9.000000e+01 
   31    503  6.976544e+00  8.025595e+00  6.659128e-02  6.088006e-01  4.785564e-01  2.759965e-02  2.727474e-05  9.030405e-01  8.025595e+00  8.025595e+00  9.000000e+01  9.000000e+01  9.000000e+01 
   32    522  6.977540e+00  8.025594e+00  6.657107e-02  6.072069e-01  4.777460e-01  2.757965e-02  3.881966e-05  9.028674e-01  8.025594e+00  8.025594e+00  9.000000e+01  9.000000e+01  9.000000e+01 
   33    537  6.976409e+00  8.025594e+00  6.642681e-02  6.075094e-01  4.775592e-01  2.769583e-02  2.623927e-05  9.028732e-01  8.025594e+00  8.025594e+00  9.000000e+01  9.000000e+01  9.000000e+01 
   34    557  6.976695e+00  8.025594e+00  6.593968e-02  6.082491e-01  4.780441e-01  2.782848e-02  1.808629e-05  9.030985e-01  8.025594e+00  8.025594e+00  9.000000e+01  9.000000e+01  9.000000e+01 
   35    573  6.976569e+00  8.025594e+00  6.439592e-02  6.054120e-01  4.761102e-01  2.820469e-02  9.744321e-06  9.029608e-01  8.025594e+00  8.025594e+00  9.000000e+01  9.000000e+01  9.000000e+01 
   36    581  6.982516e+00  8.025603e+00  6.041973e-02  5.957136e-01  4.689857e-01  2.908984e-02  3.137196e-06  9.021324e-01  8.025603e+00  8.025603e+00  9.000000e+01  9.000000e+01  9.000000e+01 
   37    598  6.976224e+00  8.025597e+00  6.549074e-02  6.077901e-01  4.777537e-01  2.787566e-02  1.281118e-05  9.031258e-01  8.025597e+00  8.025597e+00  9.000000e+01  9.000000e+01  9.000000e+01 
   38    608  6.988726e+00  8.025585e+00  6.778612e-02  6.054935e-01  4.784553e-01  2.755219e-02  7.857532e-05  9.025824e-01  8.025585e+00  8.025585e+00  9.000000e+01  9.000000e+01  9.000000e+01 
   39    624  6.976797e+00  8.025595e+00  6.405902e-02  6.049604e-01  4.757749e-01  2.826311e-02  7.954651e-06  9.029370e-01  8.025595e+00  8.025595e+00  9.000000e+01  9.000000e+01  9.000000e+01 
   40    643  6.976634e+00  8.025595e+00  6.599558e-02  6.083930e-01  4.781110e-01  2.781522e-02  1.807693e-05  9.031076e-01  8.025595e+00  8.025595e+00  9.000000e+01  9.000000e+01  9.000000e+01 
   41    658  6.976290e+00  8.025598e+00  6.496289e-02  6.069791e-01  4.771410e-01  2.798958e-02  9.203475e-06  9.030877e-01  8.025598e+00  8.025598e+00  9.000000e+01  9.000000e+01  9.000000e+01 
   42    677  6.977369e+00  8.025595e+00  6.749865e-02  6.106781e-01  4.797950e-01  2.737014e-02  3.808506e-05  9.031633e-01  8.025595e+00  8.025595e+00  9.000000e+01  9.000000e+01  9.000000e+01 
   43    686  6.979955e+00  8.025602e+00  6.202918e-02  5.976312e-01  4.697677e-01  2.886839e-02  4.871115e-06  9.021258e-01  8.025602e+00  8.025602e+00  9.000000e+01  9.000000e+01  9.000000e+01 
   44    703  6.977765e+00  8.025592e+00  6.690007e-02  6.075690e-01  4.780339e-01  2.750665e-02  4.219073e-05  9.028138e-01  8.025592e+00  8.025592e+00  9.000000e+01  9.000000e+01  9.000000e+01 
   45    716  7.030074e+00  8.025591e+00  8.513971e-02  6.306215e-01  5.005374e-01  2.053108e-02  5.745283e-04  9.032783e-01  8.025591e+00  8.025591e+00  9.000000e+01  9.000000e+01  9.000000e+01 
   46    725  6.982524e+00  8.025603e+00  6.070093e-02  5.962824e-01  4.696909e-01  2.898572e-02  8.250108e-06  9.021844e-01  8.025603e+00  8.025603e+00  9.000000e+01  9.000000e+01  9.000000e+01 
   47    743  6.974858e+00  8.025599e+00  6.446952e-02  6.057890e-01  4.762436e-01  2.810689e-02  3.251694e-06  9.029674e-01  8.025599e+00  8.025599e+00  9.000000e+01  9.000000e+01  9.000000e+01 
   48    753  7.024567e+00  8.025589e+00  8.478644e-02  6.295483e-01  4.985454e-01  2.111175e-02  5.248055e-04  9.031847e-01  8.025589e+00  8.025589e+00  9.000000e+01  9.000000e+01  9.000000e+01 
   49    769  6.977529e+00  8.025593e+00  6.582097e-02  6.073490e-01  4.776649e-01  2.785684e-02  2.348056e-05  9.030052e-01  8.025593e+00  8.025593e+00  9.000000e+01  9.000000e+01  9.000000e+01 
   50    787  6.977354e+00  8.025600e+00  6.562183e-02  6.060768e-01  4.768981e-01  2.777784e-02  2.831373e-05  9.028247e-01  8.025600e+00  8.025600e+00  9.000000e+01  9.000000e+01  9.000000e+01 
   51    803  6.979569e+00  8.025595e+00  6.864500e-02  6.120109e-01  4.810306e-01  2.701213e-02  6.365075e-05  9.031709e-01  8.025595e+00  8.025595e+00  9.000000e+01  9.000000e+01  9.000000e+01 
   52    817  6.977227e+00  8.025597e+00  6.698806e-02  6.085770e-01  4.783388e-01  2.751999e-02  3.666249e-05  9.029185e-01  8.025597e+00  8.025597e+00  9.000000e+01  9.000000e+01  9.000000e+01 
   53    827  6.989156e+00  8.025584e+00  6.928296e-02  6.064517e-01  4.780863e-01  2.737838e-02  9.261279e-05  9.024011e-01  8.025584e+00  8.025584e+00  9.000000e+01  9.000000e+01  9.000000e+01 
   54    842  6.977056e+00  8.025597e+00  6.565956e-02  6.073524e-01  4.774039e-01  2.791211e-02  1.892374e-05  9.030358e-01  8.025597e+00  8.025597e+00  9.000000e+01  9.000000e+01  9.000000e+01 
   55    859  6.976557e+00  8.025598e+00  6.553552e-02  6.072908e-01  4.775618e-01  2.783793e-02  1.774240e-05  9.030565e-01  8.025598e+00  8.025598e+00  9.000000e+01  9.000000e+01  9.000000e+01 
   56    874  6.990887e+00  8.025579e+00  6.850259e-02  6.055026e-01  4.785400e-01  2.746251e-02  8.921116e-05  9.025033e-01  8.025579e+00  8.025579e+00  9.000000e+01  9.000000e+01  9.000000e+01 
   57    886  6.976500e+00  8.025595e+00  6.415989e-02  6.041166e-01  4.748291e-01  2.832871e-02  8.191881e-06  9.027829e-01  8.025595e+00  8.025595e+00  9.000000e+01  9.000000e+01  9.000000e+01 
   58    902  6.976555e+00  8.025595e+00  6.587808e-02  6.081759e-01  4.779187e-01  2.785669e-02  1.632771e-05  9.030993e-01  8.025595e+00  8.025595e+00  9.000000e+01  9.000000e+01  9.000000e+01 
   59    918  6.975649e+00  8.025600e+00  6.432243e-02  6.050245e-01  4.757703e-01  2.813465e-02  9.151302e-06  9.028902e-01  8.025600e+00  8.025600e+00  9.000000e+01  9.000000e+01  9.000000e+01 
   60    933  6.976700e+00  8.025597e+00  6.609028e-02  6.079345e-01  4.779195e-01  2.770223e-02  2.391709e-05  9.029714e-01  8.025597e+00  8.025597e+00  9.000000e+01  9.000000e+01  9.000000e+01 
   61    950  6.976572e+00  8.025596e+00  6.593484e-02  6.076247e-01  4.777038e-01  2.774276e-02  2.183247e-05  9.029385e-01  8.025596e+00  8.025596e+00  9.000000e+01  9.000000e+01  9.000000e+01 
   62    969  6.976091e+00  8.025596e+00  6.538068e-02  6.065105e-01  4.768033e-01  2.792516e-02  1.325254e-05  9.029274e-01  8.025596e+00  8.025596e+00  9.000000e+01  9.000000e+01  9.000000e+01 
   63    990  6.976282e+00  8.025597e+00  6.559818e-02  6.077082e-01  4.777515e-01  2.781302e-02  1.567372e-05  9.030545e-01  8.025597e+00  8.025597e+00  9.000000e+01  9.000000e+01  9.000000e+01 
   64   1007  6.976700e+00  8.025592e+00  6.441429e-02  6.045936e-01  4.754991e-01  2.822857e-02  1.224990e-05  9.028046e-01  8.025592e+00  8.025592e+00  9.000000e+01  9.000000e+01  9.000000e+01 
   65   1024  6.976100e+00  8.025597e+00  6.547710e-02  6.071672e-01  4.772550e-01  2.787348e-02  1.367510e-05  9.029716e-01  8.025597e+00  8.025597e+00  9.000000e+01  9.000000e+01  9.000000e+01 
   66   1041  6.987579e+00  8.025591e+00  7.230056e-02  6.152534e-01  4.845527e-01  2.581199e-02  1.535214e-04  9.030251e-01  8.025591e+00  8.025591e+00  9.000000e+01  9.000000e+01  9.000000e+01 
   67   1058  6.976279e+00  8.025596e+00  6.384817e-02  6.056577e-01  4.773684e-01  2.800589e-02  9.104074e-06  9.031078e-01  8.025596e+00  8.025596e+00  9.000000e+01  9.000000e+01  9.000000e+01 
   68   1073  6.976549e+00  8.025594e+00  6.400503e-02  6.049416e-01  4.757357e-01  2.827208e-02  6.216416e-06  9.029179e-01  8.025594e+00  8.025594e+00  9.000000e+01  9.000000e+01  9.000000e+01 
   69   1089  6.976201e+00  8.025595e+00  6.437416e-02  6.057008e-01  4.762633e-01  2.819372e-02  7.418482e-06  9.030001e-01  8.025595e+00  8.025595e+00  9.000000e+01  9.000000e+01  9.000000e+01 
   70   1106  6.976289e+00  8.025596e+00  6.407297e-02  6.055195e-01  4.761945e-01  2.821833e-02  5.857082e-06  9.030288e-01  8.025596e+00  8.025596e+00  9.000000e+01  9.000000e+01  9.000000e+01 
   71   1120  6.982530e+00  8.025605e+00  6.045916e-02  5.957598e-01  4.689742e-01  2.909057e-02  3.279588e-06  9.021424e-01  8.025605e+00  8.025605e+00  9.000000e+01  9.000000e+01  9.000000e+01 
   72   1139  6.976309e+00  8.025597e+00  6.500471e-02  6.068335e-01  4.767718e-01  2.805710e-02  8.392375e-06  9.030479e-01  8.025597e+00  8.025597e+00  9.000000e+01  9.000000e+01  9.000000e+01 
   73   1155  6.976845e+00  8.025594e+00  6.734194e-02  6.097090e-01  4.786882e-01  2.749881e-02  3.317121e-05  9.029713e-01  8.025594e+00  8.025594e+00  9.000000e+01  9.000000e+01  9.000000e+01 
   74   1164  6.978105e+00  8.025601e+00  6.335013e-02  5.990980e-01  4.701418e-01  2.872701e-02  6.934954e-06  9.020834e-01  8.025601e+00  8.025601e+00  9.000000e+01  9.000000e+01  9.000000e+01 
   75   1179  6.976113e+00  8.025597e+00  6.558526e-02  6.080501e-01  4.779325e-01  2.784920e-02  1.250971e-05  9.031456e-01  8.025597e+00  8.025597e+00  9.000000e+01  9.000000e+01  9.000000e+01 
   76   1202  6.975753e+00  8.025595e+00  6.546410e-02  6.060839e-01  4.761957e-01  2.797713e-02  1.134772e-05  9.027834e-01  8.025595e+00  8.025595e+00  9.000000e+01  9.000000e+01  9.000000e+01 
   77   1218  6.976106e+00  8.025594e+00  6.651650e-02  6.082494e-01  4.778353e-01  2.769057e-02  2.337434e-05  9.029262e-01  8.025594e+00  8.025594e+00  9.000000e+01  9.000000e+01  9.000000e+01 
   78   1236  6.976519e+00  8.025598e+00  6.554392e-02  6.077149e-01  4.779557e-01  2.779447e-02  1.703677e-05  9.031065e-01  8.025598e+00  8.025598e+00  9.000000e+01  9.000000e+01  9.000000e+01 
   79   1246  6.979144e+00  8.025592e+00  6.650647e-02  6.058427e-01  4.757051e-01  2.800480e-02  3.189203e-05  9.026219e-01  8.025592e+00  8.025592e+00  9.000000e+01  9.000000e+01  9.000000e+01 
   80   1263  6.977982e+00  8.025597e+00  6.720426e-02  6.089644e-01  4.789655e-01  2.738810e-02  4.536504e-05  9.029403e-01  8.025597e+00  8.025597e+00  9.000000e+01  9.000000e+01  9.000000e+01 
   81   1271  6.980657e+00  8.025587e+00  6.610505e-02  6.043087e-01  4.743792e-01  2.816677e-02  3.385005e-05  9.024498e-01  8.025587e+00  8.025587e+00  9.000000e+01  9.000000e+01  9.000000e+01 
   82   1283  7.013460e+00  8.025589e+00  8.134030e-02  6.243347e-01  4.938932e-01  2.257908e-02  4.106511e-04  9.031439e-01  8.025589e+00  8.025589e+00  9.000000e+01  9.000000e+01  9.000000e+01 
   83   1301  6.976315e+00  8.025597e+00  6.577861e-02  6.073551e-01  4.774659e-01  2.780673e-02  1.814715e-05  9.029753e-01  8.025597e+00  8.025597e+00  9.000000e+01  9.000000e+01  9.000000e+01 
   84   1317  6.976605e+00  8.025597e+00  6.641053e-02  6.083103e-01  4.780844e-01  2.764295e-02  2.756358e-05  9.029634e-01  8.025597e+00  8.025597e+00  9.000000e+01  9.000000e+01  9.000000e+01 
   85   1334  6.976088e+00  8.025596e+00  6.544853e-02  6.068923e-01  4.771941e-01  2.789081e-02  1.317536e-05  9.029973e-01  8.025596e+00  8.025596e+00  9.000000e+01  9.000000e+01  9.000000e+01 
   86   1351  7.000598e+00  8.025570e+00  7.078326e-02  6.080570e-01  4.811363e-01  2.691800e-02  1.327147e-04  9.024907e-01  8.025570e+00  8.025570e+00  9.000000e+01  9.000000e+01  9.000000e+01 
   87   1369  6.977415e+00  8.025593e+00  6.608350e-02  6.079159e-01  4.780267e-01  2.778927e-02  2.489585e-05  9.030375e-01  8.025593e+00  8.025593e+00  9.000000e+01  9.000000e+01  9.000000e+01 
   88   1387  6.976689e+00  8.025595e+00  6.725982e-02  6.102341e-01  4.792946e-01  2.748274e-02  3.044452e-05  9.031327e-01  8.025595e+00  8.025595e+00  9.000000e+01  9.000000e+01  9.000000e+01 
   89   1404  6.976246e+00  8.025594e+00  6.447066e-02  6.058942e-01  4.764792e-01  2.816473e-02  8.614665e-06  9.030085e-01  8.025594e+00  8.025594e+00  9.000000e+01  9.000000e+01  9.000000e+01 
   90   1420  6.976411e+00  8.025597e+00  6.553842e-02  6.076703e-01  4.775644e-01  2.790217e-02  1.422006e-05  9.030938e-01  8.025597e+00  8.025597e+00  9.000000e+01  9.000000e+01  9.000000e+01 
   91   1436  6.977312e+00  8.025597e+00  6.522297e-02  6.068670e-01  4.773219e-01  2.793663e-02  1.851269e-05  9.030354e-01  8.025597e+00  8.025597e+00  9.000000e+01  9.000000e+01  9.000000e+01 
   92   1449  6.988841e+00  8.025581e+00  6.793975e-02  6.057281e-01  4.785209e-01  2.755220e-02  7.773996e-05  9.025971e-01  8.025581e+00  8.025581e+00  9.000000e+01  9.000000e+01  9.000000e+01 
   93   1467  6.976848e+00  8.025597e+00  6.551768e-02  6.072313e-01  4.774209e-01  2.788737e-02  1.850579e-05  9.030376e-01  8.025597e+00  8.025597e+00  9.000000e+01  9.000000e+01  9.000000e+01 
   94   1481  6.977316e+00  8.025597e+00  6.610757e-02  6.085897e-01  4.789198e-01  2.758697e-02  2.851047e-05  9.031143e-01  8.025597e+00  8.025597e+00  9.000000e+01  9.000000e+01  9.000000e+01 
   95   1494  6.987127e+00  8.025592e+00  7.250034e-02  6.156684e-01  4.849121e-01  2.584138e-02  1.458367e-04  9.030625e-01  8.025592e+00  8.025592e+00  9.000000e+01  9.000000e+01  9.000000e+01 
   96   1515  6.975757e+00  8.025596e+00  6.547416e-02  6.075671e-01  4.775369e-01  2.789236e-02  9.244660e-06  9.030851e-01  8.025596e+00  8.025596e+00  9.000000e+01  9.000000e+01  9.000000e+01 
   97   1525  6.996373e+00  8.025574e+00  7.016827e-02  6.080473e-01  4.807737e-01  2.710656e-02  1.109405e-04  9.026366e-01  8.025574e+00  8.025574e+00  9.000000e+01  9.000000e+01  9.000000e+01 
   98   1537  6.979513e+00  8.025618e+00  5.616075e-02  5.966797e-01  4.728692e-01  2.885362e-02  4.702842e-06  9.026849e-01  8.025618e+00  8.025618e+00  9.000000e+01  9.000000e+01  9.000000e+01 
   99   1555  6.976553e+00  8.025597e+00  6.476048e-02  6.063240e-01  4.767933e-01  2.802373e-02  1.019857e-05  9.030252e-01  8.025597e+00  8.025597e+00  9.000000e+01  9.000000e+01  9.000000e+01 
  100   1572  6.976051e+00  8.025598e+00  6.502687e-02  6.060541e-01  4.763567e-01  2.799258e-02  1.033584e-05  9.028414e-01  8.025598e+00  8.025598e+00  9.000000e+01  9.000000e+01  9.000000e+01 
