Cycle Iter Rwp lprm_a Ba_beq Ti_beq O_beq rv r2v phase_scale lprm_b lprm_c lprm_al lprm_be lprm_ga 
    0     14  8.905514e+00  8.017251e+00  8.985169e-05  6.558996e-01  3.997333e-01  1.665473e-02  3.401457e-05  9.294875e-01  8.017251e+00  8.017251e+00  9.000000e+01  9.000000e+01  9.000000e+01 
    1     32  8.902906e+00  8.017263e+00  1.626655e-05  6.526601e-01  3.957269e-01  1.731619e-02  2.114842e-06  9.294796e-01  8.017263e+00  8.017263e+00  9.000000e+01  9.000000e+01  9.000000e+01 
    2     48  8.905634e+00  8.017248e+00  8.329428e-05  6.575074e-01  4.012270e-01  1.647223e-02  4.400999e-05  9.297724e-01  8.017248e+00  8.017248e+00  9.000000e+01  9.000000e+01  9.000000e+01 
    3     65  8.905875e+00  8.017252e+00  1.101813e-04  6.555487e-01  3.996990e-01  1.665018e-02  3.695727e-05  9.295288e-01  8.017252e+00  8.017252e+00  9.000000e+01  9.000000e+01  9.000000e+01 
    4     81  8.906755e+00  8.017250e+00  2.277387e-04  6.554775e-01  4.002496e-01  1.652888e-02  4.469101e-05  9.294673e-01  8.017250e+00  8.017250e+00  9.000000e+01  9.000000e+01  9.000000e+01 
    5     96  8.905145e+00  8.017255e+00  1.562407e-04  6.534605e-01  3.972812e-01  1.700126e-02  1.669155e-05  9.292831e-01  8.017255e+00  8.017255e+00  9.000000e+01  9.000000e+01  9.000000e+01 
    6    113  8.905263e+00  8.017250e+00  4.394700e-05  6.560991e-01  4.005575e-01  1.658933e-02  3.799111e-05  9.297199e-01  8.017250e+00  8.017250e+00  9.000000e+01  9.000000e+01  9.000000e+01 
    7    128  8.910324e+00  8.017249e+00  3.407462e-04  6.545733e-01  3.990224e-01  1.682612e-02  3.592630e-05  9.294705e-01  8.017249e+00  8.017249e+00  9.000000e+01  9.000000e+01  9.000000e+01 
    8    141  8.905597e+00  8.017255e+00  7.278284e-05  6.549480e-01  3.987137e-01  1.681386e-02  2.660448e-05  9.294357e-01  8.017255e+00  8.017255e+00  9.000000e+01  9.000000e+01  9.000000e+01 
    9    157  8.905843e+00  8.017250e+00  7.376958e-05  6.562334e-01  3.999352e-01  1.665045e-02  3.536855e-05  9.295063e-01  8.017250e+00  8.017250e+00  9.000000e+01  9.000000e+01  9.000000e+01 
   10    173  8.904978e+00  8.017250e+00  3.818684e-05  6.555399e-01  3.992444e-01  1.674734e-02  2.758261e-05  9.294059e-01  8.017250e+00  8.017250e+00  9.000000e+01  9.000000e+01  9.000000e+01 
   11    186  8.909553e+00  8.017249e+00  5.536423e-04  6.540343e-01  3.979576e-01  1.700044e-02  3.094092e-05  9.293438e-01  8.017249e+00  8.017249e+00  9.000000e+01  9.000000e+01  9.000000e+01 
   12    202  8.905097e+00  8.017251e+00  6.262192e-05  6.557057e-01  3.993403e-01  1.675830e-02  2.616659e-05  9.294718e-01  8.017251e+00  8.017251e+00  9.000000e+01  9.000000e+01  9.000000e+01 
   13    217  8.905515e+00  8.017250e+00  7.280283e-05  6.565552e-01  4.000031e-01  1.668467e-02  3.044506e-05  9.295800e-01  8.017250e+00  8.017250e+00  9.000000e+01  9.000000e+01  9.000000e+01 
   14    233  8.906295e+00  8.017249e+00  1.787235e-04  6.572014e-01  4.006529e-01  1.660165e-02  3.461257e-05  9.296788e-01  8.017249e+00  8.017249e+00  9.000000e+01  9.000000e+01  9.000000e+01 
   15    251  8.905075e+00  8.017251e+00  4.309724e-05  6.563177e-01  3.993955e-01  1.680936e-02  2.054530e-05  9.295197e-01  8.017251e+00  8.017251e+00  9.000000e+01  9.000000e+01  9.000000e+01 
   16    266  8.907247e+00  8.017254e+00  4.063051e-04  6.552981e-01  3.990232e-01  1.681057e-02  2.354710e-05  9.296172e-01  8.017254e+00  8.017254e+00  9.000000e+01  9.000000e+01  9.000000e+01 
   17    279  8.909360e+00  8.017252e+00  6.243247e-04  6.568023e-01  4.005838e-01  1.640196e-02  5.264045e-05  9.295200e-01  8.017252e+00  8.017252e+00  9.000000e+01  9.000000e+01  9.000000e+01 
   18    295  8.911967e+00  8.017245e+00  6.218516e-04  6.554906e-01  4.030452e-01  1.590629e-02  9.284369e-05  9.295791e-01  8.017245e+00  8.017245e+00  9.000000e+01  9.000000e+01  9.000000e+01 
   19    310  8.908659e+00  8.017249e+00  3.437013e-04  6.553546e-01  3.989279e-01  1.694704e-02  2.708591e-05  9.295707e-01  8.017249e+00  8.017249e+00  9.000000e+01  9.000000e+01  9.000000e+01 
   20    322  8.906898e+00  8.017263e+00  5.849769e-04  6.534354e-01  3.965284e-01  1.694660e-02  2.431144e-05  9.290173e-01  8.017263e+00  8.017263e+00  9.000000e+01  9.000000e+01  9.000000e+01 
   21    340  8.904793e+00  8.017251e+00  3.689635e-05  6.566378e-01  3.997702e-01  1.678483e-02  1.986178e-05  9.296283e-01  8.017251e+00  8.017251e+00  9.000000e+01  9.000000e+01  9.000000e+01 
   22    358  8.905698e+00  8.017249e+00  7.676464e-05  6.565802e-01  3.997864e-01  1.661776e-02  3.721517e-05  9.294213e-01  8.017249e+00  8.017249e+00  9.000000e+01  9.000000e+01  9.000000e+01 
   23    375  8.905392e+00  8.017247e+00  4.073020e-05  6.574296e-01  4.014033e-01  1.650477e-02  3.905238e-05  9.298704e-01  8.017247e+00  8.017247e+00  9.000000e+01  9.000000e+01  9.000000e+01 
   24    385  8.953909e+00  8.017257e+00  7.773369e-03  6.565934e-01  3.976222e-01  1.663796e-02  8.652601e-05  9.286314e-01  8.017257e+00  8.017257e+00  9.000000e+01  9.000000e+01  9.000000e+01 
   25    400  8.906383e+00  8.017251e+00  1.724458e-04  6.564344e-01  4.002585e-01  1.655586e-02  4.130476e-05  9.295693e-01  8.017251e+00  8.017251e+00  9.000000e+01  9.000000e+01  9.000000e+01 
   26    414  8.905425e+00  8.017258e+00  6.268470e-04  6.554662e-01  3.991645e-01  1.675453e-02  2.478464e-05  9.295596e-01  8.017258e+00  8.017258e+00  9.000000e+01  9.000000e+01  9.000000e+01 
   27    428  8.905334e+00  8.017248e+00  4.915710e-05  6.569506e-01  4.005748e-01  1.664283e-02  2.822540e-05  9.296542e-01  8.017248e+00  8.017248e+00  9.000000e+01  9.000000e+01  9.000000e+01 
   28    447  8.907668e+00  8.017251e+00  1.784252e-04  6.547547e-01  3.985784e-01  1.682261e-02  2.533230e-05  9.293104e-01  8.017251e+00  8.017251e+00  9.000000e+01  9.000000e+01  9.000000e+01 
   29    464  8.902886e+00  8.017261e+00  9.855923e-05  6.544110e-01  3.968790e-01  1.713695e-02  5.179268e-06  9.294501e-01  8.017261e+00  8.017261e+00  9.000000e+01  9.000000e+01  9.000000e+01 
   30    479  8.904724e+00  8.017256e+00  3.818273e-04  6.561776e-01  3.987188e-01  1.691301e-02  1.426521e-05  9.295914e-01  8.017256e+00  8.017256e+00  9.000000e+01  9.000000e+01  9.000000e+01 
   31    495  8.904849e+00  8.017257e+00  2.884559e-04  6.546640e-01  3.981105e-01  1.695727e-02  1.709934e-05  9.295145e-01  8.017257e+00  8.017257e+00  9.000000e+01  9.000000e+01  9.000000e+01 
   32    512  8.907854e+00  8.017246e+00  1.675463e-04  6.565532e-01  4.016769e-01  1.629861e-02  6.089823e-05  9.296553e-01  8.017246e+00  8.017246e+00  9.000000e+01  9.000000e+01  9.000000e+01 
   33    524  8.904433e+00  8.017266e+00  3.662222e-04  6.551495e-01  3.944359e-01  1.729013e-02  7.258951e-06  9.286671e-01  8.017266e+00  8.017266e+00  9.000000e+01  9.000000e+01  9.000000e+01 
   34    540  8.924960e+00  8.017231e+00  1.452199e-03  6.501736e-01  4.002916e-01  1.640987e-02  9.640651e-05  9.289128e-01  8.017231e+00  8.017231e+00  9.000000e+01  9.000000e+01  9.000000e+01 
   35    558  8.904916e+00  8.017252e+00  4.783744e-05  6.560501e-01  3.995474e-01  1.675875e-02  2.436816e-05  9.296707e-01  8.017252e+00  8.017252e+00  9.000000e+01  9.000000e+01  9.000000e+01 
   36    570  8.922071e+00  8.017233e+00  1.303066e-03  6.518008e-01  3.997833e-01  1.660806e-02  7.528449e-05  9.291000e-01  8.017233e+00  8.017233e+00  9.000000e+01  9.000000e+01  9.000000e+01 
   37    587  8.907550e+00  8.017246e+00  2.135917e-04  6.567836e-01  4.015294e-01  1.628906e-02  6.177760e-05  9.295566e-01  8.017246e+00  8.017246e+00  9.000000e+01  9.000000e+01  9.000000e+01 
   38    603  8.906081e+00  8.017249e+00  1.325829e-04  6.571111e-01  4.003684e-01  1.661329e-02  3.532563e-05  9.295744e-01  8.017249e+00  8.017249e+00  9.000000e+01  9.000000e+01  9.000000e+01 
   39    623  8.906347e+00  8.017250e+00  1.348870e-04  6.554968e-01  4.002837e-01  1.659107e-02  3.885318e-05  9.296067e-01  8.017250e+00  8.017250e+00  9.000000e+01  9.000000e+01  9.000000e+01 
   40    632  8.912201e+00  8.017284e+00  1.219980e-04  6.489965e-01  3.903177e-01  1.784210e-02  5.431907e-06  9.285102e-01  8.017284e+00  8.017284e+00  9.000000e+01  9.000000e+01  9.000000e+01 
   41    649  8.910541e+00  8.017244e+00  6.277253e-04  6.558396e-01  4.027739e-01  1.598948e-02  8.571934e-05  9.295749e-01  8.017244e+00  8.017244e+00  9.000000e+01  9.000000e+01  9.000000e+01 
   42    662  8.905939e+00  8.017251e+00  1.061019e-04  6.551123e-01  3.995376e-01  1.665233e-02  3.849843e-05  9.295217e-01  8.017251e+00  8.017251e+00  9.000000e+01  9.000000e+01  9.000000e+01 
   43    676  8.907938e+00  8.017252e+00  2.410768e-04  6.548080e-01  3.981771e-01  1.701440e-02  2.536271e-05  9.294516e-01  8.017252e+00  8.017252e+00  9.000000e+01  9.000000e+01  9.000000e+01 
   44    692  8.905981e+00  8.017248e+00  6.517007e-05  6.566420e-01  4.007176e-01  1.661975e-02  3.365403e-05  9.297585e-01  8.017248e+00  8.017248e+00  9.000000e+01  9.000000e+01  9.000000e+01 
   45    708  8.904862e+00  8.017251e+00  4.745001e-05  6.558239e-01  3.993490e-01  1.675183e-02  2.540489e-05  9.294663e-01  8.017251e+00  8.017251e+00  9.000000e+01  9.000000e+01  9.000000e+01 
   46    719  8.913015e+00  8.017246e+00  5.868155e-04  6.543882e-01  3.997030e-01  1.665237e-02  5.319266e-05  9.293429e-01  8.017246e+00  8.017246e+00  9.000000e+01  9.000000e+01  9.000000e+01 
   47    738  8.907268e+00  8.017249e+00  8.184527e-05  6.561896e-01  4.000984e-01  1.677557e-02  2.983410e-05  9.296645e-01  8.017249e+00  8.017249e+00  9.000000e+01  9.000000e+01  9.000000e+01 
   48    756  8.911254e+00  8.017244e+00  6.892871e-05  6.571819e-01  4.018669e-01  1.616068e-02  7.484474e-05  9.295484e-01  8.017244e+00  8.017244e+00  9.000000e+01  9.000000e+01  9.000000e+01 
   49    769  8.909066e+00  8.017250e+00  5.657657e-04  6.545554e-01  3.994222e-01  1.663481e-02  3.939432e-05  9.295014e-01  8.017250e+00  8.017250e+00  9.000000e+01  9.000000e+01  9.000000e+01 
   50    788  8.905179e+00  8.017254e+00  3.795607e-05  6.553608e-01  3.989760e-01  1.680503e-02  2.461669e-05  9.295876e-01  8.017254e+00  8.017254e+00  9.000000e+01  9.000000e+01  9.000000e+01 
   51    801  8.905892e+00  8.017250e+00  9.138792e-05  6.570316e-01  4.002866e-01  1.663964e-02  3.352434e-05  9.296220e-01  8.017250e+00  8.017250e+00  9.000000e+01  9.000000e+01  9.000000e+01 
   52    814  8.909715e+00  8.017251e+00  4.779618e-04  6.554889e-01  3.992686e-01  1.658385e-02  4.594336e-05  9.292347e-01  8.017251e+00  8.017251e+00  9.000000e+01  9.000000e+01  9.000000e+01 
   53    829  8.912022e+00  8.017245e+00  1.699991e-04  6.574446e-01  4.029035e-01  1.614202e-02  6.958067e-05  9.298454e-01  8.017245e+00  8.017245e+00  9.000000e+01  9.000000e+01  9.000000e+01 
   54    842  8.907225e+00  8.017247e+00  2.783615e-04  6.576304e-01  4.011978e-01  1.646463e-02  4.515648e-05  9.296397e-01  8.017247e+00  8.017247e+00  9.000000e+01  9.000000e+01  9.000000e+01 
   55    858  8.905869e+00  8.017251e+00  8.805055e-05  6.556285e-01  3.995860e-01  1.674431e-02  2.953989e-05  9.294830e-01  8.017251e+00  8.017251e+00  9.000000e+01  9.000000e+01  9.000000e+01 
   56    873  8.911070e+00  8.017243e+00  7.252747e-04  6.565600e-01  4.030058e-01  1.593021e-02  9.053425e-05  9.295481e-01  8.017243e+00  8.017243e+00  9.000000e+01  9.000000e+01  9.000000e+01 
   57    888  8.907018e+00  8.017250e+00  1.691813e-04  6.563846e-01  3.996677e-01  1.676376e-02  2.804918e-05  9.295072e-01  8.017250e+00  8.017250e+00  9.000000e+01  9.000000e+01  9.000000e+01 
   58    906  8.913721e+00  8.017287e+00  6.516108e-04  6.492422e-01  3.891483e-01  1.798845e-02  2.593752e-07  9.284294e-01  8.017287e+00  8.017287e+00  9.000000e+01  9.000000e+01  9.000000e+01 
   59    922  8.905165e+00  8.017251e+00  7.567980e-05  6.563106e-01  3.999502e-01  1.675456e-02  2.279077e-05  9.297710e-01  8.017251e+00  8.017251e+00  9.000000e+01  9.000000e+01  9.000000e+01 
   60    944  8.905834e+00  8.017251e+00  1.050155e-05  6.544123e-01  3.993957e-01  1.673204e-02  3.470395e-05  9.297018e-01  8.017251e+00  8.017251e+00  9.000000e+01  9.000000e+01  9.000000e+01 
   61    962  8.906266e+00  8.017251e+00  8.503103e-05  6.547187e-01  3.994126e-01  1.658435e-02  4.600941e-05  9.293778e-01  8.017251e+00  8.017251e+00  9.000000e+01  9.000000e+01  9.000000e+01 
   62    975  8.917799e+00  8.017239e+00  1.270786e-03  6.518071e-01  3.990387e-01  1.671634e-02  6.300541e-05  9.291597e-01  8.017239e+00  8.017239e+00  9.000000e+01  9.000000e+01  9.000000e+01 
   63    982  8.914699e+00  8.017249e+00  1.161864e-03  6.565816e-01  4.013897e-01  1.604366e-02  8.572059e-05  9.291907e-01  8.017249e+00  8.017249e+00  9.000000e+01  9.000000e+01  9.000000e+01 
   64    991  8.908423e+00  8.017260e+00  1.403790e-03  6.553916e-01  4.002991e-01  1.634133e-02  5.569800e-05  9.293668e-01  8.017260e+00  8.017260e+00  9.000000e+01  9.000000e+01  9.000000e+01 
   65   1006  8.907343e+00  8.017247e+00  1.329665e-04  6.565019e-01  4.013208e-01  1.633356e-02  5.941254e-05  9.295631e-01  8.017247e+00  8.017247e+00  9.000000e+01  9.000000e+01  9.000000e+01 
   66   1024  8.905370e+00  8.017250e+00  6.242191e-05  6.559151e-01  3.993717e-01  1.678082e-02  2.470162e-05  9.294882e-01  8.017250e+00  8.017250e+00  9.000000e+01  9.000000e+01  9.000000e+01 
   67   1036  8.915229e+00  8.017242e+00  7.589508e-04  6.522458e-01  3.988418e-01  1.687915e-02  4.989233e-05  9.292907e-01  8.017242e+00  8.017242e+00  9.000000e+01  9.000000e+01  9.000000e+01 
   68   1051  8.905089e+00  8.017252e+00  7.315527e-05  6.560072e-01  3.995681e-01  1.673204e-02  2.682243e-05  9.295871e-01  8.017252e+00  8.017252e+00  9.000000e+01  9.000000e+01  9.000000e+01 
   69   1066  8.905471e+00  8.017261e+00  7.602901e-05  6.531579e-01  3.959263e-01  1.734147e-02  7.338854e-06  9.293899e-01  8.017261e+00  8.017261e+00  9.000000e+01  9.000000e+01  9.000000e+01 
   70   1082  8.904770e+00  8.017255e+00  1.619756e-04  6.557543e-01  3.978978e-01  1.711453e-02  7.848113e-06  9.295383e-01  8.017255e+00  8.017255e+00  9.000000e+01  9.000000e+01  9.000000e+01 
   71   1096  8.909543e+00  8.017252e+00  8.244882e-04  6.560266e-01  4.016479e-01  1.621545e-02  6.181690e-05  9.295800e-01  8.017252e+00  8.017252e+00  9.000000e+01  9.000000e+01  9.000000e+01 
   72   1115  8.903193e+00  8.017259e+00  4.318466e-05  6.536273e-01  3.966606e-01  1.719623e-02  5.068023e-06  9.294575e-01  8.017259e+00  8.017259e+00  9.000000e+01  9.000000e+01  9.000000e+01 
   73   1130  8.907466e+00  8.017251e+00  1.513710e-04  6.559727e-01  3.989913e-01  1.683042e-02  2.028829e-05  9.294360e-01  8.017251e+00  8.017251e+00  9.000000e+01  9.000000e+01  9.000000e+01 
   74   1145  8.906140e+00  8.017254e+00  1.660870e-04  6.560771e-01  3.987535e-01  1.697341e-02  8.564944e-06  9.296375e-01  8.017254e+00  8.017254e+00  9.000000e+01  9.000000e+01  9.000000e+01 
   75   1156  8.906546e+00  8.017250e+00  1.690291e-04  6.553914e-01  3.996351e-01  1.655246e-02  4.667611e-05  9.292305e-01  8.017250e+00  8.017250e+00  9.000000e+01  9.000000e+01  9.000000e+01 
   76   1170  8.904625e+00  8.017256e+00  3.406376e-04  6.542053e-01  3.973211e-01  1.692031e-02  2.225718e-05  9.290636e-01  8.017256e+00  8.017256e+00  9.000000e+01  9.000000e+01  9.000000e+01 
   77   1186  8.906608e+00  8.017246e+00  1.063779e-04  6.567961e-01  4.015331e-01  1.639080e-02  5.104209e-05  9.297444e-01  8.017246e+00  8.017246e+00  9.000000e+01  9.000000e+01  9.000000e+01 
   78   1199  8.907125e+00  8.017249e+00  1.066339e-04  6.560386e-01  3.995974e-01  1.677792e-02  3.099366e-05  9.294717e-01  8.017249e+00  8.017249e+00  9.000000e+01  9.000000e+01  9.000000e+01 
   79   1214  8.914083e+00  8.017286e+00  4.926766e-04  6.489489e-01  3.897988e-01  1.791885e-02  4.118508e-06  9.285085e-01  8.017286e+00  8.017286e+00  9.000000e+01  9.000000e+01  9.000000e+01 
   80   1231  8.911007e+00  8.017243e+00  9.582999e-05  6.579207e-01  4.034595e-01  1.596835e-02  8.487693e-05  9.298748e-01  8.017243e+00  8.017243e+00  9.000000e+01  9.000000e+01  9.000000e+01 
   81   1247  8.905676e+00  8.017247e+00  1.005689e-04  6.566081e-01  4.004810e-01  1.651486e-02  4.465615e-05  9.294880e-01  8.017247e+00  8.017247e+00  9.000000e+01  9.000000e+01  9.000000e+01 
   82   1263  8.904027e+00  8.017259e+00  1.132521e-04  6.543457e-01  3.969617e-01  1.719305e-02  7.779840e-06  9.295008e-01  8.017259e+00  8.017259e+00  9.000000e+01  9.000000e+01  9.000000e+01 
   83   1275  8.914927e+00  8.017242e+00  7.804982e-04  6.526573e-01  3.993668e-01  1.668708e-02  6.358527e-05  9.291999e-01  8.017242e+00  8.017242e+00  9.000000e+01  9.000000e+01  9.000000e+01 
   84   1290  8.908182e+00  8.017253e+00  1.269032e-03  6.580434e-01  4.010878e-01  1.642768e-02  4.268648e-05  9.296530e-01  8.017253e+00  8.017253e+00  9.000000e+01  9.000000e+01  9.000000e+01 
   85   1306  8.928254e+00  8.017227e+00  1.790632e-03  6.593908e-01  4.096950e-01  1.440986e-02  1.979365e-04  9.296971e-01  8.017227e+00  8.017227e+00  9.000000e+01  9.000000e+01  9.000000e+01 
   86   1319  8.914767e+00  8.017242e+00  3.145863e-04  6.540091e-01  3.998171e-01  1.674846e-02  5.030952e-05  9.294733e-01  8.017242e+00  8.017242e+00  9.000000e+01  9.000000e+01  9.000000e+01 
   87   1336  8.906560e+00  8.017247e+00  1.664450e-04  6.575980e-01  4.017632e-01  1.637834e-02  4.968750e-05  9.298570e-01  8.017247e+00  8.017247e+00  9.000000e+01  9.000000e+01  9.000000e+01 
   88   1342  8.922338e+00  8.017285e+00  1.060248e-03  6.491860e-01  3.922961e-01  1.730653e-02  5.960885e-05  9.284569e-01  8.017285e+00  8.017285e+00  9.000000e+01  9.000000e+01  9.000000e+01 
   89   1355  8.914493e+00  8.017286e+00  6.613468e-04  6.488375e-01  3.894557e-01  1.798695e-02  6.382499e-07  9.284751e-01  8.017286e+00  8.017286e+00  9.000000e+01  9.000000e+01  9.000000e+01 
   90   1371  8.906683e+00  8.017249e+00  1.545179e-04  6.560088e-01  3.999020e-01  1.670816e-02  3.335315e-05  9.295012e-01  8.017249e+00  8.017249e+00  9.000000e+01  9.000000e+01  9.000000e+01 
   91   1390  8.905914e+00  8.017249e+00  9.436608e-05  6.552404e-01  4.000357e-01  1.651022e-02  4.992891e-05  9.294669e-01  8.017249e+00  8.017249e+00  9.000000e+01  9.000000e+01  9.000000e+01 
   92   1404  8.906091e+00  8.017245e+00  1.561911e-04  6.572868e-01  4.013877e-01  1.650081e-02  4.022315e-05  9.297268e-01  8.017245e+00  8.017245e+00  9.000000e+01  9.000000e+01  9.000000e+01 
   93   1422  8.906902e+00  8.017247e+00  7.250803e-05  6.569628e-01  4.008111e-01  1.675866e-02  2.457403e-05  9.298389e-01  8.017247e+00  8.017247e+00  9.000000e+01  9.000000e+01  9.000000e+01 
   94   1436  8.906257e+00  8.017249e+00  1.655600e-04  6.564839e-01  4.005129e-01  1.651983e-02  4.243851e-05  9.295729e-01  8.017249e+00  8.017249e+00  9.000000e+01  9.000000e+01  9.000000e+01 
   95   1451  8.905218e+00  8.017255e+00  1.565247e-04  6.532924e-01  3.973280e-01  1.697833e-02  1.825578e-05  9.292381e-01  8.017255e+00  8.017255e+00  9.000000e+01  9.000000e+01  9.000000e+01 
   96   1467  8.905397e+00  8.017251e+00  5.783972e-05  6.564489e-01  3.998939e-01  1.670120e-02  2.970704e-05  9.295775e-01  8.017251e+00  8.017251e+00  9.000000e+01  9.000000e+01  9.000000e+01 
   97   1481  8.907100e+00  8.017249e+00  7.626527e-05  6.533477e-01  3.990858e-01  1.676952e-02  3.789392e-05  9.296088e-01  8.017249e+00  8.017249e+00  9.000000e+01  9.000000e+01  9.000000e+01 
   98   1495  8.904305e+00  8.017259e+00  1.636171e-04  6.543246e-01  3.975291e-01  1.702741e-02  1.421052e-05  9.294141e-01  8.017259e+00  8.017259e+00  9.000000e+01  9.000000e+01  9.000000e+01 
   99   1514  8.903072e+00  8.017259e+00  1.602591e-05  6.541815e-01  3.966812e-01  1.723010e-02  2.269911e-06  9.295108e-01  8.017259e+00  8.017259e+00  9.000000e+01  9.000000e+01  9.000000e+01 
  100   1527  8.913400e+00  8.017242e+00  1.233910e-03  6.602007e-01  4.033463e-01  1.560181e-02  1.187474e-04  9.293429e-01  8.017242e+00  8.017242e+00  9.000000e+01  9.000000e+01  9.000000e+01 
