Cycle Iter Rwp lprm_a Ba_beq Ti_beq O_beq rv r2v phase_scale lprm_b lprm_c lprm_al lprm_be lprm_ga 
    0     12  8.545018e+00  8.018562e+00  4.918639e-04  6.397460e-01  4.114672e-01  2.096892e-02  1.491111e-05  9.271151e-01  8.018562e+00  8.018562e+00  9.000000e+01  9.000000e+01  9.000000e+01 
    1     29  8.542630e+00  8.018567e+00  1.535078e-04  6.404369e-01  4.118563e-01  2.094731e-02  3.950856e-06  9.274152e-01  8.018567e+00  8.018567e+00  9.000000e+01  9.000000e+01  9.000000e+01 
    2     45  8.542909e+00  8.018565e+00  1.851560e-04  6.398965e-01  4.113268e-01  2.105370e-02  5.062437e-06  9.272638e-01  8.018565e+00  8.018565e+00  9.000000e+01  9.000000e+01  9.000000e+01 
    3     61  8.543615e+00  8.018563e+00  3.984887e-04  6.424058e-01  4.131063e-01  2.070722e-02  9.488024e-06  9.273026e-01  8.018563e+00  8.018563e+00  9.000000e+01  9.000000e+01  9.000000e+01 
    4     78  8.542447e+00  8.018568e+00  3.151945e-04  6.404892e-01  4.119832e-01  2.091254e-02  7.040545e-06  9.274432e-01  8.018568e+00  8.018568e+00  9.000000e+01  9.000000e+01  9.000000e+01 
    5     89  8.545744e+00  8.018586e+00  8.273109e-04  6.337763e-01  4.028652e-01  2.179094e-02  4.551256e-06  9.260692e-01  8.018586e+00  8.018586e+00  9.000000e+01  9.000000e+01  9.000000e+01 
    6    104  8.553540e+00  8.018558e+00  2.813866e-03  6.458652e-01  4.170565e-01  1.974452e-02  7.299617e-05  9.273811e-01  8.018558e+00  8.018558e+00  9.000000e+01  9.000000e+01  9.000000e+01 
    7    120  8.543236e+00  8.018563e+00  3.135644e-04  6.415169e-01  4.123871e-01  2.080063e-02  7.982894e-06  9.271996e-01  8.018563e+00  8.018563e+00  9.000000e+01  9.000000e+01  9.000000e+01 
    8    137  8.543848e+00  8.018563e+00  4.422580e-04  6.429861e-01  4.136183e-01  2.065121e-02  9.674386e-06  9.273858e-01  8.018563e+00  8.018563e+00  9.000000e+01  9.000000e+01  9.000000e+01 
    9    153  8.541613e+00  8.018566e+00  1.985527e-04  6.404385e-01  4.108389e-01  2.096957e-02  4.024317e-06  9.270158e-01  8.018566e+00  8.018566e+00  9.000000e+01  9.000000e+01  9.000000e+01 
   10    169  8.544912e+00  8.018563e+00  6.134997e-04  6.396966e-01  4.100282e-01  2.107564e-02  1.381605e-05  9.267746e-01  8.018563e+00  8.018563e+00  9.000000e+01  9.000000e+01  9.000000e+01 
   11    188  8.543523e+00  8.018563e+00  2.194037e-04  6.419695e-01  4.131375e-01  2.084233e-02  5.846821e-06  9.274379e-01  8.018563e+00  8.018563e+00  9.000000e+01  9.000000e+01  9.000000e+01 
   12    195  8.562260e+00  8.018581e+00  6.552268e-03  6.441056e-01  4.126488e-01  1.892497e-02  1.596269e-04  9.256849e-01  8.018581e+00  8.018581e+00  9.000000e+01  9.000000e+01  9.000000e+01 
   13    215  8.542798e+00  8.018563e+00  4.291025e-04  6.407267e-01  4.124871e-01  2.076456e-02  1.160758e-05  9.273365e-01  8.018563e+00  8.018563e+00  9.000000e+01  9.000000e+01  9.000000e+01 
   14    229  8.545605e+00  8.018590e+00  8.563509e-04  6.339061e-01  4.025455e-01  2.177453e-02  3.154530e-06  9.260610e-01  8.018590e+00  8.018590e+00  9.000000e+01  9.000000e+01  9.000000e+01 
   15    245  8.542797e+00  8.018565e+00  1.620211e-04  6.390732e-01  4.115039e-01  2.092891e-02  5.949458e-06  9.272905e-01  8.018565e+00  8.018565e+00  9.000000e+01  9.000000e+01  9.000000e+01 
   16    259  8.547581e+00  8.018558e+00  1.340289e-03  6.420877e-01  4.129529e-01  2.069365e-02  2.814423e-05  9.271285e-01  8.018558e+00  8.018558e+00  9.000000e+01  9.000000e+01  9.000000e+01 
   17    275  8.543891e+00  8.018563e+00  2.513097e-04  6.415017e-01  4.129480e-01  2.084587e-02  8.514501e-06  9.273706e-01  8.018563e+00  8.018563e+00  9.000000e+01  9.000000e+01  9.000000e+01 
   18    294  8.543411e+00  8.018568e+00  2.521276e-04  6.391577e-01  4.106448e-01  2.109748e-02  6.630308e-06  9.272139e-01  8.018568e+00  8.018568e+00  9.000000e+01  9.000000e+01  9.000000e+01 
   19    314  8.541614e+00  8.018569e+00  1.127176e-04  6.395137e-01  4.110830e-01  2.101958e-02  3.225495e-06  9.273402e-01  8.018569e+00  8.018569e+00  9.000000e+01  9.000000e+01  9.000000e+01 
   20    331  8.545639e+00  8.018560e+00  6.035423e-04  6.406911e-01  4.123833e-01  2.089913e-02  1.582175e-05  9.272585e-01  8.018560e+00  8.018560e+00  9.000000e+01  9.000000e+01  9.000000e+01 
   21    349  8.544411e+00  8.018566e+00  3.946599e-04  6.401725e-01  4.119862e-01  2.098124e-02  1.059462e-05  9.273784e-01  8.018566e+00  8.018566e+00  9.000000e+01  9.000000e+01  9.000000e+01 
   22    360  8.543714e+00  8.018576e+00  2.328919e-03  6.399672e-01  4.068712e-01  2.121674e-02  1.310464e-05  9.263024e-01  8.018576e+00  8.018576e+00  9.000000e+01  9.000000e+01  9.000000e+01 
   23    377  8.543327e+00  8.018564e+00  2.451315e-04  6.403589e-01  4.119858e-01  2.098507e-02  7.319995e-06  9.272917e-01  8.018564e+00  8.018564e+00  9.000000e+01  9.000000e+01  9.000000e+01 
   24    393  8.557742e+00  8.018557e+00  6.153689e-03  6.484917e-01  4.196868e-01  1.896027e-02  1.202851e-04  9.272734e-01  8.018557e+00  8.018557e+00  9.000000e+01  9.000000e+01  9.000000e+01 
   25    411  8.542589e+00  8.018565e+00  3.236321e-04  6.410205e-01  4.124229e-01  2.090292e-02  6.375658e-06  9.275108e-01  8.018565e+00  8.018565e+00  9.000000e+01  9.000000e+01  9.000000e+01 
   26    427  8.545129e+00  8.018561e+00  6.209331e-04  6.426133e-01  4.138698e-01  2.052963e-02  2.038175e-05  9.272734e-01  8.018561e+00  8.018561e+00  9.000000e+01  9.000000e+01  9.000000e+01 
   27    439  8.551767e+00  8.018561e+00  2.974000e-03  6.430144e-01  4.150193e-01  1.975131e-02  8.799584e-05  9.268418e-01  8.018561e+00  8.018561e+00  9.000000e+01  9.000000e+01  9.000000e+01 
   28    456  8.545872e+00  8.018563e+00  6.214003e-04  6.403570e-01  4.118801e-01  2.096220e-02  1.478443e-05  9.272106e-01  8.018563e+00  8.018563e+00  9.000000e+01  9.000000e+01  9.000000e+01 
   29    472  8.543708e+00  8.018561e+00  4.607095e-04  6.431443e-01  4.133918e-01  2.066576e-02  8.554708e-06  9.272390e-01  8.018561e+00  8.018561e+00  9.000000e+01  9.000000e+01  9.000000e+01 
   30    482  8.546996e+00  8.018585e+00  4.278791e-04  6.328598e-01  4.028231e-01  2.183054e-02  6.673376e-06  9.261461e-01  8.018585e+00  8.018585e+00  9.000000e+01  9.000000e+01  9.000000e+01 
   31    496  8.542571e+00  8.018566e+00  1.840780e-04  6.402889e-01  4.115268e-01  2.101872e-02  4.831673e-06  9.272500e-01  8.018566e+00  8.018566e+00  9.000000e+01  9.000000e+01  9.000000e+01 
   32    514  8.542613e+00  8.018568e+00  1.190159e-04  6.398019e-01  4.113370e-01  2.108946e-02  2.617219e-06  9.274418e-01  8.018568e+00  8.018568e+00  9.000000e+01  9.000000e+01  9.000000e+01 
   33    528  8.553912e+00  8.018560e+00  4.455510e-03  6.480431e-01  4.165889e-01  1.955718e-02  8.716762e-05  9.271412e-01  8.018560e+00  8.018560e+00  9.000000e+01  9.000000e+01  9.000000e+01 
   34    539  8.542837e+00  8.018562e+00  4.546886e-04  6.412014e-01  4.115496e-01  2.076474e-02  1.301652e-05  9.268129e-01  8.018562e+00  8.018562e+00  9.000000e+01  9.000000e+01  9.000000e+01 
   35    557  8.546061e+00  8.018598e+00  1.737037e-03  6.341023e-01  4.017016e-01  2.187047e-02  4.928538e-08  9.260469e-01  8.018598e+00  8.018598e+00  9.000000e+01  9.000000e+01  9.000000e+01 
   36    569  8.543984e+00  8.018563e+00  4.914114e-04  6.431251e-01  4.134926e-01  2.064241e-02  1.095111e-05  9.272851e-01  8.018563e+00  8.018563e+00  9.000000e+01  9.000000e+01  9.000000e+01 
   37    581  8.543281e+00  8.018566e+00  2.862958e-04  6.408464e-01  4.122233e-01  2.078862e-02  9.089437e-06  9.272161e-01  8.018566e+00  8.018566e+00  9.000000e+01  9.000000e+01  9.000000e+01 
   38    594  8.556300e+00  8.018569e+00  5.588938e-03  6.469201e-01  4.179538e-01  1.918412e-02  1.157263e-04  9.271143e-01  8.018569e+00  8.018569e+00  9.000000e+01  9.000000e+01  9.000000e+01 
   39    612  8.542048e+00  8.018567e+00  2.748452e-04  6.402523e-01  4.115680e-01  2.088390e-02  7.439753e-06  9.271982e-01  8.018567e+00  8.018567e+00  9.000000e+01  9.000000e+01  9.000000e+01 
   40    625  8.541499e+00  8.018567e+00  1.363806e-04  6.396136e-01  4.102688e-01  2.097644e-02  4.489137e-06  9.267964e-01  8.018567e+00  8.018567e+00  9.000000e+01  9.000000e+01  9.000000e+01 
   41    641  8.558656e+00  8.018558e+00  5.221045e-03  6.498083e-01  4.193529e-01  1.906898e-02  1.188844e-04  9.276104e-01  8.018558e+00  8.018558e+00  9.000000e+01  9.000000e+01  9.000000e+01 
   42    656  8.543830e+00  8.018562e+00  2.305472e-04  6.412958e-01  4.128028e-01  2.085001e-02  8.913280e-06  9.273139e-01  8.018562e+00  8.018562e+00  9.000000e+01  9.000000e+01  9.000000e+01 
   43    666  8.543484e+00  8.018589e+00  5.346060e-04  6.345027e-01  4.031813e-01  2.163543e-02  3.637886e-06  9.260973e-01  8.018589e+00  8.018589e+00  9.000000e+01  9.000000e+01  9.000000e+01 
   44    681  8.557354e+00  8.018552e+00  2.964038e-03  6.381532e-01  4.121132e-01  2.063010e-02  6.161587e-05  9.266907e-01  8.018552e+00  8.018552e+00  9.000000e+01  9.000000e+01  9.000000e+01 
   45    695  8.548182e+00  8.018557e+00  1.290239e-03  6.383450e-01  4.109529e-01  2.097068e-02  2.909204e-05  9.269585e-01  8.018557e+00  8.018557e+00  9.000000e+01  9.000000e+01  9.000000e+01 
   46    708  8.542205e+00  8.018566e+00  3.717599e-04  6.413622e-01  4.117913e-01  2.086153e-02  6.839029e-06  9.271784e-01  8.018566e+00  8.018566e+00  9.000000e+01  9.000000e+01  9.000000e+01 
   47    723  8.545107e+00  8.018568e+00  4.889468e-04  6.380211e-01  4.096180e-01  2.118359e-02  1.160615e-05  9.270086e-01  8.018568e+00  8.018568e+00  9.000000e+01  9.000000e+01  9.000000e+01 
   48    735  8.555563e+00  8.018556e+00  5.131055e-03  6.485629e-01  4.185396e-01  1.927180e-02  1.031161e-04  9.273342e-01  8.018556e+00  8.018556e+00  9.000000e+01  9.000000e+01  9.000000e+01 
   49    745  8.551842e+00  8.018553e+00  2.116163e-03  6.402913e-01  4.119073e-01  2.074519e-02  4.312390e-05  9.268526e-01  8.018553e+00  8.018553e+00  9.000000e+01  9.000000e+01  9.000000e+01 
   50    753  8.547292e+00  8.018569e+00  5.835541e-04  6.346125e-01  4.067590e-01  2.138508e-02  2.288580e-05  9.264377e-01  8.018569e+00  8.018569e+00  9.000000e+01  9.000000e+01  9.000000e+01 
   51    764  8.549556e+00  8.018557e+00  1.202481e-03  6.384371e-01  4.110813e-01  2.096975e-02  3.052616e-05  9.269263e-01  8.018557e+00  8.018557e+00  9.000000e+01  9.000000e+01  9.000000e+01 
   52    780  8.548420e+00  8.018566e+00  2.257527e-03  6.440218e-01  4.143620e-01  2.018522e-02  4.760468e-05  9.271445e-01  8.018566e+00  8.018566e+00  9.000000e+01  9.000000e+01  9.000000e+01 
   53    794  8.543959e+00  8.018563e+00  4.504200e-04  6.429562e-01  4.137196e-01  2.064107e-02  1.050944e-05  9.274467e-01  8.018563e+00  8.018563e+00  9.000000e+01  9.000000e+01  9.000000e+01 
   54    809  8.557386e+00  8.018552e+00  2.933848e-03  6.382361e-01  4.121408e-01  2.063240e-02  6.092922e-05  9.266958e-01  8.018552e+00  8.018552e+00  9.000000e+01  9.000000e+01  9.000000e+01 
   55    829  8.543232e+00  8.018566e+00  3.302691e-04  6.414974e-01  4.126737e-01  2.080431e-02  6.579033e-06  9.274857e-01  8.018566e+00  8.018566e+00  9.000000e+01  9.000000e+01  9.000000e+01 
   56    846  8.548284e+00  8.018558e+00  1.244683e-03  6.384918e-01  4.109976e-01  2.097599e-02  2.783683e-05  9.269826e-01  8.018558e+00  8.018558e+00  9.000000e+01  9.000000e+01  9.000000e+01 
   57    861  8.544488e+00  8.018566e+00  7.749853e-04  6.421250e-01  4.133576e-01  2.055915e-02  2.274042e-05  9.273319e-01  8.018566e+00  8.018566e+00  9.000000e+01  9.000000e+01  9.000000e+01 
   58    878  8.548624e+00  8.018555e+00  1.453457e-03  6.410611e-01  4.125981e-01  2.078780e-02  2.872234e-05  9.271018e-01  8.018555e+00  8.018555e+00  9.000000e+01  9.000000e+01  9.000000e+01 
   59    894  8.544167e+00  8.018573e+00  2.678088e-04  6.381325e-01  4.098809e-01  2.120402e-02  6.726062e-06  9.272410e-01  8.018573e+00  8.018573e+00  9.000000e+01  9.000000e+01  9.000000e+01 
   60    910  8.546997e+00  8.018567e+00  1.455703e-03  6.422471e-01  4.134631e-01  2.043464e-02  3.414486e-05  9.272486e-01  8.018567e+00  8.018567e+00  9.000000e+01  9.000000e+01  9.000000e+01 
   61    927  8.542177e+00  8.018567e+00  1.472144e-03  6.408537e-01  4.096248e-01  2.086380e-02  1.616163e-05  9.265501e-01  8.018567e+00  8.018567e+00  9.000000e+01  9.000000e+01  9.000000e+01 
   62    940  8.543341e+00  8.018565e+00  2.097335e-04  6.411546e-01  4.125627e-01  2.092212e-02  4.960033e-06  9.274695e-01  8.018565e+00  8.018565e+00  9.000000e+01  9.000000e+01  9.000000e+01 
   63    955  8.542266e+00  8.018573e+00  1.741583e-03  6.418306e-01  4.074776e-01  2.108415e-02  7.253460e-06  9.260835e-01  8.018573e+00  8.018573e+00  9.000000e+01  9.000000e+01  9.000000e+01 
   64    965  8.543218e+00  8.018569e+00  4.740225e-04  6.399983e-01  4.101133e-01  2.087297e-02  1.385182e-05  9.265853e-01  8.018569e+00  8.018569e+00  9.000000e+01  9.000000e+01  9.000000e+01 
   65    981  8.544173e+00  8.018562e+00  4.493697e-04  6.430350e-01  4.139585e-01  2.060816e-02  1.195567e-05  9.274282e-01  8.018562e+00  8.018562e+00  9.000000e+01  9.000000e+01  9.000000e+01 
   66    997  8.544798e+00  8.018565e+00  5.361840e-04  6.396517e-01  4.112311e-01  2.099072e-02  1.361565e-05  9.271770e-01  8.018565e+00  8.018565e+00  9.000000e+01  9.000000e+01  9.000000e+01 
   67   1010  8.546188e+00  8.018596e+00  1.012866e-03  6.342300e-01  4.023795e-01  2.175216e-02  4.063493e-06  9.261213e-01  8.018596e+00  8.018596e+00  9.000000e+01  9.000000e+01  9.000000e+01 
   68   1029  8.544529e+00  8.018568e+00  4.694053e-04  6.386758e-01  4.099739e-01  2.113647e-02  1.055012e-05  9.270545e-01  8.018568e+00  8.018568e+00  9.000000e+01  9.000000e+01  9.000000e+01 
   69   1049  8.542113e+00  8.018568e+00  2.501708e-04  6.402676e-01  4.118271e-01  2.089686e-02  7.134478e-06  9.273465e-01  8.018568e+00  8.018568e+00  9.000000e+01  9.000000e+01  9.000000e+01 
   70   1066  8.543447e+00  8.018564e+00  2.620480e-04  6.401517e-01  4.118103e-01  2.102292e-02  6.176424e-06  9.273825e-01  8.018564e+00  8.018564e+00  9.000000e+01  9.000000e+01  9.000000e+01 
   71   1083  8.541799e+00  8.018571e+00  6.219838e-05  6.388700e-01  4.103923e-01  2.112512e-02  1.511547e-06  9.273763e-01  8.018571e+00  8.018571e+00  9.000000e+01  9.000000e+01  9.000000e+01 
   72   1097  8.549764e+00  8.018563e+00  2.210329e-03  6.444627e-01  4.151238e-01  2.010041e-02  5.123958e-05  9.272273e-01  8.018563e+00  8.018563e+00  9.000000e+01  9.000000e+01  9.000000e+01 
   73   1112  8.549743e+00  8.018556e+00  1.419988e-03  6.379355e-01  4.110399e-01  2.096924e-02  3.378401e-05  9.269115e-01  8.018556e+00  8.018556e+00  9.000000e+01  9.000000e+01  9.000000e+01 
   74   1124  8.543302e+00  8.018567e+00  2.056078e-04  6.385109e-01  4.098191e-01  2.115718e-02  6.086776e-06  9.269759e-01  8.018567e+00  8.018567e+00  9.000000e+01  9.000000e+01  9.000000e+01 
   75   1141  8.543086e+00  8.018566e+00  2.060762e-04  6.400806e-01  4.115838e-01  2.103276e-02  5.694877e-06  9.272951e-01  8.018566e+00  8.018566e+00  9.000000e+01  9.000000e+01  9.000000e+01 
   76   1157  8.544672e+00  8.018566e+00  5.296602e-04  6.385815e-01  4.100406e-01  2.110492e-02  1.235076e-05  9.270050e-01  8.018566e+00  8.018566e+00  9.000000e+01  9.000000e+01  9.000000e+01 
   77   1171  8.549307e+00  8.018566e+00  1.167140e-03  6.392419e-01  4.115461e-01  2.092529e-02  2.960332e-05  9.270759e-01  8.018566e+00  8.018566e+00  9.000000e+01  9.000000e+01  9.000000e+01 
   78   1186  8.544371e+00  8.018563e+00  3.177384e-04  6.394826e-01  4.111500e-01  2.100971e-02  1.316998e-05  9.270360e-01  8.018563e+00  8.018563e+00  9.000000e+01  9.000000e+01  9.000000e+01 
   79   1202  8.544212e+00  8.018562e+00  5.086804e-04  6.432446e-01  4.138053e-01  2.060946e-02  1.197264e-05  9.273526e-01  8.018562e+00  8.018562e+00  9.000000e+01  9.000000e+01  9.000000e+01 
   80   1222  8.546948e+00  8.018559e+00  7.853360e-04  6.406738e-01  4.124757e-01  2.089579e-02  1.832825e-05  9.272396e-01  8.018559e+00  8.018559e+00  9.000000e+01  9.000000e+01  9.000000e+01 
   81   1237  8.544124e+00  8.018565e+00  5.059329e-04  6.421177e-01  4.131279e-01  2.067076e-02  1.313981e-05  9.273706e-01  8.018565e+00  8.018565e+00  9.000000e+01  9.000000e+01  9.000000e+01 
   82   1247  8.542949e+00  8.018572e+00  8.071236e-04  6.386116e-01  4.078630e-01  2.105437e-02  1.172446e-05  9.262759e-01  8.018572e+00  8.018572e+00  9.000000e+01  9.000000e+01  9.000000e+01 
   83   1262  8.544005e+00  8.018571e+00  2.042355e-03  6.437580e-01  4.123587e-01  2.050786e-02  2.705225e-05  9.269601e-01  8.018571e+00  8.018571e+00  9.000000e+01  9.000000e+01  9.000000e+01 
   84   1282  8.542068e+00  8.018564e+00  2.935404e-04  6.404825e-01  4.116166e-01  2.086148e-02  7.669641e-06  9.271367e-01  8.018564e+00  8.018564e+00  9.000000e+01  9.000000e+01  9.000000e+01 
   85   1298  8.544730e+00  8.018563e+00  5.150073e-04  6.398743e-01  4.112529e-01  2.101264e-02  1.159508e-05  9.271708e-01  8.018563e+00  8.018563e+00  9.000000e+01  9.000000e+01  9.000000e+01 
   86   1312  8.544762e+00  8.018564e+00  5.927557e-04  6.404530e-01  4.116781e-01  2.095255e-02  1.262152e-05  9.272046e-01  8.018564e+00  8.018564e+00  9.000000e+01  9.000000e+01  9.000000e+01 
   87   1330  8.544761e+00  8.018562e+00  6.508991e-04  6.421935e-01  4.131644e-01  2.059204e-02  1.950188e-05  9.271932e-01  8.018562e+00  8.018562e+00  9.000000e+01  9.000000e+01  9.000000e+01 
   88   1345  8.542853e+00  8.018566e+00  2.595290e-04  6.416604e-01  4.118186e-01  2.082471e-02  6.095237e-06  9.270288e-01  8.018566e+00  8.018566e+00  9.000000e+01  9.000000e+01  9.000000e+01 
   89   1360  8.543775e+00  8.018563e+00  4.287675e-04  6.427213e-01  4.132923e-01  2.067355e-02  1.035739e-05  9.272972e-01  8.018563e+00  8.018563e+00  9.000000e+01  9.000000e+01  9.000000e+01 
   90   1375  8.543515e+00  8.018569e+00  6.373983e-04  6.396013e-01  4.096920e-01  2.090985e-02  1.422672e-05  9.265719e-01  8.018569e+00  8.018569e+00  9.000000e+01  9.000000e+01  9.000000e+01 
   91   1387  8.546346e+00  8.018580e+00  3.928008e-03  6.442188e-01  4.118413e-01  2.023139e-02  5.337597e-05  9.265815e-01  8.018580e+00  8.018580e+00  9.000000e+01  9.000000e+01  9.000000e+01 
   92   1404  8.541441e+00  8.018567e+00  1.239065e-04  6.397181e-01  4.109550e-01  2.100790e-02  2.697437e-06  9.272256e-01  8.018567e+00  8.018567e+00  9.000000e+01  9.000000e+01  9.000000e+01 
   93   1417  8.549409e+00  8.018555e+00  1.154526e-03  6.402584e-01  4.122198e-01  2.091640e-02  2.475210e-05  9.270942e-01  8.018555e+00  8.018555e+00  9.000000e+01  9.000000e+01  9.000000e+01 
   94   1432  8.541942e+00  8.018569e+00  2.702801e-04  6.402313e-01  4.109359e-01  2.091406e-02  6.337679e-06  9.270605e-01  8.018569e+00  8.018569e+00  9.000000e+01  9.000000e+01  9.000000e+01 
   95   1446  8.550047e+00  8.018552e+00  1.628950e-03  6.400565e-01  4.124371e-01  2.082335e-02  3.461595e-05  9.270526e-01  8.018552e+00  8.018552e+00  9.000000e+01  9.000000e+01  9.000000e+01 
   96   1460  8.548333e+00  8.018566e+00  2.821600e-03  6.443241e-01  4.148889e-01  2.002497e-02  5.731694e-05  9.270974e-01  8.018566e+00  8.018566e+00  9.000000e+01  9.000000e+01  9.000000e+01 
   97   1478  8.543092e+00  8.018566e+00  1.414831e-04  6.408408e-01  4.123761e-01  2.090887e-02  5.075509e-06  9.273727e-01  8.018566e+00  8.018566e+00  9.000000e+01  9.000000e+01  9.000000e+01 
   98   1494  8.543469e+00  8.018594e+00  2.284545e-03  6.369536e-01  4.034121e-01  2.152190e-02  6.175705e-06  9.260100e-01  8.018594e+00  8.018594e+00  9.000000e+01  9.000000e+01  9.000000e+01 
   99   1506  8.553497e+00  8.018564e+00  4.047518e-03  6.469406e-01  4.161111e-01  1.969556e-02  7.744140e-05  9.271211e-01  8.018564e+00  8.018564e+00  9.000000e+01  9.000000e+01  9.000000e+01 
  100   1522  8.543027e+00  8.018563e+00  2.079499e-04  6.396768e-01  4.118343e-01  2.085495e-02  7.401862e-06  9.272355e-01  8.018563e+00  8.018563e+00  9.000000e+01  9.000000e+01  9.000000e+01 
