Cycle Iter Rwp lprm_a Ba_beq Ti_beq O_beq rv r2v phase_scale lprm_b lprm_c lprm_al lprm_be lprm_ga 
    0     12  7.439635e+00  8.020563e+00  2.856462e-02  6.007100e-01  4.403252e-01  2.580282e-02  2.955950e-05  9.162934e-01  8.020563e+00  8.020563e+00  9.000000e+01  9.000000e+01  9.000000e+01 
    1     26  7.450097e+00  8.020557e+00  3.312396e-02  6.069196e-01  4.462310e-01  2.438423e-02  1.207592e-04  9.165837e-01  8.020557e+00  8.020557e+00  9.000000e+01  9.000000e+01  9.000000e+01 
    2     39  7.450126e+00  8.020557e+00  3.333696e-02  6.069000e-01  4.461095e-01  2.436499e-02  1.228070e-04  9.165264e-01  8.020557e+00  8.020557e+00  9.000000e+01  9.000000e+01  9.000000e+01 
    3     56  7.437696e+00  8.020565e+00  2.660401e-02  5.979052e-01  4.382990e-01  2.632846e-02  5.638015e-06  9.163561e-01  8.020565e+00  8.020565e+00  9.000000e+01  9.000000e+01  9.000000e+01 
    4     71  7.438507e+00  8.020569e+00  2.611578e-02  5.972917e-01  4.380787e-01  2.639517e-02  7.773714e-06  9.164204e-01  8.020569e+00  8.020569e+00  9.000000e+01  9.000000e+01  9.000000e+01 
    5     91  7.438827e+00  8.020569e+00  2.510652e-02  5.947248e-01  4.364500e-01  2.666993e-02  9.300122e-06  9.161700e-01  8.020569e+00  8.020569e+00  9.000000e+01  9.000000e+01  9.000000e+01 
    6    109  7.437761e+00  8.020569e+00  2.525029e-02  5.962401e-01  4.373685e-01  2.663978e-02  3.256832e-06  9.163992e-01  8.020569e+00  8.020569e+00  9.000000e+01  9.000000e+01  9.000000e+01 
    7    124  7.441452e+00  8.020556e+00  2.686255e-02  5.959309e-01  4.383651e-01  2.630471e-02  2.746597e-05  9.161170e-01  8.020556e+00  8.020556e+00  9.000000e+01  9.000000e+01  9.000000e+01 
    8    143  7.439172e+00  8.020564e+00  2.855176e-02  6.015575e-01  4.408786e-01  2.581714e-02  2.319163e-05  9.165108e-01  8.020564e+00  8.020564e+00  9.000000e+01  9.000000e+01  9.000000e+01 
    9    158  7.440622e+00  8.020563e+00  2.877891e-02  6.005624e-01  4.407465e-01  2.568120e-02  3.990244e-05  9.163221e-01  8.020563e+00  8.020563e+00  9.000000e+01  9.000000e+01  9.000000e+01 
   10    176  7.443032e+00  8.020558e+00  2.774393e-02  5.985784e-01  4.398737e-01  2.608644e-02  3.218341e-05  9.163540e-01  8.020558e+00  8.020558e+00  9.000000e+01  9.000000e+01  9.000000e+01 
   11    186  7.450405e+00  8.020560e+00  3.301041e-02  6.068060e-01  4.459075e-01  2.435174e-02  1.269661e-04  9.165632e-01  8.020560e+00  8.020560e+00  9.000000e+01  9.000000e+01  9.000000e+01 
   12    200  7.449689e+00  8.020557e+00  3.310211e-02  6.071719e-01  4.462512e-01  2.442799e-02  1.154731e-04  9.166212e-01  8.020557e+00  8.020557e+00  9.000000e+01  9.000000e+01  9.000000e+01 
   13    217  7.437244e+00  8.020567e+00  2.728436e-02  6.006371e-01  4.403252e-01  2.607938e-02  7.312317e-06  9.166705e-01  8.020567e+00  8.020567e+00  9.000000e+01  9.000000e+01  9.000000e+01 
   14    233  7.441531e+00  8.020561e+00  2.754550e-02  5.984528e-01  4.391700e-01  2.611724e-02  2.786669e-05  9.162589e-01  8.020561e+00  8.020561e+00  9.000000e+01  9.000000e+01  9.000000e+01 
   15    246  7.450639e+00  8.020556e+00  3.401550e-02  6.078718e-01  4.470153e-01  2.415768e-02  1.358493e-04  9.165897e-01  8.020556e+00  8.020556e+00  9.000000e+01  9.000000e+01  9.000000e+01 
   16    262  7.451920e+00  8.020560e+00  3.333997e-02  6.073402e-01  4.464548e-01  2.416207e-02  1.428391e-04  9.166078e-01  8.020560e+00  8.020560e+00  9.000000e+01  9.000000e+01  9.000000e+01 
   17    280  7.438972e+00  8.020565e+00  2.755187e-02  6.001878e-01  4.399595e-01  2.606320e-02  1.124926e-05  9.165347e-01  8.020565e+00  8.020565e+00  9.000000e+01  9.000000e+01  9.000000e+01 
   18    292  7.446423e+00  8.020557e+00  2.744535e-02  5.959016e-01  4.387329e-01  2.616281e-02  4.569394e-05  9.160399e-01  8.020557e+00  8.020557e+00  9.000000e+01  9.000000e+01  9.000000e+01 
   19    309  7.439217e+00  8.020563e+00  2.848841e-02  6.009095e-01  4.403891e-01  2.584490e-02  2.467780e-05  9.163760e-01  8.020563e+00  8.020563e+00  9.000000e+01  9.000000e+01  9.000000e+01 
   20    325  7.445723e+00  8.020557e+00  2.748211e-02  5.965410e-01  4.391443e-01  2.615443e-02  4.124385e-05  9.161355e-01  8.020557e+00  8.020557e+00  9.000000e+01  9.000000e+01  9.000000e+01 
   21    343  7.441241e+00  8.020561e+00  2.753558e-02  5.987269e-01  4.393383e-01  2.610463e-02  2.626410e-05  9.163059e-01  8.020561e+00  8.020561e+00  9.000000e+01  9.000000e+01  9.000000e+01 
   22    357  7.441207e+00  8.020560e+00  2.682827e-02  5.968170e-01  4.379858e-01  2.638257e-02  2.391712e-05  9.161509e-01  8.020560e+00  8.020560e+00  9.000000e+01  9.000000e+01  9.000000e+01 
   23    374  7.439042e+00  8.020575e+00  2.763250e-02  5.985306e-01  4.397696e-01  2.584130e-02  3.881321e-05  9.163000e-01  8.020575e+00  8.020575e+00  9.000000e+01  9.000000e+01  9.000000e+01 
   24    386  7.436908e+00  8.020564e+00  2.658705e-02  5.971661e-01  4.372466e-01  2.645517e-02  3.669566e-06  9.161208e-01  8.020564e+00  8.020564e+00  9.000000e+01  9.000000e+01  9.000000e+01 
   25    408  7.437490e+00  8.020566e+00  2.728542e-02  5.992397e-01  4.397391e-01  2.606809e-02  1.313866e-05  9.164876e-01  8.020566e+00  8.020566e+00  9.000000e+01  9.000000e+01  9.000000e+01 
   26    422  7.450156e+00  8.020556e+00  3.339223e-02  6.072007e-01  4.462337e-01  2.436049e-02  1.222399e-04  9.165505e-01  8.020556e+00  8.020556e+00  9.000000e+01  9.000000e+01  9.000000e+01 
   27    437  7.450753e+00  8.020556e+00  3.358087e-02  6.074142e-01  4.466015e-01  2.427406e-02  1.284625e-04  9.165672e-01  8.020556e+00  8.020556e+00  9.000000e+01  9.000000e+01  9.000000e+01 
   28    452  7.436962e+00  8.020566e+00  2.752197e-02  5.998766e-01  4.399779e-01  2.600219e-02  1.578109e-05  9.164138e-01  8.020566e+00  8.020566e+00  9.000000e+01  9.000000e+01  9.000000e+01 
   29    473  7.439287e+00  8.020573e+00  2.456848e-02  5.941965e-01  4.361173e-01  2.676140e-02  7.194684e-06  9.162063e-01  8.020573e+00  8.020573e+00  9.000000e+01  9.000000e+01  9.000000e+01 
   30    493  7.438058e+00  8.020569e+00  2.645352e-02  5.981210e-01  4.384243e-01  2.631892e-02  7.053527e-06  9.164013e-01  8.020569e+00  8.020569e+00  9.000000e+01  9.000000e+01  9.000000e+01 
   31    509  7.440012e+00  8.020563e+00  2.885336e-02  6.017214e-01  4.412829e-01  2.569353e-02  3.259318e-05  9.164942e-01  8.020563e+00  8.020563e+00  9.000000e+01  9.000000e+01  9.000000e+01 
   32    529  7.438970e+00  8.020562e+00  2.886830e-02  6.020488e-01  4.409326e-01  2.579229e-02  2.277470e-05  9.164314e-01  8.020562e+00  8.020562e+00  9.000000e+01  9.000000e+01  9.000000e+01 
   33    547  7.436983e+00  8.020565e+00  2.731799e-02  5.985241e-01  4.393167e-01  2.606464e-02  1.816905e-05  9.163683e-01  8.020565e+00  8.020565e+00  9.000000e+01  9.000000e+01  9.000000e+01 
   34    557  7.449597e+00  8.020560e+00  3.303640e-02  6.075079e-01  4.465254e-01  2.439764e-02  1.141278e-04  9.165727e-01  8.020560e+00  8.020560e+00  9.000000e+01  9.000000e+01  9.000000e+01 
   35    574  7.439871e+00  8.020563e+00  2.760780e-02  6.004635e-01  4.401974e-01  2.608680e-02  1.518464e-05  9.165563e-01  8.020563e+00  8.020563e+00  9.000000e+01  9.000000e+01  9.000000e+01 
   36    590  7.451686e+00  8.020549e+00  2.999936e-02  5.987072e-01  4.415032e-01  2.562818e-02  7.928128e-05  9.160867e-01  8.020549e+00  8.020549e+00  9.000000e+01  9.000000e+01  9.000000e+01 
   37    609  7.438915e+00  8.020562e+00  2.732134e-02  5.996443e-01  4.396398e-01  2.618089e-02  1.380774e-05  9.164869e-01  8.020562e+00  8.020562e+00  9.000000e+01  9.000000e+01  9.000000e+01 
   38    624  7.441181e+00  8.020562e+00  2.753203e-02  5.986079e-01  4.392722e-01  2.609632e-02  2.685564e-05  9.162875e-01  8.020562e+00  8.020562e+00  9.000000e+01  9.000000e+01  9.000000e+01 
   39    638  7.444072e+00  8.020560e+00  3.166279e-02  6.045888e-01  4.422026e-01  2.520353e-02  6.548888e-05  9.163281e-01  8.020560e+00  8.020560e+00  9.000000e+01  9.000000e+01  9.000000e+01 
   40    651  7.439288e+00  8.020560e+00  2.705513e-02  5.983204e-01  4.388726e-01  2.629553e-02  1.713939e-05  9.163359e-01  8.020560e+00  8.020560e+00  9.000000e+01  9.000000e+01  9.000000e+01 
   41    667  7.437903e+00  8.020570e+00  2.648302e-02  5.979237e-01  4.384287e-01  2.626546e-02  7.935259e-06  9.163474e-01  8.020570e+00  8.020570e+00  9.000000e+01  9.000000e+01  9.000000e+01 
   42    685  7.439622e+00  8.020560e+00  2.644292e-02  5.968631e-01  4.382213e-01  2.635527e-02  1.444621e-05  9.162680e-01  8.020560e+00  8.020560e+00  9.000000e+01  9.000000e+01  9.000000e+01 
   43    702  7.441827e+00  8.020560e+00  2.755467e-02  5.982500e-01  4.390990e-01  2.611652e-02  2.969408e-05  9.162239e-01  8.020560e+00  8.020560e+00  9.000000e+01  9.000000e+01  9.000000e+01 
   44    718  7.438431e+00  8.020570e+00  2.666361e-02  5.984366e-01  4.390010e-01  2.620060e-02  1.242597e-05  9.164588e-01  8.020570e+00  8.020570e+00  9.000000e+01  9.000000e+01  9.000000e+01 
   45    734  7.439815e+00  8.020563e+00  2.661228e-02  5.980352e-01  4.387396e-01  2.634597e-02  1.298169e-05  9.163969e-01  8.020563e+00  8.020563e+00  9.000000e+01  9.000000e+01  9.000000e+01 
   46    747  7.438638e+00  8.020577e+00  2.150599e-02  5.880099e-01  4.320819e-01  2.725682e-02  1.601546e-06  9.157506e-01  8.020577e+00  8.020577e+00  9.000000e+01  9.000000e+01  9.000000e+01 
   47    765  7.438934e+00  8.020566e+00  2.761541e-02  6.009056e-01  4.403066e-01  2.605612e-02  9.976514e-06  9.166220e-01  8.020566e+00  8.020566e+00  9.000000e+01  9.000000e+01  9.000000e+01 
   48    780  7.439636e+00  8.020563e+00  2.899686e-02  6.020394e-01  4.413068e-01  2.570836e-02  2.936023e-05  9.165191e-01  8.020563e+00  8.020563e+00  9.000000e+01  9.000000e+01  9.000000e+01 
   49    797  7.440854e+00  8.020561e+00  2.921109e-02  6.011851e-01  4.410494e-01  2.560101e-02  4.356074e-05  9.162887e-01  8.020561e+00  8.020561e+00  9.000000e+01  9.000000e+01  9.000000e+01 
   50    819  7.436335e+00  8.020566e+00  2.727738e-02  5.989694e-01  4.392089e-01  2.611295e-02  1.203083e-05  9.163585e-01  8.020566e+00  8.020566e+00  9.000000e+01  9.000000e+01  9.000000e+01 
   51    832  7.440314e+00  8.020559e+00  2.687163e-02  5.974636e-01  4.385604e-01  2.635137e-02  2.000732e-05  9.162652e-01  8.020559e+00  8.020559e+00  9.000000e+01  9.000000e+01  9.000000e+01 
   52    847  7.450085e+00  8.020557e+00  3.317036e-02  6.069346e-01  4.461719e-01  2.438737e-02  1.206202e-04  9.165686e-01  8.020557e+00  8.020557e+00  9.000000e+01  9.000000e+01  9.000000e+01 
   53    861  7.437801e+00  8.020567e+00  2.723263e-02  5.989895e-01  4.393470e-01  2.612487e-02  1.974332e-05  9.163948e-01  8.020567e+00  8.020567e+00  9.000000e+01  9.000000e+01  9.000000e+01 
   54    880  7.437931e+00  8.020568e+00  2.678967e-02  5.988900e-01  4.390518e-01  2.621179e-02  8.807149e-06  9.164581e-01  8.020568e+00  8.020568e+00  9.000000e+01  9.000000e+01  9.000000e+01 
   55    897  7.443052e+00  8.020564e+00  3.041483e-02  6.029174e-01  4.427237e-01  2.521903e-02  6.603379e-05  9.163570e-01  8.020564e+00  8.020564e+00  9.000000e+01  9.000000e+01  9.000000e+01 
   56    911  7.439992e+00  8.020563e+00  2.676781e-02  5.978308e-01  4.385873e-01  2.632231e-02  1.746973e-05  9.163163e-01  8.020563e+00  8.020563e+00  9.000000e+01  9.000000e+01  9.000000e+01 
   57    930  7.437822e+00  8.020568e+00  2.669128e-02  5.983664e-01  4.385062e-01  2.627914e-02  7.912144e-06  9.163576e-01  8.020568e+00  8.020568e+00  9.000000e+01  9.000000e+01  9.000000e+01 
   58    944  7.448871e+00  8.020556e+00  3.290631e-02  6.063079e-01  4.453769e-01  2.454117e-02  1.100900e-04  9.164818e-01  8.020556e+00  8.020556e+00  9.000000e+01  9.000000e+01  9.000000e+01 
   59    959  7.441025e+00  8.020561e+00  2.911051e-02  6.008894e-01  4.410648e-01  2.559607e-02  4.491405e-05  9.162917e-01  8.020561e+00  8.020561e+00  9.000000e+01  9.000000e+01  9.000000e+01 
   60    975  7.439157e+00  8.020564e+00  2.831878e-02  6.012672e-01  4.407466e-01  2.585727e-02  2.139551e-05  9.165002e-01  8.020564e+00  8.020564e+00  9.000000e+01  9.000000e+01  9.000000e+01 
   61    993  7.437803e+00  8.020566e+00  2.699715e-02  5.989228e-01  4.390967e-01  2.619999e-02  1.182883e-05  9.164225e-01  8.020566e+00  8.020566e+00  9.000000e+01  9.000000e+01  9.000000e+01 
   62   1008  7.440155e+00  8.020563e+00  2.901470e-02  6.018028e-01  4.414088e-01  2.565628e-02  3.463050e-05  9.165008e-01  8.020563e+00  8.020563e+00  9.000000e+01  9.000000e+01  9.000000e+01 
   63   1024  7.437860e+00  8.020568e+00  2.684298e-02  5.988303e-01  4.389923e-01  2.620678e-02  9.662215e-06  9.164316e-01  8.020568e+00  8.020568e+00  9.000000e+01  9.000000e+01  9.000000e+01 
   64   1040  7.441097e+00  8.020562e+00  2.905650e-02  6.006387e-01  4.408790e-01  2.560802e-02  4.580492e-05  9.162800e-01  8.020562e+00  8.020562e+00  9.000000e+01  9.000000e+01  9.000000e+01 
   65   1051  7.438588e+00  8.020567e+00  2.632455e-02  5.968257e-01  4.371702e-01  2.648733e-02  7.328698e-06  9.161641e-01  8.020567e+00  8.020567e+00  9.000000e+01  9.000000e+01  9.000000e+01 
   66   1074  7.438211e+00  8.020570e+00  2.651997e-02  5.988082e-01  4.386840e-01  2.633454e-02  6.240707e-06  9.165041e-01  8.020570e+00  8.020570e+00  9.000000e+01  9.000000e+01  9.000000e+01 
   67   1091  7.435996e+00  8.020566e+00  2.728891e-02  5.997420e-01  4.395815e-01  2.612042e-02  7.193568e-06  9.164540e-01  8.020566e+00  8.020566e+00  9.000000e+01  9.000000e+01  9.000000e+01 
   68   1107  7.436189e+00  8.020565e+00  2.734032e-02  5.995612e-01  4.395435e-01  2.611586e-02  8.305647e-06  9.164591e-01  8.020565e+00  8.020565e+00  9.000000e+01  9.000000e+01  9.000000e+01 
   69   1120  7.442659e+00  8.020564e+00  3.014924e-02  6.025892e-01  4.425021e-01  2.526994e-02  6.314873e-05  9.164223e-01  8.020564e+00  8.020564e+00  9.000000e+01  9.000000e+01  9.000000e+01 
   70   1137  7.439586e+00  8.020562e+00  2.769235e-02  5.998813e-01  4.395771e-01  2.612003e-02  1.597175e-05  9.163932e-01  8.020562e+00  8.020562e+00  9.000000e+01  9.000000e+01  9.000000e+01 
   71   1156  7.438330e+00  8.020569e+00  2.620758e-02  5.983260e-01  4.386816e-01  2.635863e-02  6.231307e-06  9.165274e-01  8.020569e+00  8.020569e+00  9.000000e+01  9.000000e+01  9.000000e+01 
   72   1169  7.439537e+00  8.020563e+00  2.912013e-02  6.026901e-01  4.416320e-01  2.568502e-02  2.763798e-05  9.165327e-01  8.020563e+00  8.020563e+00  9.000000e+01  9.000000e+01  9.000000e+01 
   73   1183  7.439186e+00  8.020565e+00  2.844593e-02  6.007993e-01  4.400791e-01  2.589489e-02  2.448077e-05  9.164005e-01  8.020565e+00  8.020565e+00  9.000000e+01  9.000000e+01  9.000000e+01 
   74   1200  7.441475e+00  8.020559e+00  2.954241e-02  6.019471e-01  4.420952e-01  2.546754e-02  4.839239e-05  9.164151e-01  8.020559e+00  8.020559e+00  9.000000e+01  9.000000e+01  9.000000e+01 
   75   1223  7.438741e+00  8.020562e+00  2.658847e-02  5.974729e-01  4.379641e-01  2.640778e-02  9.491606e-06  9.162341e-01  8.020562e+00  8.020562e+00  9.000000e+01  9.000000e+01  9.000000e+01 
   76   1238  7.440722e+00  8.020579e+00  2.330601e-02  5.895178e-01  4.315949e-01  2.720567e-02  2.515143e-06  9.155857e-01  8.020579e+00  8.020579e+00  9.000000e+01  9.000000e+01  9.000000e+01 
   77   1258  7.436950e+00  8.020568e+00  2.698180e-02  5.991057e-01  4.390248e-01  2.620189e-02  5.352710e-06  9.164070e-01  8.020568e+00  8.020568e+00  9.000000e+01  9.000000e+01  9.000000e+01 
   78   1273  7.439599e+00  8.020562e+00  2.902334e-02  6.024502e-01  4.414442e-01  2.570110e-02  2.868916e-05  9.165363e-01  8.020562e+00  8.020562e+00  9.000000e+01  9.000000e+01  9.000000e+01 
   79   1290  7.439158e+00  8.020562e+00  2.778573e-02  6.001696e-01  4.396817e-01  2.609566e-02  1.459442e-05  9.164018e-01  8.020562e+00  8.020562e+00  9.000000e+01  9.000000e+01  9.000000e+01 
   80   1307  7.439007e+00  8.020565e+00  2.762757e-02  6.008909e-01  4.402261e-01  2.607975e-02  1.022056e-05  9.166009e-01  8.020565e+00  8.020565e+00  9.000000e+01  9.000000e+01  9.000000e+01 
   81   1325  7.439770e+00  8.020562e+00  2.894540e-02  6.012281e-01  4.407585e-01  2.573044e-02  3.193281e-05  9.163256e-01  8.020562e+00  8.020562e+00  9.000000e+01  9.000000e+01  9.000000e+01 
   82   1342  7.437877e+00  8.020568e+00  2.660584e-02  5.985143e-01  4.385815e-01  2.630111e-02  6.411861e-06  9.164263e-01  8.020568e+00  8.020568e+00  9.000000e+01  9.000000e+01  9.000000e+01 
   83   1362  7.439435e+00  8.020562e+00  2.758298e-02  5.997462e-01  4.394488e-01  2.614435e-02  1.404875e-05  9.163782e-01  8.020562e+00  8.020562e+00  9.000000e+01  9.000000e+01  9.000000e+01 
   84   1374  7.437861e+00  8.020565e+00  2.650607e-02  5.981782e-01  4.389104e-01  2.620329e-02  8.654866e-06  9.163028e-01  8.020565e+00  8.020565e+00  9.000000e+01  9.000000e+01  9.000000e+01 
   85   1390  7.440255e+00  8.020563e+00  2.907021e-02  6.018608e-01  4.414881e-01  2.563740e-02  3.573138e-05  9.165089e-01  8.020563e+00  8.020563e+00  9.000000e+01  9.000000e+01  9.000000e+01 
   86   1404  7.442358e+00  8.020566e+00  2.954870e-02  6.016065e-01  4.418239e-01  2.540429e-02  5.863901e-05  9.163321e-01  8.020566e+00  8.020566e+00  9.000000e+01  9.000000e+01  9.000000e+01 
   87   1420  7.437448e+00  8.020572e+00  2.481292e-02  5.954040e-01  4.367090e-01  2.662985e-02  4.385569e-06  9.163265e-01  8.020572e+00  8.020572e+00  9.000000e+01  9.000000e+01  9.000000e+01 
   88   1442  7.439481e+00  8.020562e+00  2.760371e-02  5.996416e-01  4.393604e-01  2.614689e-02  1.478407e-05  9.163516e-01  8.020562e+00  8.020562e+00  9.000000e+01  9.000000e+01  9.000000e+01 
   89   1462  7.438114e+00  8.020564e+00  2.721856e-02  5.984371e-01  4.395621e-01  2.606561e-02  1.822978e-05  9.164677e-01  8.020564e+00  8.020564e+00  9.000000e+01  9.000000e+01  9.000000e+01 
   90   1482  7.438212e+00  8.020568e+00  2.637312e-02  5.982340e-01  4.389381e-01  2.631026e-02  7.122438e-06  9.165684e-01  8.020568e+00  8.020568e+00  9.000000e+01  9.000000e+01  9.000000e+01 
   91   1492  7.439872e+00  8.020554e+00  2.462061e-02  5.961320e-01  4.404405e-01  2.597002e-02  3.933126e-05  9.163465e-01  8.020554e+00  8.020554e+00  9.000000e+01  9.000000e+01  9.000000e+01 
   92   1502  7.438023e+00  8.020564e+00  2.805588e-02  5.978253e-01  4.369268e-01  2.621767e-02  1.332885e-05  9.156767e-01  8.020564e+00  8.020564e+00  9.000000e+01  9.000000e+01  9.000000e+01 
   93   1520  7.439953e+00  8.020564e+00  2.885227e-02  6.017634e-01  4.413426e-01  2.569483e-02  3.176049e-05  9.165173e-01  8.020564e+00  8.020564e+00  9.000000e+01  9.000000e+01  9.000000e+01 
   94   1529  7.441277e+00  8.020561e+00  2.665058e-02  5.965673e-01  4.372714e-01  2.647447e-02  1.832213e-05  9.160585e-01  8.020561e+00  8.020561e+00  9.000000e+01  9.000000e+01  9.000000e+01 
   95   1544  7.439947e+00  8.020562e+00  2.763330e-02  5.999023e-01  4.397950e-01  2.610315e-02  1.729945e-05  9.164395e-01  8.020562e+00  8.020562e+00  9.000000e+01  9.000000e+01  9.000000e+01 
   96   1562  7.437900e+00  8.020567e+00  2.643518e-02  5.980420e-01  4.383463e-01  2.634640e-02  5.072526e-06  9.163974e-01  8.020567e+00  8.020567e+00  9.000000e+01  9.000000e+01  9.000000e+01 
   97   1580  7.439315e+00  8.020562e+00  2.835714e-02  6.003101e-01  4.400224e-01  2.586728e-02  2.573592e-05  9.162325e-01  8.020562e+00  8.020562e+00  9.000000e+01  9.000000e+01  9.000000e+01 
   98   1596  7.437473e+00  8.020567e+00  2.704046e-02  5.990270e-01  4.389578e-01  2.625682e-02  1.235568e-05  9.164411e-01  8.020567e+00  8.020567e+00  9.000000e+01  9.000000e+01  9.000000e+01 
   99   1611  7.442095e+00  8.020554e+00  2.430241e-02  5.978932e-01  4.445992e-01  2.532146e-02  7.401321e-05  9.167903e-01  8.020554e+00  8.020554e+00  9.000000e+01  9.000000e+01  9.000000e+01 
  100   1626  7.449476e+00  8.020559e+00  3.411780e-02  6.069720e-01  4.467252e-01  2.416507e-02  1.291454e-04  9.164473e-01  8.020559e+00  8.020559e+00  9.000000e+01  9.000000e+01  9.000000e+01 
