Cycle Iter Rwp lprm_a Ba_beq Ti_beq O_beq rv r2v phase_scale lprm_b lprm_c lprm_al lprm_be lprm_ga 
    0      8  6.110427e+00  8.038579e+00  2.978050e-01  6.200267e-01  5.359549e-01  3.195497e-02  4.519718e-05  8.761241e-01  8.038579e+00  8.038579e+00  9.000000e+01  9.000000e+01  9.000000e+01 
    1     23  6.106953e+00  8.038593e+00  2.854133e-01  6.207433e-01  5.432642e-01  3.172164e-02  2.150209e-05  8.768292e-01  8.038593e+00  8.038593e+00  9.000000e+01  9.000000e+01  9.000000e+01 
    2     42  6.107255e+00  8.038594e+00  2.855460e-01  6.186370e-01  5.415239e-01  3.187465e-02  2.195420e-05  8.766314e-01  8.038594e+00  8.038594e+00  9.000000e+01  9.000000e+01  9.000000e+01 
    3     59  6.108875e+00  8.038591e+00  2.850715e-01  6.198719e-01  5.429718e-01  3.183738e-02  2.858545e-05  8.768117e-01  8.038591e+00  8.038591e+00  9.000000e+01  9.000000e+01  9.000000e+01 
    4     72  6.109612e+00  8.038590e+00  2.848815e-01  6.193909e-01  5.428655e-01  3.187568e-02  3.055105e-05  8.767995e-01  8.038590e+00  8.038590e+00  9.000000e+01  9.000000e+01  9.000000e+01 
    5     90  6.112960e+00  8.038589e+00  2.911710e-01  6.257198e-01  5.472402e-01  3.041970e-02  1.126749e-04  8.768101e-01  8.038589e+00  8.038589e+00  9.000000e+01  9.000000e+01  9.000000e+01 
    6    106  6.106560e+00  8.038591e+00  2.912805e-01  6.233543e-01  5.426366e-01  3.144594e-02  3.483252e-05  8.767758e-01  8.038591e+00  8.038591e+00  9.000000e+01  9.000000e+01  9.000000e+01 
    7    123  6.128614e+00  8.038578e+00  2.977337e-01  6.343641e-01  5.565321e-01  2.784849e-02  3.026597e-04  8.768968e-01  8.038578e+00  8.038578e+00  9.000000e+01  9.000000e+01  9.000000e+01 
    8    143  6.107073e+00  8.038593e+00  2.882941e-01  6.223435e-01  5.435016e-01  3.149488e-02  3.389420e-05  8.768737e-01  8.038593e+00  8.038593e+00  9.000000e+01  9.000000e+01  9.000000e+01 
    9    158  6.106054e+00  8.038595e+00  2.866252e-01  6.195422e-01  5.411490e-01  3.194467e-02  1.237165e-05  8.766892e-01  8.038595e+00  8.038595e+00  9.000000e+01  9.000000e+01  9.000000e+01 
   10    173  6.109307e+00  8.038590e+00  2.863705e-01  6.195684e-01  5.422041e-01  3.186934e-02  3.179755e-05  8.767350e-01  8.038590e+00  8.038590e+00  9.000000e+01  9.000000e+01  9.000000e+01 
   11    196  6.106274e+00  8.038591e+00  2.869458e-01  6.199068e-01  5.415189e-01  3.185480e-02  1.720579e-05  8.766676e-01  8.038591e+00  8.038591e+00  9.000000e+01  9.000000e+01  9.000000e+01 
   12    210  6.105860e+00  8.038594e+00  2.867546e-01  6.197275e-01  5.412892e-01  3.194579e-02  1.070806e-05  8.767430e-01  8.038594e+00  8.038594e+00  9.000000e+01  9.000000e+01  9.000000e+01 
   13    225  6.108336e+00  8.038592e+00  2.908967e-01  6.223635e-01  5.427357e-01  3.129726e-02  5.436472e-05  8.766731e-01  8.038592e+00  8.038592e+00  9.000000e+01  9.000000e+01  9.000000e+01 
   14    239  6.108696e+00  8.038592e+00  2.885323e-01  6.228133e-01  5.443684e-01  3.123682e-02  5.473474e-05  8.768317e-01  8.038592e+00  8.038592e+00  9.000000e+01  9.000000e+01  9.000000e+01 
   15    253  6.112865e+00  8.038583e+00  2.852595e-01  6.183430e-01  5.429201e-01  3.174234e-02  5.407496e-05  8.766107e-01  8.038583e+00  8.038583e+00  9.000000e+01  9.000000e+01  9.000000e+01 
   16    273  6.106425e+00  8.038590e+00  2.890200e-01  6.215417e-01  5.421047e-01  3.164087e-02  2.717956e-05  8.767022e-01  8.038590e+00  8.038590e+00  9.000000e+01  9.000000e+01  9.000000e+01 
   17    290  6.114435e+00  8.038590e+00  2.914919e-01  6.271551e-01  5.487021e-01  3.011748e-02  1.322280e-04  8.769876e-01  8.038590e+00  8.038590e+00  9.000000e+01  9.000000e+01  9.000000e+01 
   18    309  6.107226e+00  8.038595e+00  2.847509e-01  6.205841e-01  5.436137e-01  3.171247e-02  2.230819e-05  8.768823e-01  8.038595e+00  8.038595e+00  9.000000e+01  9.000000e+01  9.000000e+01 
   19    322  6.111324e+00  8.038592e+00  2.880451e-01  6.250972e-01  5.473664e-01  3.075002e-02  8.441657e-05  8.770361e-01  8.038592e+00  8.038592e+00  9.000000e+01  9.000000e+01  9.000000e+01 
   20    339  6.106304e+00  8.038597e+00  2.845278e-01  6.194694e-01  5.421836e-01  3.198863e-02  7.448978e-06  8.768849e-01  8.038597e+00  8.038597e+00  9.000000e+01  9.000000e+01  9.000000e+01 
   21    350  6.183080e+00  8.038578e+00  3.115469e-01  6.323398e-01  5.556867e-01  2.773646e-02  3.909619e-04  8.757538e-01  8.038578e+00  8.038578e+00  9.000000e+01  9.000000e+01  9.000000e+01 
   22    365  6.106221e+00  8.038592e+00  2.913535e-01  6.224650e-01  5.417046e-01  3.156995e-02  2.990271e-05  8.767193e-01  8.038592e+00  8.038592e+00  9.000000e+01  9.000000e+01  9.000000e+01 
   23    380  6.116177e+00  8.038586e+00  2.932072e-01  6.281851e-01  5.493390e-01  2.983239e-02  1.541618e-04  8.768742e-01  8.038586e+00  8.038586e+00  9.000000e+01  9.000000e+01  9.000000e+01 
   24    395  6.107378e+00  8.038591e+00  2.886636e-01  6.202942e-01  5.416266e-01  3.163280e-02  3.566208e-05  8.765996e-01  8.038591e+00  8.038591e+00  9.000000e+01  9.000000e+01  9.000000e+01 
   25    410  6.106114e+00  8.038595e+00  2.869377e-01  6.196703e-01  5.411957e-01  3.191045e-02  1.441067e-05  8.766778e-01  8.038595e+00  8.038595e+00  9.000000e+01  9.000000e+01  9.000000e+01 
   26    427  6.105967e+00  8.038595e+00  2.867612e-01  6.206246e-01  5.421431e-01  3.184071e-02  1.365483e-05  8.768152e-01  8.038595e+00  8.038595e+00  9.000000e+01  9.000000e+01  9.000000e+01 
   27    444  6.108109e+00  8.038594e+00  2.883074e-01  6.237832e-01  5.449775e-01  3.125338e-02  4.701337e-05  8.769701e-01  8.038594e+00  8.038594e+00  9.000000e+01  9.000000e+01  9.000000e+01 
   28    458  6.105911e+00  8.038589e+00  2.931331e-01  6.224747e-01  5.405656e-01  3.162058e-02  2.762065e-05  8.766142e-01  8.038589e+00  8.038589e+00  9.000000e+01  9.000000e+01  9.000000e+01 
   29    474  6.110702e+00  8.038593e+00  2.893307e-01  6.250533e-01  5.465377e-01  3.079666e-02  8.162713e-05  8.769680e-01  8.038593e+00  8.038593e+00  9.000000e+01  9.000000e+01  9.000000e+01 
   30    487  6.105168e+00  8.038588e+00  2.938569e-01  6.188816e-01  5.357534e-01  3.220973e-02  5.194270e-06  8.761431e-01  8.038588e+00  8.038588e+00  9.000000e+01  9.000000e+01  9.000000e+01 
   31    502  6.109826e+00  8.038589e+00  2.926505e-01  6.247970e-01  5.442596e-01  3.088023e-02  7.972781e-05  8.767148e-01  8.038589e+00  8.038589e+00  9.000000e+01  9.000000e+01  9.000000e+01 
   32    516  6.117529e+00  8.038585e+00  2.929939e-01  6.290576e-01  5.508539e-01  2.962877e-02  1.658019e-04  8.769650e-01  8.038585e+00  8.038585e+00  9.000000e+01  9.000000e+01  9.000000e+01 
   33    531  6.109530e+00  8.038586e+00  2.898383e-01  6.203232e-01  5.413269e-01  3.173775e-02  4.207562e-05  8.765972e-01  8.038586e+00  8.038586e+00  9.000000e+01  9.000000e+01  9.000000e+01 
   34    544  6.105224e+00  8.038595e+00  2.959027e-01  6.197903e-01  5.355975e-01  3.218819e-02  7.449156e-06  8.763976e-01  8.038595e+00  8.038595e+00  9.000000e+01  9.000000e+01  9.000000e+01 
   35    560  6.107499e+00  8.038593e+00  2.884292e-01  6.221591e-01  5.434850e-01  3.144083e-02  3.959914e-05  8.767834e-01  8.038593e+00  8.038593e+00  9.000000e+01  9.000000e+01  9.000000e+01 
   36    575  6.110888e+00  8.038590e+00  2.902763e-01  6.240300e-01  5.455801e-01  3.080056e-02  8.688063e-05  8.767521e-01  8.038590e+00  8.038590e+00  9.000000e+01  9.000000e+01  9.000000e+01 
   37    592  6.114984e+00  8.038590e+00  2.917710e-01  6.275189e-01  5.490515e-01  3.002745e-02  1.381634e-04  8.770013e-01  8.038590e+00  8.038590e+00  9.000000e+01  9.000000e+01  9.000000e+01 
   38    609  6.109159e+00  8.038593e+00  2.873465e-01  6.240212e-01  5.462844e-01  3.110689e-02  5.574594e-05  8.770219e-01  8.038593e+00  8.038593e+00  9.000000e+01  9.000000e+01  9.000000e+01 
   39    623  6.116784e+00  8.038586e+00  2.938410e-01  6.287312e-01  5.497655e-01  2.970698e-02  1.625701e-04  8.768860e-01  8.038586e+00  8.038586e+00  9.000000e+01  9.000000e+01  9.000000e+01 
   40    641  6.108604e+00  8.038591e+00  2.859607e-01  6.199988e-01  5.425907e-01  3.186070e-02  2.703736e-05  8.768090e-01  8.038591e+00  8.038591e+00  9.000000e+01  9.000000e+01  9.000000e+01 
   41    661  6.110374e+00  8.038592e+00  2.890198e-01  6.250128e-01  5.465948e-01  3.085007e-02  7.630388e-05  8.770067e-01  8.038592e+00  8.038592e+00  9.000000e+01  9.000000e+01  9.000000e+01 
   42    681  6.107797e+00  8.038596e+00  2.848568e-01  6.183578e-01  5.410585e-01  3.208083e-02  1.653187e-05  8.767286e-01  8.038596e+00  8.038596e+00  9.000000e+01  9.000000e+01  9.000000e+01 
   43    693  6.105546e+00  8.038591e+00  2.923328e-01  6.186971e-01  5.365899e-01  3.221391e-02  6.390200e-06  8.763256e-01  8.038591e+00  8.038591e+00  9.000000e+01  9.000000e+01  9.000000e+01 
   44    705  6.154200e+00  8.038587e+00  3.060142e-01  6.445077e-01  5.673510e-01  2.411415e-02  6.043979e-04  8.771494e-01  8.038587e+00  8.038587e+00  9.000000e+01  9.000000e+01  9.000000e+01 
   45    718  6.109693e+00  8.038589e+00  2.829027e-01  6.196730e-01  5.451867e-01  3.140207e-02  5.257817e-05  8.767881e-01  8.038589e+00  8.038589e+00  9.000000e+01  9.000000e+01  9.000000e+01 
   46    735  6.109867e+00  8.038593e+00  2.889085e-01  6.246125e-01  5.460579e-01  3.094954e-02  7.010888e-05  8.769545e-01  8.038593e+00  8.038593e+00  9.000000e+01  9.000000e+01  9.000000e+01 
   47    747  6.108779e+00  8.038590e+00  2.918459e-01  6.250546e-01  5.449131e-01  3.099759e-02  6.340816e-05  8.768769e-01  8.038590e+00  8.038590e+00  9.000000e+01  9.000000e+01  9.000000e+01 
   48    764  6.114440e+00  8.038586e+00  2.931767e-01  6.274866e-01  5.481745e-01  3.009461e-02  1.342433e-04  8.768429e-01  8.038586e+00  8.038586e+00  9.000000e+01  9.000000e+01  9.000000e+01 
   49    780  6.105737e+00  8.038596e+00  2.866634e-01  6.208402e-01  5.422601e-01  3.187052e-02  1.022095e-05  8.768890e-01  8.038596e+00  8.038596e+00  9.000000e+01  9.000000e+01  9.000000e+01 
   50    791  6.133480e+00  8.038595e+00  2.775045e-01  6.278798e-01  5.626727e-01  2.799690e-02  3.079221e-04  8.773539e-01  8.038595e+00  8.038595e+00  9.000000e+01  9.000000e+01  9.000000e+01 
   51    808  6.114124e+00  8.038588e+00  2.937664e-01  6.273420e-01  5.474133e-01  3.012403e-02  1.343991e-04  8.768500e-01  8.038588e+00  8.038588e+00  9.000000e+01  9.000000e+01  9.000000e+01 
   52    821  6.116247e+00  8.038585e+00  2.953366e-01  6.283197e-01  5.484290e-01  2.974486e-02  1.636364e-04  8.767593e-01  8.038585e+00  8.038585e+00  9.000000e+01  9.000000e+01  9.000000e+01 
   53    836  6.105335e+00  8.038595e+00  2.901443e-01  6.192144e-01  5.385616e-01  3.211575e-02  5.914218e-06  8.765575e-01  8.038595e+00  8.038595e+00  9.000000e+01  9.000000e+01  9.000000e+01 
   54    857  6.106269e+00  8.038595e+00  2.862321e-01  6.204118e-01  5.423908e-01  3.183191e-02  1.507076e-05  8.768465e-01  8.038595e+00  8.038595e+00  9.000000e+01  9.000000e+01  9.000000e+01 
   55    874  6.106454e+00  8.038593e+00  2.863669e-01  6.200188e-01  5.420843e-01  3.182546e-02  1.767270e-05  8.767442e-01  8.038593e+00  8.038593e+00  9.000000e+01  9.000000e+01  9.000000e+01 
   56    889  6.121676e+00  8.038584e+00  2.972029e-01  6.316110e-01  5.535071e-01  2.868966e-02  2.269463e-04  8.768468e-01  8.038584e+00  8.038584e+00  9.000000e+01  9.000000e+01  9.000000e+01 
   57    906  6.106637e+00  8.038597e+00  2.841963e-01  6.178978e-01  5.406971e-01  3.216030e-02  5.668414e-06  8.767038e-01  8.038597e+00  8.038597e+00  9.000000e+01  9.000000e+01  9.000000e+01 
   58    924  6.105796e+00  8.038594e+00  2.872326e-01  6.206270e-01  5.419864e-01  3.184948e-02  1.284023e-05  8.768367e-01  8.038594e+00  8.038594e+00  9.000000e+01  9.000000e+01  9.000000e+01 
   59    936  6.107110e+00  8.038595e+00  2.865770e-01  6.201148e-01  5.420296e-01  3.175004e-02  2.613949e-05  8.766685e-01  8.038595e+00  8.038595e+00  9.000000e+01  9.000000e+01  9.000000e+01 
   60    948  6.105948e+00  8.038590e+00  2.965342e-01  6.185744e-01  5.339651e-01  3.229249e-02  9.376367e-06  8.761145e-01  8.038590e+00  8.038590e+00  9.000000e+01  9.000000e+01  9.000000e+01 
   61    960  6.106937e+00  8.038592e+00  2.931539e-01  6.166338e-01  5.338619e-01  3.246380e-02  7.115306e-06  8.760590e-01  8.038592e+00  8.038592e+00  9.000000e+01  9.000000e+01  9.000000e+01 
   62    969  6.114452e+00  8.038600e+00  2.831418e-01  6.088369e-01  5.318354e-01  3.320910e-02  6.861899e-06  8.759311e-01  8.038600e+00  8.038600e+00  9.000000e+01  9.000000e+01  9.000000e+01 
   63    985  6.107333e+00  8.038595e+00  2.862393e-01  6.203399e-01  5.423263e-01  3.187936e-02  2.004140e-05  8.768434e-01  8.038595e+00  8.038595e+00  9.000000e+01  9.000000e+01  9.000000e+01 
   64   1001  6.107490e+00  8.038594e+00  2.852399e-01  6.180939e-01  5.412584e-01  3.190756e-02  2.247734e-05  8.765921e-01  8.038594e+00  8.038594e+00  9.000000e+01  9.000000e+01  9.000000e+01 
   65   1013  6.152857e+00  8.038589e+00  2.943125e-01  6.409090e-01  5.698316e-01  2.476403e-02  5.512260e-04  8.774678e-01  8.038589e+00  8.038589e+00  9.000000e+01  9.000000e+01  9.000000e+01 
   66   1027  6.107503e+00  8.038596e+00  2.853823e-01  6.205397e-01  5.433510e-01  3.166774e-02  2.763364e-05  8.768205e-01  8.038596e+00  8.038596e+00  9.000000e+01  9.000000e+01  9.000000e+01 
   67   1044  6.106114e+00  8.038594e+00  2.881155e-01  6.224285e-01  5.433239e-01  3.162014e-02  2.153451e-05  8.769297e-01  8.038594e+00  8.038594e+00  9.000000e+01  9.000000e+01  9.000000e+01 
   68   1058  6.142167e+00  8.038590e+00  2.980780e-01  6.375494e-01  5.622585e-01  2.604678e-02  4.586020e-04  8.771336e-01  8.038590e+00  8.038590e+00  9.000000e+01  9.000000e+01  9.000000e+01 
   69   1076  6.113362e+00  8.038588e+00  2.933914e-01  6.272470e-01  5.474027e-01  3.022550e-02  1.237718e-04  8.768945e-01  8.038588e+00  8.038588e+00  9.000000e+01  9.000000e+01  9.000000e+01 
   70   1095  6.109561e+00  8.038593e+00  2.860339e-01  6.238266e-01  5.467625e-01  3.111180e-02  5.590106e-05  8.770503e-01  8.038593e+00  8.038593e+00  9.000000e+01  9.000000e+01  9.000000e+01 
   71   1114  6.106377e+00  8.038596e+00  2.859518e-01  6.206404e-01  5.427317e-01  3.180808e-02  1.557615e-05  8.768850e-01  8.038596e+00  8.038596e+00  9.000000e+01  9.000000e+01  9.000000e+01 
   72   1122  6.115612e+00  8.038600e+00  2.867212e-01  6.110590e-01  5.324506e-01  3.294492e-02  2.493576e-05  8.759416e-01  8.038600e+00  8.038600e+00  9.000000e+01  9.000000e+01  9.000000e+01 
   73   1133  6.108479e+00  8.038582e+00  3.100680e-01  6.181566e-01  5.246170e-01  3.268172e-02  4.241010e-06  8.753143e-01  8.038582e+00  8.038582e+00  9.000000e+01  9.000000e+01  9.000000e+01 
   74   1149  6.107325e+00  8.038591e+00  2.861799e-01  6.203680e-01  5.423554e-01  3.189779e-02  1.863572e-05  8.768201e-01  8.038591e+00  8.038591e+00  9.000000e+01  9.000000e+01  9.000000e+01 
   75   1164  6.117693e+00  8.038590e+00  2.906507e-01  6.284890e-01  5.513658e-01  2.963850e-02  1.664088e-04  8.771151e-01  8.038590e+00  8.038590e+00  9.000000e+01  9.000000e+01  9.000000e+01 
   76   1177  6.164389e+00  8.038584e+00  3.098762e-01  6.486815e-01  5.716867e-01  2.270081e-02  7.137084e-04  8.771599e-01  8.038584e+00  8.038584e+00  9.000000e+01  9.000000e+01  9.000000e+01 
   77   1192  6.109749e+00  8.038589e+00  2.866986e-01  6.199913e-01  5.426831e-01  3.175628e-02  3.885611e-05  8.767362e-01  8.038589e+00  8.038589e+00  9.000000e+01  9.000000e+01  9.000000e+01 
   78   1201  6.109764e+00  8.038583e+00  2.960871e-01  6.178585e-01  5.339492e-01  3.232191e-02  2.775753e-05  8.760104e-01  8.038583e+00  8.038583e+00  9.000000e+01  9.000000e+01  9.000000e+01 
   79   1214  6.164667e+00  8.038587e+00  3.100598e-01  6.483730e-01  5.709810e-01  2.269982e-02  7.203915e-04  8.770876e-01  8.038587e+00  8.038587e+00  9.000000e+01  9.000000e+01  9.000000e+01 
   80   1226  6.106979e+00  8.038590e+00  2.907841e-01  6.161928e-01  5.350225e-01  3.243532e-02  6.783427e-06  8.761227e-01  8.038590e+00  8.038590e+00  9.000000e+01  9.000000e+01  9.000000e+01 
   81   1235  6.113990e+00  8.038598e+00  2.833011e-01  6.087197e-01  5.314087e-01  3.327628e-02  1.481657e-06  8.759170e-01  8.038598e+00  8.038598e+00  9.000000e+01  9.000000e+01  9.000000e+01 
   82   1254  6.107556e+00  8.038593e+00  2.857607e-01  6.196887e-01  5.426414e-01  3.174575e-02  2.724905e-05  8.768217e-01  8.038593e+00  8.038593e+00  9.000000e+01  9.000000e+01  9.000000e+01 
   83   1265  6.157271e+00  8.038580e+00  3.195360e-01  6.485032e-01  5.641610e-01  2.348032e-02  6.532130e-04  8.767651e-01  8.038580e+00  8.038580e+00  9.000000e+01  9.000000e+01  9.000000e+01 
   84   1273  6.116321e+00  8.038569e+00  2.930489e-01  6.242548e-01  5.455442e-01  3.009006e-02  1.578477e-04  8.761627e-01  8.038569e+00  8.038569e+00  9.000000e+01  9.000000e+01  9.000000e+01 
   85   1286  6.155877e+00  8.038588e+00  3.060630e-01  6.443234e-01  5.672013e-01  2.395252e-02  6.252355e-04  8.770288e-01  8.038588e+00  8.038588e+00  9.000000e+01  9.000000e+01  9.000000e+01 
   86   1301  6.115355e+00  8.038592e+00  2.891735e-01  6.268566e-01  5.496022e-01  3.009484e-02  1.356831e-04  8.770476e-01  8.038592e+00  8.038592e+00  9.000000e+01  9.000000e+01  9.000000e+01 
   87   1318  6.114663e+00  8.038588e+00  2.942319e-01  6.279357e-01  5.479661e-01  2.999656e-02  1.419849e-04  8.768833e-01  8.038588e+00  8.038588e+00  9.000000e+01  9.000000e+01  9.000000e+01 
   88   1334  6.106163e+00  8.038594e+00  2.876710e-01  6.208389e-01  5.419965e-01  3.176668e-02  1.946297e-05  8.767404e-01  8.038594e+00  8.038594e+00  9.000000e+01  9.000000e+01  9.000000e+01 
   89   1351  6.107008e+00  8.038594e+00  2.868741e-01  6.212090e-01  5.430482e-01  3.163641e-02  2.765231e-05  8.768028e-01  8.038594e+00  8.038594e+00  9.000000e+01  9.000000e+01  9.000000e+01 
   90   1363  6.106252e+00  8.038587e+00  2.993023e-01  6.178015e-01  5.312520e-01  3.244182e-02  5.684065e-06  8.757919e-01  8.038587e+00  8.038587e+00  9.000000e+01  9.000000e+01  9.000000e+01 
   91   1381  6.105759e+00  8.038594e+00  2.871782e-01  6.196686e-01  5.409758e-01  3.195939e-02  1.050745e-05  8.767129e-01  8.038594e+00  8.038594e+00  9.000000e+01  9.000000e+01  9.000000e+01 
   92   1397  6.107150e+00  8.038595e+00  2.862154e-01  6.204818e-01  5.423860e-01  3.189570e-02  1.769593e-05  8.768712e-01  8.038595e+00  8.038595e+00  9.000000e+01  9.000000e+01  9.000000e+01 
   93   1412  6.118177e+00  8.038590e+00  2.927975e-01  6.288710e-01  5.507383e-01  2.953046e-02  1.768607e-04  8.770232e-01  8.038590e+00  8.038590e+00  9.000000e+01  9.000000e+01  9.000000e+01 
   94   1425  6.111806e+00  8.038585e+00  2.870539e-01  6.197349e-01  5.429242e-01  3.169270e-02  5.074719e-05  8.766747e-01  8.038585e+00  8.038585e+00  9.000000e+01  9.000000e+01  9.000000e+01 
   95   1439  6.114771e+00  8.038585e+00  2.941018e-01  6.279524e-01  5.484269e-01  2.998835e-02  1.406444e-04  8.768374e-01  8.038585e+00  8.038585e+00  9.000000e+01  9.000000e+01  9.000000e+01 
   96   1455  6.113275e+00  8.038587e+00  2.921515e-01  6.268999e-01  5.478542e-01  3.030562e-02  1.166678e-04  8.768796e-01  8.038587e+00  8.038587e+00  9.000000e+01  9.000000e+01  9.000000e+01 
   97   1471  6.108076e+00  8.038596e+00  2.845091e-01  6.195169e-01  5.429194e-01  3.181619e-02  2.585755e-05  8.768618e-01  8.038596e+00  8.038596e+00  9.000000e+01  9.000000e+01  9.000000e+01 
   98   1486  6.125305e+00  8.038559e+00  2.916706e-01  6.179701e-01  5.437936e-01  3.105274e-02  1.323860e-04  8.761014e-01  8.038559e+00  8.038559e+00  9.000000e+01  9.000000e+01  9.000000e+01 
   99   1502  6.106891e+00  8.038596e+00  2.854434e-01  6.209329e-01  5.431997e-01  3.184183e-02  1.557242e-05  8.769639e-01  8.038596e+00  8.038596e+00  9.000000e+01  9.000000e+01  9.000000e+01 
  100   1516  6.110269e+00  8.038591e+00  2.868209e-01  6.222302e-01  5.453424e-01  3.111751e-02  6.720639e-05  8.768476e-01  8.038591e+00  8.038591e+00  9.000000e+01  9.000000e+01  9.000000e+01 
