Cycle Iter Rwp lprm_a Ba_beq Ti_beq O_beq rv r2v phase_scale lprm_b lprm_c lprm_al lprm_be lprm_ga 
    0     11  6.263253e+00  8.029083e+00  1.850974e-01  5.824089e-01  4.739396e-01  2.825584e-02  9.627799e-06  8.772338e-01  8.029083e+00  8.029083e+00  9.000000e+01  9.000000e+01  9.000000e+01 
    1     25  6.263700e+00  8.029078e+00  1.834028e-01  5.825875e-01  4.754290e-01  2.812427e-02  1.645048e-05  8.772607e-01  8.029078e+00  8.029078e+00  9.000000e+01  9.000000e+01  9.000000e+01 
    2     46  6.264433e+00  8.029079e+00  1.835043e-01  5.836625e-01  4.766275e-01  2.793516e-02  2.631982e-05  8.773674e-01  8.029079e+00  8.029079e+00  9.000000e+01  9.000000e+01  9.000000e+01 
    3     59  6.272045e+00  8.029075e+00  1.885230e-01  5.888928e-01  4.814945e-01  2.651334e-02  1.241582e-04  8.774113e-01  8.029075e+00  8.029075e+00  9.000000e+01  9.000000e+01  9.000000e+01 
    4     77  6.263196e+00  8.029081e+00  1.822158e-01  5.817595e-01  4.750451e-01  2.829722e-02  6.999433e-06  8.773380e-01  8.029081e+00  8.029081e+00  9.000000e+01  9.000000e+01  9.000000e+01 
    5     96  6.266417e+00  8.029075e+00  1.824001e-01  5.810456e-01  4.752553e-01  2.822774e-02  2.930747e-05  8.772206e-01  8.029075e+00  8.029075e+00  9.000000e+01  9.000000e+01  9.000000e+01 
    6    107  6.263743e+00  8.029082e+00  1.849275e-01  5.792068e-01  4.707365e-01  2.860905e-02  5.963603e-06  8.768207e-01  8.029082e+00  8.029082e+00  9.000000e+01  9.000000e+01  9.000000e+01 
    7    122  6.266584e+00  8.029079e+00  1.818797e-01  5.803834e-01  4.746219e-01  2.839312e-02  2.287974e-05  8.772365e-01  8.029079e+00  8.029079e+00  9.000000e+01  9.000000e+01  9.000000e+01 
    8    135  6.261016e+00  8.029080e+00  1.779411e-01  5.809864e-01  4.775197e-01  2.825170e-02  1.006790e-05  8.776788e-01  8.029080e+00  8.029080e+00  9.000000e+01  9.000000e+01  9.000000e+01 
    9    146  6.278981e+00  8.029067e+00  1.863195e-01  5.805896e-01  4.763873e-01  2.775283e-02  9.106389e-05  8.768514e-01  8.029067e+00  8.029067e+00  9.000000e+01  9.000000e+01  9.000000e+01 
   10    156  6.266488e+00  8.029084e+00  1.791487e-01  5.727583e-01  4.675772e-01  2.929668e-02  5.038912e-06  8.766430e-01  8.029084e+00  8.029084e+00  9.000000e+01  9.000000e+01  9.000000e+01 
   11    171  6.279854e+00  8.029078e+00  1.897672e-01  5.931381e-01  4.866536e-01  2.536550e-02  2.060759e-04  8.777303e-01  8.029078e+00  8.029078e+00  9.000000e+01  9.000000e+01  9.000000e+01 
   12    191  6.261374e+00  8.029085e+00  1.794857e-01  5.799458e-01  4.743776e-01  2.861529e-02  3.067525e-06  8.774452e-01  8.029085e+00  8.029085e+00  9.000000e+01  9.000000e+01  9.000000e+01 
   13    205  6.264637e+00  8.029077e+00  1.838490e-01  5.835071e-01  4.765729e-01  2.789978e-02  2.944428e-05  8.773146e-01  8.029077e+00  8.029077e+00  9.000000e+01  9.000000e+01  9.000000e+01 
   14    222  6.264005e+00  8.029081e+00  1.830706e-01  5.823788e-01  4.757548e-01  2.809742e-02  1.896293e-05  8.773421e-01  8.029081e+00  8.029081e+00  9.000000e+01  9.000000e+01  9.000000e+01 
   15    235  6.277312e+00  8.029074e+00  1.900857e-01  5.905375e-01  4.843032e-01  2.586154e-02  1.675399e-04  8.774544e-01  8.029074e+00  8.029074e+00  9.000000e+01  9.000000e+01  9.000000e+01 
   16    249  6.264682e+00  8.029078e+00  1.820042e-01  5.824062e-01  4.760617e-01  2.822806e-02  1.701268e-05  8.774118e-01  8.029078e+00  8.029078e+00  9.000000e+01  9.000000e+01  9.000000e+01 
   17    265  6.263917e+00  8.029080e+00  1.835214e-01  5.844836e-01  4.771309e-01  2.794873e-02  1.984262e-05  8.775175e-01  8.029080e+00  8.029080e+00  9.000000e+01  9.000000e+01  9.000000e+01 
   18    287  6.262177e+00  8.029084e+00  1.794481e-01  5.782625e-01  4.728949e-01  2.875839e-02  3.987804e-06  8.772528e-01  8.029084e+00  8.029084e+00  9.000000e+01  9.000000e+01  9.000000e+01 
   19    302  6.269474e+00  8.029073e+00  1.839241e-01  5.821172e-01  4.762333e-01  2.805462e-02  4.524480e-05  8.772666e-01  8.029073e+00  8.029073e+00  9.000000e+01  9.000000e+01  9.000000e+01 
   20    315  6.270688e+00  8.029074e+00  1.886044e-01  5.877684e-01  4.792983e-01  2.695166e-02  9.429455e-05  8.773269e-01  8.029074e+00  8.029074e+00  9.000000e+01  9.000000e+01  9.000000e+01 
   21    331  6.282393e+00  8.029074e+00  1.910356e-01  5.931092e-01  4.864574e-01  2.516378e-02  2.265372e-04  8.775994e-01  8.029074e+00  8.029074e+00  9.000000e+01  9.000000e+01  9.000000e+01 
   22    343  6.270908e+00  8.029079e+00  1.864863e-01  5.879925e-01  4.810717e-01  2.680441e-02  1.043150e-04  8.775041e-01  8.029079e+00  8.029079e+00  9.000000e+01  9.000000e+01  9.000000e+01 
   23    360  6.264137e+00  8.029079e+00  1.828795e-01  5.829979e-01  4.763666e-01  2.802150e-02  2.146833e-05  8.773345e-01  8.029079e+00  8.029079e+00  9.000000e+01  9.000000e+01  9.000000e+01 
   24    378  6.266756e+00  8.029078e+00  1.847221e-01  5.855315e-01  4.785446e-01  2.747734e-02  5.646167e-05  8.774190e-01  8.029078e+00  8.029078e+00  9.000000e+01  9.000000e+01  9.000000e+01 
   25    392  6.274589e+00  8.029063e+00  1.855695e-01  5.817553e-01  4.770908e-01  2.778265e-02  7.481191e-05  8.770697e-01  8.029063e+00  8.029063e+00  9.000000e+01  9.000000e+01  9.000000e+01 
   26    405  6.270276e+00  8.029074e+00  1.886872e-01  5.876520e-01  4.790260e-01  2.700629e-02  9.001778e-05  8.773175e-01  8.029074e+00  8.029074e+00  9.000000e+01  9.000000e+01  9.000000e+01 
   27    421  6.264630e+00  8.029079e+00  1.822812e-01  5.828474e-01  4.763732e-01  2.817116e-02  1.805301e-05  8.774530e-01  8.029079e+00  8.029079e+00  9.000000e+01  9.000000e+01  9.000000e+01 
   28    437  6.265627e+00  8.029077e+00  1.840415e-01  5.834273e-01  4.769036e-01  2.777222e-02  4.145971e-05  8.773272e-01  8.029077e+00  8.029077e+00  9.000000e+01  9.000000e+01  9.000000e+01 
   29    455  6.264807e+00  8.029078e+00  1.820548e-01  5.827409e-01  4.764981e-01  2.816219e-02  1.968105e-05  8.774478e-01  8.029078e+00  8.029078e+00  9.000000e+01  9.000000e+01  9.000000e+01 
   30    472  6.266087e+00  8.029081e+00  1.827069e-01  5.807561e-01  4.744742e-01  2.832693e-02  2.432780e-05  8.772185e-01  8.029081e+00  8.029081e+00  9.000000e+01  9.000000e+01  9.000000e+01 
   31    492  6.261159e+00  8.029085e+00  1.790835e-01  5.794075e-01  4.745090e-01  2.856934e-02  4.160722e-06  8.774278e-01  8.029085e+00  8.029085e+00  9.000000e+01  9.000000e+01  9.000000e+01 
   32    505  6.265738e+00  8.029076e+00  1.827948e-01  5.821719e-01  4.759052e-01  2.818983e-02  2.421025e-05  8.773569e-01  8.029076e+00  8.029076e+00  9.000000e+01  9.000000e+01  9.000000e+01 
   33    525  6.262752e+00  8.029081e+00  1.804813e-01  5.809279e-01  4.750062e-01  2.851988e-02  5.787561e-06  8.774249e-01  8.029081e+00  8.029081e+00  9.000000e+01  9.000000e+01  9.000000e+01 
   34    545  6.261382e+00  8.029084e+00  1.796457e-01  5.796515e-01  4.741414e-01  2.861970e-02  3.910379e-06  8.773938e-01  8.029084e+00  8.029084e+00  9.000000e+01  9.000000e+01  9.000000e+01 
   35    563  6.263806e+00  8.029079e+00  1.835475e-01  5.831939e-01  4.759233e-01  2.805977e-02  1.847334e-05  8.773303e-01  8.029079e+00  8.029079e+00  9.000000e+01  9.000000e+01  9.000000e+01 
   36    578  6.265544e+00  8.029080e+00  1.848875e-01  5.846920e-01  4.772683e-01  2.769292e-02  4.282814e-05  8.773833e-01  8.029080e+00  8.029080e+00  9.000000e+01  9.000000e+01  9.000000e+01 
   37    593  6.263983e+00  8.029078e+00  1.831621e-01  5.815732e-01  4.750084e-01  2.815497e-02  1.840287e-05  8.771787e-01  8.029078e+00  8.029078e+00  9.000000e+01  9.000000e+01  9.000000e+01 
   38    608  6.279107e+00  8.029058e+00  1.858993e-01  5.812125e-01  4.772348e-01  2.763750e-02  9.763161e-05  8.768647e-01  8.029058e+00  8.029058e+00  9.000000e+01  9.000000e+01  9.000000e+01 
   39    624  6.268543e+00  8.029076e+00  1.832733e-01  5.823600e-01  4.768876e-01  2.801882e-02  4.197966e-05  8.773337e-01  8.029076e+00  8.029076e+00  9.000000e+01  9.000000e+01  9.000000e+01 
   40    633  6.296884e+00  8.029054e+00  1.889446e-01  5.839844e-01  4.822443e-01  2.661098e-02  1.803565e-04  8.768011e-01  8.029054e+00  8.029054e+00  9.000000e+01  9.000000e+01  9.000000e+01 
   41    649  6.264929e+00  8.029084e+00  1.838005e-01  5.821217e-01  4.753448e-01  2.800033e-02  3.117644e-05  8.772068e-01  8.029084e+00  8.029084e+00  9.000000e+01  9.000000e+01  9.000000e+01 
   42    668  6.263707e+00  8.029081e+00  1.828799e-01  5.827597e-01  4.760009e-01  2.810845e-02  1.566326e-05  8.773919e-01  8.029081e+00  8.029081e+00  9.000000e+01  9.000000e+01  9.000000e+01 
   43    683  6.268086e+00  8.029079e+00  1.839968e-01  5.866888e-01  4.802219e-01  2.724818e-02  7.025071e-05  8.775930e-01  8.029079e+00  8.029079e+00  9.000000e+01  9.000000e+01  9.000000e+01 
   44    694  6.268469e+00  8.029083e+00  1.830322e-01  5.747036e-01  4.676185e-01  2.914555e-02  6.125665e-06  8.766473e-01  8.029083e+00  8.029083e+00  9.000000e+01  9.000000e+01  9.000000e+01 
   45    711  6.276167e+00  8.029073e+00  1.886502e-01  5.908523e-01  4.844787e-01  2.595788e-02  1.635367e-04  8.775325e-01  8.029073e+00  8.029073e+00  9.000000e+01  9.000000e+01  9.000000e+01 
   46    731  6.263229e+00  8.029076e+00  1.803683e-01  5.803789e-01  4.751184e-01  2.851418e-02  1.390888e-05  8.773229e-01  8.029076e+00  8.029076e+00  9.000000e+01  9.000000e+01  9.000000e+01 
   47    743  6.272747e+00  8.029067e+00  1.853499e-01  5.820564e-01  4.765800e-01  2.789913e-02  6.367907e-05  8.771461e-01  8.029067e+00  8.029067e+00  9.000000e+01  9.000000e+01  9.000000e+01 
   48    761  6.263361e+00  8.029074e+00  1.796937e-01  5.789514e-01  4.745054e-01  2.859772e-02  1.233409e-05  8.772510e-01  8.029074e+00  8.029074e+00  9.000000e+01  9.000000e+01  9.000000e+01 
   49    776  6.272644e+00  8.029075e+00  1.887897e-01  5.888399e-01  4.807961e-01  2.664072e-02  1.159555e-04  8.774104e-01  8.029075e+00  8.029075e+00  9.000000e+01  9.000000e+01  9.000000e+01 
   50    791  6.271128e+00  8.029076e+00  1.834711e-01  5.875175e-01  4.825312e-01  2.673592e-02  1.117173e-04  8.775799e-01  8.029076e+00  8.029076e+00  9.000000e+01  9.000000e+01  9.000000e+01 
   51    807  6.275268e+00  8.029063e+00  1.855701e-01  5.813437e-01  4.768342e-01  2.784098e-02  7.346931e-05  8.770507e-01  8.029063e+00  8.029063e+00  9.000000e+01  9.000000e+01  9.000000e+01 
   52    823  6.263862e+00  8.029081e+00  1.850391e-01  5.834303e-01  4.754553e-01  2.800328e-02  2.247898e-05  8.772592e-01  8.029081e+00  8.029081e+00  9.000000e+01  9.000000e+01  9.000000e+01 
   53    838  6.264000e+00  8.029078e+00  1.837217e-01  5.830938e-01  4.759798e-01  2.802259e-02  2.143420e-05  8.773079e-01  8.029078e+00  8.029078e+00  9.000000e+01  9.000000e+01  9.000000e+01 
   54    856  6.263778e+00  8.029081e+00  1.814067e-01  5.811691e-01  4.748894e-01  2.839885e-02  1.079251e-05  8.773483e-01  8.029081e+00  8.029081e+00  9.000000e+01  9.000000e+01  9.000000e+01 
   55    871  6.264818e+00  8.029081e+00  1.833148e-01  5.837839e-01  4.769917e-01  2.787841e-02  3.048980e-05  8.773981e-01  8.029081e+00  8.029081e+00  9.000000e+01  9.000000e+01  9.000000e+01 
   56    893  6.264190e+00  8.029081e+00  1.822868e-01  5.828248e-01  4.761708e-01  2.819523e-02  1.495034e-05  8.774648e-01  8.029081e+00  8.029081e+00  9.000000e+01  9.000000e+01  9.000000e+01 
   57    911  6.264076e+00  8.029081e+00  1.820871e-01  5.824700e-01  4.758530e-01  2.823801e-02  1.352956e-05  8.774330e-01  8.029081e+00  8.029081e+00  9.000000e+01  9.000000e+01  9.000000e+01 
   58    933  6.263222e+00  8.029081e+00  1.823177e-01  5.827446e-01  4.759522e-01  2.819467e-02  8.851410e-06  8.774456e-01  8.029081e+00  8.029081e+00  9.000000e+01  9.000000e+01  9.000000e+01 
   59    947  6.271787e+00  8.029072e+00  1.822719e-01  5.782374e-01  4.747465e-01  2.822533e-02  5.402619e-05  8.769213e-01  8.029072e+00  8.029072e+00  9.000000e+01  9.000000e+01  9.000000e+01 
   60    965  6.261105e+00  8.029083e+00  1.794749e-01  5.813253e-01  4.760001e-01  2.840613e-02  7.081955e-06  8.775395e-01  8.029083e+00  8.029083e+00  9.000000e+01  9.000000e+01  9.000000e+01 
   61    983  6.263641e+00  8.029081e+00  1.825389e-01  5.824046e-01  4.758183e-01  2.815061e-02  1.411615e-05  8.773598e-01  8.029081e+00  8.029081e+00  9.000000e+01  9.000000e+01  9.000000e+01 
   62   1001  6.263462e+00  8.029079e+00  1.801159e-01  5.786681e-01  4.733173e-01  2.873498e-02  8.273682e-06  8.772073e-01  8.029079e+00  8.029079e+00  9.000000e+01  9.000000e+01  9.000000e+01 
   63   1018  6.263101e+00  8.029082e+00  1.824354e-01  5.830044e-01  4.760145e-01  2.819619e-02  7.583142e-06  8.774759e-01  8.029082e+00  8.029082e+00  9.000000e+01  9.000000e+01  9.000000e+01 
   64   1035  6.263683e+00  8.029080e+00  1.841439e-01  5.825743e-01  4.750707e-01  2.811461e-02  1.818265e-05  8.772452e-01  8.029080e+00  8.029080e+00  9.000000e+01  9.000000e+01  9.000000e+01 
   65   1054  6.263816e+00  8.029082e+00  1.828721e-01  5.830024e-01  4.761820e-01  2.808043e-02  1.714136e-05  8.774083e-01  8.029082e+00  8.029082e+00  9.000000e+01  9.000000e+01  9.000000e+01 
   66   1072  6.263145e+00  8.029082e+00  1.822039e-01  5.822620e-01  4.755669e-01  2.825411e-02  7.006755e-06  8.774348e-01  8.029082e+00  8.029082e+00  9.000000e+01  9.000000e+01  9.000000e+01 
   67   1089  6.266257e+00  8.029082e+00  1.852808e-01  5.862980e-01  4.788147e-01  2.748286e-02  5.047103e-05  8.775512e-01  8.029082e+00  8.029082e+00  9.000000e+01  9.000000e+01  9.000000e+01 
   68   1104  6.263387e+00  8.029081e+00  1.815910e-01  5.833178e-01  4.771130e-01  2.804525e-02  1.771737e-05  8.774662e-01  8.029081e+00  8.029081e+00  9.000000e+01  9.000000e+01  9.000000e+01 
   69   1124  6.263460e+00  8.029081e+00  1.830817e-01  5.808923e-01  4.739829e-01  2.833248e-02  9.749313e-06  8.771877e-01  8.029081e+00  8.029081e+00  9.000000e+01  9.000000e+01  9.000000e+01 
   70   1139  6.263199e+00  8.029077e+00  1.796501e-01  5.789769e-01  4.741718e-01  2.866373e-02  8.674533e-06  8.772716e-01  8.029077e+00  8.029077e+00  9.000000e+01  9.000000e+01  9.000000e+01 
   71   1151  6.272590e+00  8.029068e+00  1.848454e-01  5.818978e-01  4.766535e-01  2.792828e-02  6.093620e-05  8.771708e-01  8.029068e+00  8.029068e+00  9.000000e+01  9.000000e+01  9.000000e+01 
   72   1172  6.263349e+00  8.029080e+00  1.837953e-01  5.830284e-01  4.755073e-01  2.813455e-02  1.334387e-05  8.773426e-01  8.029080e+00  8.029080e+00  9.000000e+01  9.000000e+01  9.000000e+01 
   73   1186  6.270082e+00  8.029078e+00  1.873691e-01  5.882408e-01  4.807717e-01  2.688434e-02  9.488894e-05  8.774929e-01  8.029078e+00  8.029078e+00  9.000000e+01  9.000000e+01  9.000000e+01 
   74   1202  6.260064e+00  8.029082e+00  1.800039e-01  5.822079e-01  4.767298e-01  2.823269e-02  9.347032e-06  8.775143e-01  8.029082e+00  8.029082e+00  9.000000e+01  9.000000e+01  9.000000e+01 
   75   1211  6.284520e+00  8.029072e+00  1.899943e-01  5.803718e-01  4.742535e-01  2.783923e-02  9.949420e-05  8.766996e-01  8.029072e+00  8.029072e+00  9.000000e+01  9.000000e+01  9.000000e+01 
   76   1229  6.265814e+00  8.029080e+00  1.841607e-01  5.857850e-01  4.785223e-01  2.760319e-02  4.378089e-05  8.775385e-01  8.029080e+00  8.029080e+00  9.000000e+01  9.000000e+01  9.000000e+01 
   77   1248  6.265757e+00  8.029076e+00  1.810414e-01  5.790358e-01  4.739157e-01  2.862587e-02  2.015984e-05  8.771667e-01  8.029076e+00  8.029076e+00  9.000000e+01  9.000000e+01  9.000000e+01 
   78   1264  6.264795e+00  8.029078e+00  1.826788e-01  5.827152e-01  4.761461e-01  2.814007e-02  2.135389e-05  8.773795e-01  8.029078e+00  8.029078e+00  9.000000e+01  9.000000e+01  9.000000e+01 
   79   1280  6.263965e+00  8.029080e+00  1.838271e-01  5.832212e-01  4.759308e-01  2.802736e-02  2.121684e-05  8.773362e-01  8.029080e+00  8.029080e+00  9.000000e+01  9.000000e+01  9.000000e+01 
   80   1302  6.270882e+00  8.029077e+00  1.868789e-01  5.883486e-01  4.814446e-01  2.676772e-02  1.042861e-04  8.774999e-01  8.029077e+00  8.029077e+00  9.000000e+01  9.000000e+01  9.000000e+01 
   81   1320  6.261398e+00  8.029084e+00  1.796119e-01  5.786183e-01  4.734436e-01  2.864765e-02  4.500418e-06  8.772817e-01  8.029084e+00  8.029084e+00  9.000000e+01  9.000000e+01  9.000000e+01 
   82   1339  6.263747e+00  8.029079e+00  1.832786e-01  5.830707e-01  4.759417e-01  2.807952e-02  1.721445e-05  8.773369e-01  8.029079e+00  8.029079e+00  9.000000e+01  9.000000e+01  9.000000e+01 
   83   1353  6.265874e+00  8.029076e+00  1.834024e-01  5.816692e-01  4.750393e-01  2.823384e-02  2.535434e-05  8.772535e-01  8.029076e+00  8.029076e+00  9.000000e+01  9.000000e+01  9.000000e+01 
   84   1365  6.269776e+00  8.029082e+00  1.861821e-01  5.878514e-01  4.807307e-01  2.695624e-02  9.042703e-05  8.776061e-01  8.029082e+00  8.029082e+00  9.000000e+01  9.000000e+01  9.000000e+01 
   85   1384  6.265472e+00  8.029076e+00  1.846766e-01  5.836086e-01  4.765204e-01  2.776989e-02  4.182334e-05  8.772165e-01  8.029076e+00  8.029076e+00  9.000000e+01  9.000000e+01  9.000000e+01 
   86   1400  6.264194e+00  8.029079e+00  1.828046e-01  5.830639e-01  4.760764e-01  2.819511e-02  1.453042e-05  8.774570e-01  8.029079e+00  8.029079e+00  9.000000e+01  9.000000e+01  9.000000e+01 
   87   1420  6.261617e+00  8.029084e+00  1.793717e-01  5.790137e-01  4.737191e-01  2.867533e-02  3.252282e-06  8.773512e-01  8.029084e+00  8.029084e+00  9.000000e+01  9.000000e+01  9.000000e+01 
   88   1439  6.264401e+00  8.029077e+00  1.836880e-01  5.830557e-01  4.757946e-01  2.811571e-02  2.060434e-05  8.773272e-01  8.029077e+00  8.029077e+00  9.000000e+01  9.000000e+01  9.000000e+01 
   89   1450  6.265846e+00  8.029078e+00  1.925553e-01  5.808479e-01  4.682849e-01  2.852520e-02  5.850983e-06  8.766393e-01  8.029078e+00  8.029078e+00  9.000000e+01  9.000000e+01  9.000000e+01 
   90   1469  6.263450e+00  8.029079e+00  1.827966e-01  5.812810e-01  4.744177e-01  2.829407e-02  1.011104e-05  8.771845e-01  8.029079e+00  8.029079e+00  9.000000e+01  9.000000e+01  9.000000e+01 
   91   1484  6.266956e+00  8.029081e+00  1.856862e-01  5.865903e-01  4.789853e-01  2.738268e-02  5.794181e-05  8.775223e-01  8.029081e+00  8.029081e+00  9.000000e+01  9.000000e+01  9.000000e+01 
   92   1500  6.266367e+00  8.029074e+00  1.827140e-01  5.818553e-01  4.759344e-01  2.816491e-02  2.906750e-05  8.773148e-01  8.029074e+00  8.029074e+00  9.000000e+01  9.000000e+01  9.000000e+01 
   93   1516  6.263453e+00  8.029081e+00  1.813737e-01  5.821602e-01  4.765044e-01  2.812260e-02  1.724533e-05  8.774408e-01  8.029081e+00  8.029081e+00  9.000000e+01  9.000000e+01  9.000000e+01 
   94   1539  6.264079e+00  8.029081e+00  1.797548e-01  5.774551e-01  4.724073e-01  2.886500e-02  6.330486e-06  8.771311e-01  8.029081e+00  8.029081e+00  9.000000e+01  9.000000e+01  9.000000e+01 
   95   1558  6.263529e+00  8.029076e+00  1.800846e-01  5.789291e-01  4.741189e-01  2.864282e-02  1.133183e-05  8.772397e-01  8.029076e+00  8.029076e+00  9.000000e+01  9.000000e+01  9.000000e+01 
   96   1574  6.264401e+00  8.029078e+00  1.805290e-01  5.793067e-01  4.739388e-01  2.867978e-02  1.256844e-05  8.772445e-01  8.029078e+00  8.029078e+00  9.000000e+01  9.000000e+01  9.000000e+01 
   97   1588  6.267732e+00  8.029074e+00  1.832338e-01  5.809393e-01  4.752239e-01  2.820981e-02  3.472528e-05  8.771999e-01  8.029074e+00  8.029074e+00  9.000000e+01  9.000000e+01  9.000000e+01 
   98   1611  6.263531e+00  8.029082e+00  1.831570e-01  5.821076e-01  4.748273e-01  2.829048e-02  9.945783e-06  8.773446e-01  8.029082e+00  8.029082e+00  9.000000e+01  9.000000e+01  9.000000e+01 
   99   1628  6.264621e+00  8.029079e+00  1.807827e-01  5.790286e-01  4.735403e-01  2.871120e-02  1.306922e-05  8.772094e-01  8.029079e+00  8.029079e+00  9.000000e+01  9.000000e+01  9.000000e+01 
  100   1645  6.266177e+00  8.029079e+00  1.818675e-01  5.813721e-01  4.758684e-01  2.822577e-02  2.657740e-05  8.773410e-01  8.029079e+00  8.029079e+00  9.000000e+01  9.000000e+01  9.000000e+01 
