Cycle Iter Rwp lprm_a Ba_beq Ti_beq O_beq rv r2v phase_scale lprm_b lprm_c lprm_al lprm_be lprm_ga 
    0     12  9.617215e+00  8.014505e+00  4.904247e-05  6.730634e-01  3.773060e-01  1.340282e-02  3.631132e-05  9.364191e-01  8.014505e+00  8.014505e+00  9.000000e+01  9.000000e+01  9.000000e+01 
    1     23  9.623100e+00  8.014500e+00  1.994422e-04  6.703805e-01  3.770942e-01  1.341792e-02  5.734169e-05  9.362092e-01  8.014500e+00  8.014500e+00  9.000000e+01  9.000000e+01  9.000000e+01 
    2     36  9.621087e+00  8.014504e+00  4.280542e-04  6.721211e-01  3.769497e-01  1.338872e-02  5.051409e-05  9.360993e-01  8.014504e+00  8.014504e+00  9.000000e+01  9.000000e+01  9.000000e+01 
    3     49  9.642626e+00  8.014506e+00  3.581068e-03  6.742495e-01  3.743053e-01  1.373146e-02  3.206305e-05  9.357026e-01  8.014506e+00  8.014506e+00  9.000000e+01  9.000000e+01  9.000000e+01 
    4     66  9.618621e+00  8.014507e+00  6.936898e-05  6.734419e-01  3.765869e-01  1.370732e-02  1.556167e-05  9.364565e-01  8.014507e+00  8.014507e+00  9.000000e+01  9.000000e+01  9.000000e+01 
    5     81  9.616561e+00  8.014507e+00  3.930931e-05  6.733324e-01  3.761696e-01  1.365549e-02  1.438305e-05  9.362923e-01  8.014507e+00  8.014507e+00  9.000000e+01  9.000000e+01  9.000000e+01 
    6     96  9.616757e+00  8.014505e+00  8.888451e-05  6.732344e-01  3.761354e-01  1.357273e-02  2.236309e-05  9.360898e-01  8.014505e+00  8.014505e+00  9.000000e+01  9.000000e+01  9.000000e+01 
    7    111  9.621457e+00  8.014500e+00  1.759431e-04  6.729208e-01  3.793548e-01  1.293087e-02  7.531629e-05  9.363879e-01  8.014500e+00  8.014500e+00  9.000000e+01  9.000000e+01  9.000000e+01 
    8    125  9.617659e+00  8.014507e+00  6.718873e-05  6.715103e-01  3.765026e-01  1.339799e-02  4.381064e-05  9.362206e-01  8.014507e+00  8.014507e+00  9.000000e+01  9.000000e+01  9.000000e+01 
    9    136  1.077009e+01  8.014587e+00  4.833452e-01  8.742537e-01  1.969459e-01  1.442681e-02  3.240589e-06  9.291597e-01  8.014587e+00  8.014587e+00  9.000000e+01  9.000000e+01  9.000000e+01 
   10    146  9.622330e+00  8.014500e+00  2.621395e-05  6.697128e-01  3.760343e-01  1.350461e-02  5.682863e-05  9.359554e-01  8.014500e+00  8.014500e+00  9.000000e+01  9.000000e+01  9.000000e+01 
   11    160  9.619567e+00  8.014503e+00  4.630333e-05  6.709405e-01  3.792701e-01  1.281326e-02  8.884922e-05  9.363781e-01  8.014503e+00  8.014503e+00  9.000000e+01  9.000000e+01  9.000000e+01 
   12    179  9.619712e+00  8.014505e+00  3.177537e-05  6.716320e-01  3.759960e-01  1.360880e-02  3.702003e-05  9.361213e-01  8.014505e+00  8.014505e+00  9.000000e+01  9.000000e+01  9.000000e+01 
   13    199  9.616691e+00  8.014504e+00  7.635442e-06  6.731446e-01  3.770532e-01  1.344550e-02  3.073182e-05  9.363110e-01  8.014504e+00  8.014504e+00  9.000000e+01  9.000000e+01  9.000000e+01 
   14    214  9.616873e+00  8.014506e+00  7.510795e-05  6.731953e-01  3.772302e-01  1.338626e-02  3.475496e-05  9.363675e-01  8.014506e+00  8.014506e+00  9.000000e+01  9.000000e+01  9.000000e+01 
   15    229  9.616477e+00  8.014508e+00  4.878666e-05  6.730005e-01  3.761474e-01  1.365418e-02  1.482809e-05  9.363750e-01  8.014508e+00  8.014508e+00  9.000000e+01  9.000000e+01  9.000000e+01 
   16    245  9.616353e+00  8.014509e+00  6.900363e-05  6.729017e-01  3.758866e-01  1.363846e-02  1.637819e-05  9.362139e-01  8.014509e+00  8.014509e+00  9.000000e+01  9.000000e+01  9.000000e+01 
   17    259  9.616614e+00  8.014506e+00  6.370606e-05  6.737428e-01  3.766842e-01  1.358828e-02  1.574282e-05  9.364418e-01  8.014506e+00  8.014506e+00  9.000000e+01  9.000000e+01  9.000000e+01 
   18    275  9.616822e+00  8.014507e+00  6.181815e-05  6.732409e-01  3.764856e-01  1.363083e-02  1.598254e-05  9.364148e-01  8.014507e+00  8.014507e+00  9.000000e+01  9.000000e+01  9.000000e+01 
   19    287  9.618819e+00  8.014503e+00  1.707328e-04  6.732689e-01  3.780022e-01  1.318095e-02  5.592374e-05  9.363500e-01  8.014503e+00  8.014503e+00  9.000000e+01  9.000000e+01  9.000000e+01 
   20    303  9.618383e+00  8.014503e+00  1.792362e-04  6.734746e-01  3.772323e-01  1.343940e-02  3.271349e-05  9.363028e-01  8.014503e+00  8.014503e+00  9.000000e+01  9.000000e+01  9.000000e+01 
   21    319  9.618195e+00  8.014504e+00  1.132262e-04  6.733115e-01  3.774207e-01  1.322494e-02  5.429573e-05  9.362150e-01  8.014504e+00  8.014504e+00  9.000000e+01  9.000000e+01  9.000000e+01 
   22    334  9.616608e+00  8.014507e+00  8.210047e-05  6.737578e-01  3.765550e-01  1.364872e-02  1.100112e-05  9.364090e-01  8.014507e+00  8.014507e+00  9.000000e+01  9.000000e+01  9.000000e+01 
   23    345  9.634101e+00  8.014493e+00  2.186762e-03  6.754624e-01  3.845562e-01  1.144644e-02  1.790166e-04  9.359913e-01  8.014493e+00  8.014493e+00  9.000000e+01  9.000000e+01  9.000000e+01 
   24    357  9.627378e+00  8.014497e+00  4.080510e-04  6.749506e-01  3.821503e-01  1.218383e-02  1.348889e-04  9.364612e-01  8.014497e+00  8.014497e+00  9.000000e+01  9.000000e+01  9.000000e+01 
   25    373  9.625405e+00  8.014526e+00  5.668375e-05  6.684686e-01  3.680168e-01  1.453845e-02  7.352009e-07  9.352301e-01  8.014526e+00  8.014526e+00  9.000000e+01  9.000000e+01  9.000000e+01 
   26    387  9.623395e+00  8.014513e+00  5.478049e-04  6.723714e-01  3.743597e-01  1.391315e-02  1.575696e-05  9.360244e-01  8.014513e+00  8.014513e+00  9.000000e+01  9.000000e+01  9.000000e+01 
   27    396  9.618385e+00  8.014505e+00  1.537449e-04  6.726706e-01  3.762469e-01  1.336754e-02  4.726887e-05  9.358362e-01  8.014505e+00  8.014505e+00  9.000000e+01  9.000000e+01  9.000000e+01 
   28    411  9.617525e+00  8.014507e+00  1.435728e-04  6.730698e-01  3.769172e-01  1.349847e-02  2.693362e-05  9.364426e-01  8.014507e+00  8.014507e+00  9.000000e+01  9.000000e+01  9.000000e+01 
   29    426  9.622570e+00  8.014500e+00  7.061487e-04  6.741205e-01  3.811142e-01  1.229809e-02  1.249789e-04  9.361924e-01  8.014500e+00  8.014500e+00  9.000000e+01  9.000000e+01  9.000000e+01 
   30    442  9.619090e+00  8.014507e+00  9.965866e-05  6.724633e-01  3.761265e-01  1.366323e-02  2.623303e-05  9.362227e-01  8.014507e+00  8.014507e+00  9.000000e+01  9.000000e+01  9.000000e+01 
   31    454  9.626879e+00  8.014498e+00  4.351890e-04  6.712501e-01  3.836701e-01  1.177979e-02  1.611845e-04  9.361938e-01  8.014498e+00  8.014498e+00  9.000000e+01  9.000000e+01  9.000000e+01 
   32    470  9.617556e+00  8.014506e+00  1.493487e-04  6.726963e-01  3.761475e-01  1.353097e-02  3.086537e-05  9.360897e-01  8.014506e+00  8.014506e+00  9.000000e+01  9.000000e+01  9.000000e+01 
   33    488  9.616878e+00  8.014508e+00  3.248193e-05  6.725703e-01  3.760311e-01  1.362520e-02  2.219405e-05  9.363474e-01  8.014508e+00  8.014508e+00  9.000000e+01  9.000000e+01  9.000000e+01 
   34    501  9.620362e+00  8.014505e+00  3.364272e-04  6.725750e-01  3.766380e-01  1.351959e-02  3.580948e-05  9.361673e-01  8.014505e+00  8.014505e+00  9.000000e+01  9.000000e+01  9.000000e+01 
   35    518  9.617093e+00  8.014505e+00  4.968238e-05  6.738421e-01  3.766628e-01  1.354532e-02  2.231624e-05  9.362507e-01  8.014505e+00  8.014505e+00  9.000000e+01  9.000000e+01  9.000000e+01 
   36    532  9.619471e+00  8.014502e+00  4.265918e-05  6.729832e-01  3.780399e-01  1.318946e-02  5.660393e-05  9.363938e-01  8.014502e+00  8.014502e+00  9.000000e+01  9.000000e+01  9.000000e+01 
   37    542  9.627802e+00  8.014487e+00  7.291273e-06  6.722856e-01  3.837968e-01  1.181202e-02  1.715694e-04  9.363206e-01  8.014487e+00  8.014487e+00  9.000000e+01  9.000000e+01  9.000000e+01 
   38    556  9.617062e+00  8.014504e+00  6.538122e-05  6.729910e-01  3.776206e-01  1.332734e-02  4.056767e-05  9.363764e-01  8.014504e+00  8.014504e+00  9.000000e+01  9.000000e+01  9.000000e+01 
   39    575  9.617856e+00  8.014505e+00  9.285353e-05  6.734310e-01  3.767997e-01  1.349654e-02  3.010872e-05  9.362958e-01  8.014505e+00  8.014505e+00  9.000000e+01  9.000000e+01  9.000000e+01 
   40    590  9.618514e+00  8.014505e+00  1.581183e-04  6.734061e-01  3.766524e-01  1.355550e-02  2.831268e-05  9.361900e-01  8.014505e+00  8.014505e+00  9.000000e+01  9.000000e+01  9.000000e+01 
   41    604  9.617210e+00  8.014504e+00  8.333117e-05  6.731376e-01  3.773314e-01  1.329094e-02  4.603553e-05  9.363056e-01  8.014504e+00  8.014504e+00  9.000000e+01  9.000000e+01  9.000000e+01 
   42    618  9.617530e+00  8.014507e+00  9.784508e-05  6.730927e-01  3.769136e-01  1.346958e-02  2.903943e-05  9.363810e-01  8.014507e+00  8.014507e+00  9.000000e+01  9.000000e+01  9.000000e+01 
   43    629  9.617427e+00  8.014513e+00  8.814410e-05  6.723424e-01  3.741188e-01  1.392001e-02  5.247803e-06  9.360672e-01  8.014513e+00  8.014513e+00  9.000000e+01  9.000000e+01  9.000000e+01 
   44    642  9.621251e+00  8.014506e+00  7.849528e-04  6.715047e-01  3.792662e-01  1.275664e-02  9.145535e-05  9.361813e-01  8.014506e+00  8.014506e+00  9.000000e+01  9.000000e+01  9.000000e+01 
   45    659  9.617412e+00  8.014505e+00  2.862842e-05  6.732092e-01  3.767486e-01  1.350611e-02  2.717394e-05  9.362709e-01  8.014505e+00  8.014505e+00  9.000000e+01  9.000000e+01  9.000000e+01 
   46    674  9.616735e+00  8.014505e+00  5.886267e-05  6.732861e-01  3.762482e-01  1.353907e-02  2.385684e-05  9.360951e-01  8.014505e+00  8.014505e+00  9.000000e+01  9.000000e+01  9.000000e+01 
   47    689  9.618343e+00  8.014507e+00  2.196379e-04  6.727577e-01  3.770786e-01  1.336492e-02  4.010083e-05  9.363346e-01  8.014507e+00  8.014507e+00  9.000000e+01  9.000000e+01  9.000000e+01 
   48    704  9.620913e+00  8.014501e+00  1.059227e-04  6.732528e-01  3.790466e-01  1.291099e-02  7.997802e-05  9.364171e-01  8.014501e+00  8.014501e+00  9.000000e+01  9.000000e+01  9.000000e+01 
   49    721  9.617229e+00  8.014505e+00  4.015200e-05  6.736148e-01  3.771140e-01  1.344087e-02  3.288860e-05  9.364340e-01  8.014505e+00  8.014505e+00  9.000000e+01  9.000000e+01  9.000000e+01 
   50    733  9.629319e+00  8.014495e+00  1.291514e-03  6.746159e-01  3.831894e-01  1.181017e-02  1.659701e-04  9.361458e-01  8.014495e+00  8.014495e+00  9.000000e+01  9.000000e+01  9.000000e+01 
   51    749  9.620117e+00  8.014504e+00  1.076122e-04  6.724061e-01  3.764513e-01  1.359736e-02  3.446199e-05  9.362556e-01  8.014504e+00  8.014504e+00  9.000000e+01  9.000000e+01  9.000000e+01 
   52    766  9.617359e+00  8.014505e+00  4.934691e-05  6.734689e-01  3.769691e-01  1.354000e-02  2.176607e-05  9.363649e-01  8.014505e+00  8.014505e+00  9.000000e+01  9.000000e+01  9.000000e+01 
   53    778  9.618097e+00  8.014505e+00  1.932586e-04  6.734010e-01  3.772762e-01  1.343563e-02  3.079832e-05  9.363332e-01  8.014505e+00  8.014505e+00  9.000000e+01  9.000000e+01  9.000000e+01 
   54    795  9.616997e+00  8.014506e+00  8.286388e-05  6.724901e-01  3.756951e-01  1.360668e-02  2.550020e-05  9.360468e-01  8.014506e+00  8.014506e+00  9.000000e+01  9.000000e+01  9.000000e+01 
   55    810  9.620673e+00  8.014500e+00  1.891646e-04  6.732205e-01  3.789184e-01  1.308562e-02  6.178608e-05  9.364756e-01  8.014500e+00  8.014500e+00  9.000000e+01  9.000000e+01  9.000000e+01 
   56    828  9.616557e+00  8.014503e+00  1.854712e-05  6.730338e-01  3.775293e-01  1.340493e-02  3.200763e-05  9.363990e-01  8.014503e+00  8.014503e+00  9.000000e+01  9.000000e+01  9.000000e+01 
   57    843  9.619551e+00  8.014507e+00  3.154350e-04  6.731114e-01  3.752892e-01  1.370756e-02  2.045773e-05  9.358429e-01  8.014507e+00  8.014507e+00  9.000000e+01  9.000000e+01  9.000000e+01 
   58    860  9.617666e+00  8.014507e+00  6.842030e-05  6.714596e-01  3.765386e-01  1.339563e-02  4.395677e-05  9.362472e-01  8.014507e+00  8.014507e+00  9.000000e+01  9.000000e+01  9.000000e+01 
   59    882  9.625965e+00  8.014528e+00  5.691858e-05  6.675520e-01  3.674084e-01  1.459940e-02  2.071716e-08  9.353384e-01  8.014528e+00  8.014528e+00  9.000000e+01  9.000000e+01  9.000000e+01 
   60    895  9.619577e+00  8.014500e+00  2.886016e-05  6.727296e-01  3.791399e-01  1.291368e-02  7.749888e-05  9.364200e-01  8.014500e+00  8.014500e+00  9.000000e+01  9.000000e+01  9.000000e+01 
   61    909  9.618845e+00  8.014502e+00  3.739725e-04  6.731565e-01  3.781922e-01  1.306199e-02  6.586701e-05  9.361435e-01  8.014502e+00  8.014502e+00  9.000000e+01  9.000000e+01  9.000000e+01 
   62    926  9.619356e+00  8.014502e+00  7.973998e-05  6.734284e-01  3.784929e-01  1.308305e-02  6.254322e-05  9.364669e-01  8.014502e+00  8.014502e+00  9.000000e+01  9.000000e+01  9.000000e+01 
   63    939  9.626882e+00  8.014496e+00  6.365499e-04  6.693024e-01  3.774085e-01  1.324678e-02  7.866202e-05  9.359405e-01  8.014496e+00  8.014496e+00  9.000000e+01  9.000000e+01  9.000000e+01 
   64    953  9.616449e+00  8.014506e+00  8.868819e-05  6.740976e-01  3.762817e-01  1.366487e-02  9.386047e-06  9.362555e-01  8.014506e+00  8.014506e+00  9.000000e+01  9.000000e+01  9.000000e+01 
   65    968  9.619975e+00  8.014505e+00  2.874096e-04  6.723877e-01  3.762286e-01  1.354558e-02  3.625815e-05  9.360346e-01  8.014505e+00  8.014505e+00  9.000000e+01  9.000000e+01  9.000000e+01 
   66    988  9.626321e+00  8.014528e+00  1.228189e-04  6.678031e-01  3.676508e-01  1.459206e-02  4.276002e-07  9.353312e-01  8.014528e+00  8.014528e+00  9.000000e+01  9.000000e+01  9.000000e+01 
   67   1004  9.617086e+00  8.014507e+00  8.535998e-05  6.729556e-01  3.763075e-01  1.354921e-02  2.592945e-05  9.362634e-01  8.014507e+00  8.014507e+00  9.000000e+01  9.000000e+01  9.000000e+01 
   68   1018  9.617566e+00  8.014506e+00  8.490714e-05  6.736774e-01  3.771739e-01  1.349119e-02  2.510553e-05  9.365358e-01  8.014506e+00  8.014506e+00  9.000000e+01  9.000000e+01  9.000000e+01 
   69   1033  9.618269e+00  8.014505e+00  2.183703e-04  6.725320e-01  3.767752e-01  1.337901e-02  4.121791e-05  9.361253e-01  8.014505e+00  8.014505e+00  9.000000e+01  9.000000e+01  9.000000e+01 
   70   1052  9.616872e+00  8.014505e+00  1.308854e-05  6.733816e-01  3.771253e-01  1.345255e-02  3.075990e-05  9.364550e-01  8.014505e+00  8.014505e+00  9.000000e+01  9.000000e+01  9.000000e+01 
   71   1066  9.620335e+00  8.014503e+00  2.213121e-04  6.737044e-01  3.784463e-01  1.305381e-02  6.642823e-05  9.363191e-01  8.014503e+00  8.014503e+00  9.000000e+01  9.000000e+01  9.000000e+01 
   72   1077  9.620369e+00  8.014504e+00  3.220572e-04  6.728494e-01  3.770552e-01  1.346282e-02  4.037130e-05  9.362174e-01  8.014504e+00  8.014504e+00  9.000000e+01  9.000000e+01  9.000000e+01 
   73   1094  9.616595e+00  8.014509e+00  3.707199e-05  6.724394e-01  3.759395e-01  1.361350e-02  2.195426e-05  9.363184e-01  8.014509e+00  8.014509e+00  9.000000e+01  9.000000e+01  9.000000e+01 
   74   1109  9.616559e+00  8.014506e+00  5.252153e-05  6.738194e-01  3.767380e-01  1.359605e-02  1.411990e-05  9.364540e-01  8.014506e+00  8.014506e+00  9.000000e+01  9.000000e+01  9.000000e+01 
   75   1128  9.616706e+00  8.014507e+00  5.551670e-06  6.734273e-01  3.761811e-01  1.369230e-02  1.284676e-05  9.363489e-01  8.014507e+00  8.014507e+00  9.000000e+01  9.000000e+01  9.000000e+01 
   76   1143  9.619147e+00  8.014503e+00  2.512942e-04  6.727187e-01  3.778113e-01  1.310651e-02  6.442826e-05  9.361223e-01  8.014503e+00  8.014503e+00  9.000000e+01  9.000000e+01  9.000000e+01 
   77   1161  9.616910e+00  8.014506e+00  1.965799e-05  6.731864e-01  3.765206e-01  1.357581e-02  2.153712e-05  9.364405e-01  8.014506e+00  8.014506e+00  9.000000e+01  9.000000e+01  9.000000e+01 
   78   1181  9.617143e+00  8.014506e+00  8.453258e-06  6.732319e-01  3.765750e-01  1.357426e-02  2.233528e-05  9.363106e-01  8.014506e+00  8.014506e+00  9.000000e+01  9.000000e+01  9.000000e+01 
   79   1191  9.660156e+00  8.014485e+00  3.942159e-03  6.652201e-01  3.800837e-01  1.255105e-02  1.563507e-04  9.352977e-01  8.014485e+00  8.014485e+00  9.000000e+01  9.000000e+01  9.000000e+01 
   80   1205  9.619889e+00  8.014502e+00  6.091313e-05  6.730983e-01  3.784482e-01  1.315749e-02  5.732462e-05  9.365014e-01  8.014502e+00  8.014502e+00  9.000000e+01  9.000000e+01  9.000000e+01 
   81   1218  9.618482e+00  8.014511e+00  2.102305e-04  6.727771e-01  3.751408e-01  1.368247e-02  1.783119e-05  9.361494e-01  8.014511e+00  8.014511e+00  9.000000e+01  9.000000e+01  9.000000e+01 
   82   1231  9.617740e+00  8.014504e+00  2.298226e-05  6.728057e-01  3.778351e-01  1.332018e-02  4.121699e-05  9.363961e-01  8.014504e+00  8.014504e+00  9.000000e+01  9.000000e+01  9.000000e+01 
   83   1243  9.629221e+00  8.014497e+00  9.279972e-04  6.695026e-01  3.771809e-01  1.332115e-02  7.194086e-05  9.359618e-01  8.014497e+00  8.014497e+00  9.000000e+01  9.000000e+01  9.000000e+01 
   84   1255  9.619757e+00  8.014502e+00  1.255037e-04  6.733966e-01  3.783149e-01  1.315479e-02  5.802571e-05  9.364194e-01  8.014502e+00  8.014502e+00  9.000000e+01  9.000000e+01  9.000000e+01 
   85   1271  9.617363e+00  8.014508e+00  9.452733e-05  6.727706e-01  3.765880e-01  1.349072e-02  3.008726e-05  9.363351e-01  8.014508e+00  8.014508e+00  9.000000e+01  9.000000e+01  9.000000e+01 
   86   1288  9.616594e+00  8.014506e+00  3.100026e-05  6.736843e-01  3.765906e-01  1.360644e-02  1.544561e-05  9.364166e-01  8.014506e+00  8.014506e+00  9.000000e+01  9.000000e+01  9.000000e+01 
   87   1307  9.616663e+00  8.014509e+00  1.353471e-05  6.725170e-01  3.758438e-01  1.367322e-02  1.836465e-05  9.363577e-01  8.014509e+00  8.014509e+00  9.000000e+01  9.000000e+01  9.000000e+01 
   88   1322  9.618106e+00  8.014507e+00  2.173297e-04  6.730975e-01  3.771402e-01  1.341446e-02  3.434896e-05  9.363564e-01  8.014507e+00  8.014507e+00  9.000000e+01  9.000000e+01  9.000000e+01 
   89   1340  9.616525e+00  8.014506e+00  3.243293e-05  6.734597e-01  3.764030e-01  1.362992e-02  1.503819e-05  9.363676e-01  8.014506e+00  8.014506e+00  9.000000e+01  9.000000e+01  9.000000e+01 
   90   1352  9.625643e+00  8.014500e+00  7.263215e-05  6.722648e-01  3.808248e-01  1.239079e-02  1.268419e-04  9.363151e-01  8.014500e+00  8.014500e+00  9.000000e+01  9.000000e+01  9.000000e+01 
   91   1371  9.617114e+00  8.014506e+00  1.233915e-05  6.719398e-01  3.766456e-01  1.337876e-02  4.555695e-05  9.362281e-01  8.014506e+00  8.014506e+00  9.000000e+01  9.000000e+01  9.000000e+01 
   92   1389  9.618721e+00  8.014505e+00  3.133501e-05  6.733482e-01  3.766292e-01  1.360400e-02  2.706939e-05  9.363318e-01  8.014505e+00  8.014505e+00  9.000000e+01  9.000000e+01  9.000000e+01 
   93   1404  9.617349e+00  8.014516e+00  4.486304e-05  6.723198e-01  3.737239e-01  1.406237e-02  2.221793e-06  9.362728e-01  8.014516e+00  8.014516e+00  9.000000e+01  9.000000e+01  9.000000e+01 
   94   1422  9.616793e+00  8.014506e+00  7.003127e-05  6.737418e-01  3.767840e-01  1.359005e-02  1.578837e-05  9.364212e-01  8.014506e+00  8.014506e+00  9.000000e+01  9.000000e+01  9.000000e+01 
   95   1436  9.617651e+00  8.014505e+00  1.606985e-04  6.729753e-01  3.775967e-01  1.321195e-02  5.415522e-05  9.362537e-01  8.014505e+00  8.014505e+00  9.000000e+01  9.000000e+01  9.000000e+01 
   96   1451  9.618768e+00  8.014505e+00  1.979499e-04  6.737396e-01  3.767514e-01  1.361198e-02  2.199612e-05  9.363069e-01  8.014505e+00  8.014505e+00  9.000000e+01  9.000000e+01  9.000000e+01 
   97   1469  9.616725e+00  8.014507e+00  1.949183e-05  6.730923e-01  3.765494e-01  1.361931e-02  1.642832e-05  9.364317e-01  8.014507e+00  8.014507e+00  9.000000e+01  9.000000e+01  9.000000e+01 
   98   1486  9.616753e+00  8.014505e+00  4.062395e-05  6.735453e-01  3.766896e-01  1.359088e-02  1.678872e-05  9.363830e-01  8.014505e+00  8.014505e+00  9.000000e+01  9.000000e+01  9.000000e+01 
   99   1500  9.619904e+00  8.014504e+00  1.396397e-04  6.725305e-01  3.780436e-01  1.310407e-02  6.476370e-05  9.362677e-01  8.014504e+00  8.014504e+00  9.000000e+01  9.000000e+01  9.000000e+01 
  100   1516  9.620041e+00  8.014500e+00  1.582849e-04  6.728853e-01  3.798441e-01  1.268690e-02  9.859467e-05  9.363452e-01  8.014500e+00  8.014500e+00  9.000000e+01  9.000000e+01  9.000000e+01 
