0.02000000 -0.02276991
0.03000000 -0.03225941
0.04000000 -0.04038892
0.05000000 -0.05080863
0.06000000 -0.06037465
0.07000000 -0.07049865
0.08000000 -0.08049004
0.09000000 -0.09095877
0.09999999 -0.10162458
0.11000000 -0.11265408
0.12000000 -0.12395560
0.13000000 -0.13538463
0.14000000 -0.14674885
0.15000000 -0.15784473
0.16000000 -0.16847386
0.17000000 -0.17856916
0.18000000 -0.18806003
0.19000000 -0.19706156
0.20000000 -0.20572078
0.21000000 -0.21432156
0.22000000 -0.22313365
0.23000000 -0.23245248
0.24000000 -0.24250377
0.25000000 -0.25340014
0.26000000 -0.26512009
0.27000000 -0.27749490
0.28000000 -0.29023029
0.29000000 -0.30295487
0.30000000 -0.31524905
0.31000000 -0.32675539
0.32000000 -0.33720292
0.33000000 -0.34649470
0.34000000 -0.35470871
0.35000000 -0.36211459
0.36000000 -0.36914158
0.37000000 -0.37630556
0.38000000 -0.38413783
0.39000000 -0.39309584
0.40000000 -0.40347539
0.41000000 -0.41536248
0.42000000 -0.42859264
0.43000000 -0.44277276
0.44000000 -0.45732548
0.45000000 -0.47157640
0.46000000 -0.48485794
0.47000000 -0.49661826
0.48000000 -0.50652345
0.49000000 -0.51452546
0.50000000 -0.52088692
0.51000000 -0.52615251
0.52000000 -0.53108514
0.53000000 -0.53654418
0.54000000 -0.54335935
0.55000000 -0.55218294
0.56000000 -0.56338600
0.57000000 -0.57696793
0.58000000 -0.59253996
0.59000000 -0.60936561
0.60000000 -0.62645630
0.61000000 -0.64271486
0.62000000 -0.65711964
0.63000000 -0.66888647
0.64000000 -0.67760267
0.65000000 -0.68333012
0.66000000 -0.68662116
0.67000000 -0.68846314
0.68000000 -0.69013223
0.69000000 -0.69302179
0.70000000 -0.69841701
0.71000000 -0.70728537
0.72000000 -0.72009399
0.73000000 -0.73670058
0.74000000 -0.75634900
0.75000000 -0.77773207
0.76000000 -0.79917461
0.77000000 -0.81886968
0.78000000 -0.83516344
0.79000000 -0.84683119
0.80000000 -0.85329436
0.81000000 -0.85476547
0.82000000 -0.85229049
0.83000000 -0.84761370
0.84000000 -0.84298783
0.85000000 -0.84084925
0.86000000 -0.84344182
0.87000000 -0.85246597
0.88000000 -0.86875322
0.89000000 -0.89207914
0.90000000 -0.92106930
0.91000000 -0.95332745
0.92000000 -0.98568692
0.93000000 -1.01459551
0.94000000 -1.03660103
0.95000000 -1.04885077
0.96000000 -1.04952989
0.97000000 -1.03821214
0.98000000 -1.01601625
0.98999990 -0.98558293
1.00000000 -0.95082561
1.01000000 -0.91651258
1.02000000 -0.88769018
1.03000000 -0.86906756
1.04000000 -0.86439841
1.05000000 -0.87595047
1.06000000 -0.90416640
1.07000000 -0.94752711
1.08000000 -1.00267548
1.09000000 -1.06476399
1.10000000 -1.12799269
1.11000000 -1.18631034
1.12000000 -1.23411544
1.13000000 -1.26694896
1.14000000 -1.28201238
1.15000000 -1.27852362
1.16000000 -1.25779300
1.17000000 -1.22304576
1.18000000 -1.17902556
1.19000000 -1.13139565
1.20000000 -1.08604843
1.21000000 -1.04839580
1.22000000 -1.02274856
1.23000000 -1.01184331
1.24000000 -1.01658155
1.25000000 -1.03603590
1.26000000 -1.06763363
1.27000000 -1.10762452
1.28000000 -1.15158050
1.29000000 -1.19502327
1.30000000 -1.23399878
1.31000000 -1.26550080
1.32000000 -1.28781230
1.33000000 -1.30055529
1.34000000 -1.30460421
1.35000000 -1.30179832
1.36000000 -1.29454674
1.37000000 -1.28538696
1.38000000 -1.27654187
1.39000000 -1.26959379
1.40000000 -1.26529864
1.41000000 -1.26355931
1.42000000 -1.26356317
1.43000000 -1.26404047
1.44000000 -1.26366184
1.45000000 -1.26136815
1.46000000 -1.25673750
1.47000000 -1.25013544
1.48000000 -1.24281950
1.49000000 -1.23676530
1.50000000 -1.23441324
1.51000000 -1.23826027
1.52000000 -1.25035367
1.53000000 -1.27190293
1.54000000 -1.30289318
1.55000000 -1.34189910
1.56000000 -1.38612775
1.57000000 -1.43164553
1.58000000 -1.47382516
1.59000000 -1.50797496
1.60000000 -1.52999610
1.61000000 -1.53706124
1.62000000 -1.52818663
1.63000000 -1.50457839
1.64000000 -1.46978185
1.65000000 -1.42948307
1.66000000 -1.39107757
1.67000000 -1.36301647
1.68000000 -1.35395224
1.69000000 -1.37190137
1.70000000 -1.42338517
1.71000000 -1.51278511
1.72000000 -1.64191885
1.73000000 -1.80984753
1.74000000 -2.01306807
1.75000000 -2.24592525
1.76000000 -2.50120620
1.77000000 -2.77091866
1.78000000 -3.04703552
1.79000000 -3.32220173
1.80000000 -3.59027138
1.81000000 -3.84657301
1.82000000 -4.08803838
1.83000000 -4.31298933
1.84000000 -4.52084992
1.85000000 -4.71160510
1.86000000 -4.88541612
1.87000000 -5.04212391
1.88000000 -5.18103536
1.89000000 -5.30075319
1.90000000 -5.39934779
1.91000000 -5.47459886
1.92000000 -5.52444481
1.93000000 -5.54746543
1.94000000 -5.54337364
1.95000000 -5.51330750
1.96000000 -5.46006105
1.97000000 -5.38806000
1.98000000 -5.30302044
1.99000000 -5.21152771
2.00000000 -5.12030319
2.01000000 -5.03556297
2.02000000 -4.96226614
2.03000000 -4.90358239
2.04000000 -4.86043905
2.05000000 -4.83150890
2.06000000 -4.81330253
2.07000000 -4.80063686
2.08000000 -4.78725957
2.09000000 -4.76664055
2.10000000 -4.73281130
2.11000000 -4.68103802
2.12000000 -4.60841126
2.13000000 -4.51424648
2.14000000 -4.39999882
2.15000000 -4.26917603
2.16000000 -4.12674039
2.17000000 -3.97857854
2.18000000 -3.83068996
2.19000000 -3.68852070
2.20000000 -3.55635080
2.21000000 -3.43687177
2.22000000 -3.33099591
2.23000000 -3.23797542
2.24000000 -3.15561437
2.25000000 -3.08078931
2.26000000 -3.01000969
2.27000000 -2.93998280
2.28000000 -2.86812298
2.29000000 -2.79294007
2.30000000 -2.71423048
2.31000000 -2.63302385
2.32000000 -2.55144539
2.33000000 -2.47230017
2.34000000 -2.39865831
2.35000000 -2.33341704
2.36000000 -2.27883047
2.37000000 -2.23626975
2.38000000 -2.20605088
2.39000000 -2.18739768
2.40000000 -2.17864131
2.41000000 -2.17743965
2.42000000 -2.18112277
2.43000000 -2.18692911
2.44000000 -2.19233893
2.45000000 -2.19514098
2.46000000 -2.19346926
2.47000000 -2.18566218
2.48000000 -2.17003486
2.49000000 -2.14456299
2.50000000 -2.10652329
2.51000000 -2.05225727
2.52000000 -1.97692580
2.53000000 -1.87451365
2.54000000 -1.73787150
2.55000000 -1.55900910
2.56000000 -1.32950517
2.57000000 -1.04093197
2.58000000 -0.68544547
2.59000000 -0.25626997
2.60000000 0.25191312
2.61000000 0.84257109
2.62000000 1.51718691
2.63000000 2.27508745
2.64000000 3.11359533
2.65000000 4.02808771
2.66000000 5.01211208
2.67000000 6.05761028
2.68000000 7.15494573
2.69000000 8.29306926
2.70000000 9.45934981
2.71000000 10.63985439
2.72000000 11.81900976
2.73000000 12.97990311
2.74000000 14.10443663
2.75000000 15.17340483
2.76000000 16.16725952
2.77000000 17.06642124
2.78000000 17.85223073
2.79000000 18.50777831
2.80000000 19.01875621
2.81000000 19.37384561
2.82000000 19.56612686
2.83000000 19.59277654
2.84000000 19.45556219
2.85000000 19.16066593
2.86000000 18.71811526
2.87000000 18.14131866
2.88000000 17.44617161
2.89000000 16.65010879
2.90000000 15.77114433
2.91000000 14.82733739
2.92000000 13.83575359
2.93000000 12.81224502
2.94000000 11.77116856
2.95000000 10.72530454
2.96000000 9.68602134
2.97000000 8.66339436
2.98000000 7.66650059
2.99000000 6.70356694
3.00000000 5.78208655
3.01000000 4.90890233
3.02000000 4.08993663
3.03000000 3.33009729
3.04000000 2.63291351
3.05000000 2.00040441
3.06000000 1.43279233
3.07000000 0.92846713
3.08000000 0.48411067
3.09000000 0.09489102
3.10000000 -0.24509953
3.11000000 -0.54236452
3.12000000 -0.80347889
3.13000000 -1.03456691
3.14000000 -1.24093196
3.15000000 -1.42680122
3.16000000 -1.59527578
3.17000000 -1.74851086
3.18000000 -1.88800111
3.19000000 -2.01505211
3.20000000 -2.13120525
3.21000000 -2.23869337
3.22000000 -2.34070538
3.23000000 -2.44153031
3.24000000 -2.54634537
3.25000000 -2.66093558
3.26000000 -2.79110108
3.27000000 -2.94200875
3.28000000 -3.11748166
3.29000000 -3.31940741
3.30000000 -3.54726605
3.31000000 -3.79801540
3.32000000 -4.06615205
3.33000000 -4.34415242
3.34000000 -4.62318589
3.35000000 -4.89405407
3.36000000 -5.14795910
3.37000000 -5.37765135
3.38000000 -5.57800910
3.39000000 -5.74650055
3.40000000 -5.88341986
3.41000000 -5.99145134
3.42000000 -6.07528672
3.43000000 -6.14070305
3.44000000 -6.19349190
3.45000000 -6.23874184
3.46000000 -6.27972160
3.47000000 -6.31748087
3.48000000 -6.35053080
3.49000000 -6.37507425
3.50000000 -6.38546501
3.51000000 -6.37506728
3.52000000 -6.33730578
3.53000000 -6.26672364
3.54000000 -6.15993452
3.55000000 -6.01634377
3.56000000 -5.83857970
3.57000000 -5.63232548
3.58000000 -5.40596881
3.59000000 -5.16970307
3.60000000 -4.93438515
3.61000000 -4.71037561
3.62000000 -4.50631863
3.63000000 -4.32810884
3.64000000 -4.17830655
3.65000000 -4.05578853
3.66000000 -3.95603939
3.67000000 -3.87169669
3.68000000 -3.79351814
3.69000000 -3.71156946
3.70000000 -3.61641377
3.71000000 -3.50018226
3.72000000 -3.35742440
3.73000000 -3.18564024
3.74000000 -2.98527151
3.75000000 -2.75938980
3.76000000 -2.51297673
3.77000000 -2.25197836
3.78000000 -1.98224887
3.79000000 -1.70856992
3.80000000 -1.43382945
3.81000000 -1.15856670
3.82000000 -0.88087876
3.83000000 -0.59672424
3.84000000 -0.30060970
3.85000000 0.01345205
3.86000000 0.35085134
3.87000000 0.71532898
3.88000000 1.10798412
3.89000000 1.52670578
3.90000000 1.96588263
3.91000000 2.41655799
3.92000000 2.86701518
3.93000000 3.30364624
3.94000000 3.71211312
3.95000000 4.07853064
3.96000000 4.39064815
3.97000000 4.63879562
3.98000000 4.81660148
3.99000000 4.92125063
4.00000000 4.95345517
4.01000000 4.91699876
4.02000000 4.81803285
4.03000000 4.66423116
4.04000000 4.46377261
4.05000000 4.22458707
4.06000000 3.95357007
4.07000000 3.65612149
4.08000000 3.33596613
4.09000000 2.99532521
4.10000000 2.63508270
4.11000000 2.25541834
4.12000000 1.85628031
4.13000000 1.43792568
4.14000000 1.00142407
4.15000000 0.54880188
4.16000000 0.08326194
4.17000000 -0.39112596
4.18000000 -0.86956820
4.19000000 -1.34719767
4.20000000 -1.81938394
4.21000000 -2.28239671
4.22000000 -2.73365733
4.23000000 -3.17214150
4.24000000 -3.59829976
4.25000000 -4.01407425
4.26000000 -4.42246097
4.27000000 -4.82723733
4.28000000 -5.23223750
4.29000000 -5.64100042
4.30000000 -6.05608133
4.31000000 -6.47881211
4.32000000 -6.90889965
4.33000000 -7.34443194
4.34000000 -7.78186157
4.35000000 -8.21635951
4.36000000 -8.64198390
4.37000000 -9.05230238
4.38000000 -9.44073193
4.39000000 -9.80105932
4.40000000 -10.12791470
4.41000000 -10.41684237
4.42000000 -10.66473265
4.43000000 -10.86982012
4.44000000 -11.03156394
4.45000000 -11.15046084
4.46000000 -11.22804806
4.47000000 -11.26616887
4.48000000 -11.26702863
4.49000000 -11.23253296
4.50000000 -11.16421793
4.51000000 -11.06280736
4.52000000 -10.92822145
4.53000000 -10.75932755
4.54000000 -10.55406679
4.55000000 -10.30964047
4.56000000 -10.02251552
4.57000000 -9.68894616
4.58000000 -9.30507527
4.59000000 -8.86752653
4.60000000 -8.37343395
4.61000000 -7.82086857
4.62000000 -7.20910429
4.63000000 -6.53834414
4.64000000 -5.81010211
4.65000000 -5.02668854
4.66000000 -4.19129372
4.67000000 -3.30738296
4.68000000 -2.37874968
4.69000000 -1.40891087
4.70000000 -0.40125161
4.71000000 0.64141331
4.72000000 1.71637310
4.73000000 2.82125967
4.74000000 3.95329763
4.75000000 5.10929976
4.76000000 6.28479372
4.77000000 7.47406507
4.78000000 8.66928116
4.79000000 9.86074694
4.80000000 11.03645269
4.81000000 12.18262211
4.82000000 13.28376125
4.83000000 14.32358077
4.84000000 15.28509355
4.85000000 16.15230866
4.86000000 16.91015722
4.87000000 17.54570320
4.88000000 18.04863130
4.89000000 18.41152926
4.90000000 18.63039459
4.91000000 18.70428908
4.92000000 18.63526404
4.93000000 18.42819705
4.94000000 18.09011719
4.95000000 17.62988613
4.96000000 17.05757812
4.97000000 16.38436945
4.98000000 15.62199129
4.99000000 14.78270980
5.00000000 13.87886421
5.01000000 12.92337800
5.02000000 11.92907378
5.03000000 10.90894776
5.04000000 9.87569539
5.05000000 8.84197512
5.06000000 7.81945319
5.07000000 6.81905667
5.08000000 5.85011739
5.09000000 4.92050033
5.10000000 4.03592760
5.11000000 3.20033309
5.12000000 2.41551781
5.13000000 1.68178353
5.14000000 0.99810476
5.15000000 0.36262142
5.16000000 -0.22662697
5.17000000 -0.77145043
5.18000000 -1.27287874
5.19000000 -1.73112939
5.20000000 -2.14547248
5.21000000 -2.51451774
5.22000000 -2.83654803
5.23000000 -3.11018218
5.24000000 -3.33478993
5.25000000 -3.51112740
5.26000000 -3.64167570
5.27000000 -3.73084503
5.28000000 -3.78475281
5.29000000 -3.81082400
5.30000000 -3.81717709
5.31000000 -3.81170423
5.32000000 -3.80113518
5.33000000 -3.79019015
5.34000000 -3.78085223
5.35000000 -3.77201418
5.36000000 -3.75943521
5.37000000 -3.73608771
5.38000000 -3.69294398
5.39000000 -3.62000209
5.40000000 -3.50750163
5.41000000 -3.34713489
5.42000000 -3.13309435
5.43000000 -2.86294436
5.44000000 -2.53788872
5.45000000 -2.16282238
5.46000000 -1.74565717
5.47000000 -1.29658001
5.48000000 -0.82670186
5.49000000 -0.34699122
5.50000000 0.13311124
5.51000000 0.60642413
5.52000000 1.06875686
5.53000000 1.51878631
5.54000000 1.95781814
5.55000000 2.38879170
5.56000000 2.81524664
5.57000000 3.23992270
5.58000000 3.66363480
5.59000000 4.08413056
5.60000000 4.49569449
5.61000000 4.88884176
5.62000000 5.25100785
5.63000000 5.56739497
5.64000000 5.82234838
5.65000000 6.00096387
5.66000000 6.09065677
5.67000000 6.08251935
5.68000000 5.97238001
5.69000000 5.76114717
5.70000000 5.45473662
5.71000000 5.06325206
5.72000000 4.59992071
5.73000000 4.07934234
5.74000000 3.51604654
5.75000000 2.92283153
5.76000000 2.30962855
5.77000000 1.68268879
5.78000000 1.04460767
5.79000000 0.39455996
5.80000000 -0.27050907
5.81000000 -0.95480599
5.82000000 -1.66193847
5.83000000 -2.39374405
5.84000000 -3.14888150
5.85000000 -3.92240207
5.86000000 -4.70532121
5.87000000 -5.48540330
5.88000000 -6.24774158
5.89000000 -6.97657089
5.90000000 -7.65652693
5.91000000 -8.27422692
5.92000000 -8.81977223
5.93000000 -9.28738424
5.94000000 -9.67582161
5.95000000 -9.98802329
5.96000000 -10.23027246
5.97000000 -10.41086583
5.98000000 -10.53846277
5.99000000 -10.62066124
6.00000000 -10.66249989
6.01000000 -10.66549105
6.02000000 -10.62718806
6.03000000 -10.54139442
6.04000000 -10.39885797
6.05000000 -10.18867211
6.06000000 -9.89956902
6.07000000 -9.52191127
6.08000000 -9.04877905
6.09000000 -8.47745484
6.10000000 -7.80982239
6.11000000 -7.05257790
6.12000000 -6.21646757
6.13000000 -5.31550711
6.14000000 -4.36530278
6.15000000 -3.38175011
6.16000000 -2.37951276
6.17000000 -1.37073618
6.18000000 -0.36464848
6.19000000 0.63292753
6.20000000 1.61881832
6.21000000 2.59196774
6.22000000 3.55188976
6.23000000 4.49761253
6.24000000 5.42611846
6.25000000 6.33167137
6.26000000 7.20496517
6.27000000 8.03340344
6.28000000 8.80147439
6.29000000 9.49202511
6.30000000 10.08743056
6.31000000 10.57148640
6.32000000 10.93071776
6.33000000 11.15590563
6.34000000 11.24271237
6.35000000 11.19213834
6.36000000 11.01024568
6.37000000 10.70732874
6.38000000 10.29673812
6.39000000 9.79326042
6.40000000 9.21193506
6.41000000 8.56629970
6.42000000 7.86776011
6.43000000 7.12496690
6.44000000 6.34354060
6.45000000 5.52695958
6.46000000 4.67700611
6.47000000 3.79523306
6.48000000 2.88378272
6.49000000 1.94669104
6.50000000 0.99031051
6.51000000 0.02401805
6.52000000 -0.94041179
6.53000000 -1.88891834
6.54000000 -2.80654019
6.55000000 -3.67819794
6.56000000 -4.49027895
6.57000000 -5.23143739
6.58000000 -5.89365790
6.59000000 -6.47249846
6.60000000 -6.96728886
6.61000000 -7.38051367
6.62000000 -7.71722276
6.63000000 -7.98381835
6.64000000 -8.18718462
6.65000000 -8.33353297
6.66000000 -8.42772644
6.67000000 -8.47270288
6.68000000 -8.46953570
6.69000000 -8.41767328
6.70000000 -8.31558720
6.71000000 -8.16147177
6.72000000 -7.95425804
6.73000000 -7.69430317
6.74000000 -7.38394237
6.75000000 -7.02788607
6.76000000 -6.63302817
6.77000000 -6.20815440
6.78000000 -5.76332422
6.79000000 -5.30898168
6.80000000 -4.85526257
6.81000000 -4.41107098
6.82000000 -3.98377308
6.83000000 -3.57871537
6.84000000 -3.19940572
6.85000000 -2.84773099
6.86000000 -2.52459838
6.87000000 -2.23045359
6.88000000 -1.96605010
6.89000000 -1.73285261
6.90000000 -1.53344309
6.91000000 -1.37153297
6.92000000 -1.25173746
6.93000000 -1.17908054
6.94000000 -1.15837223
6.95000000 -1.19347477
6.96000000 -1.28665737
6.97000000 -1.43807554
6.98000000 -1.64552761
6.99000000 -1.90445850
7.00000000 -2.20839031
7.01000000 -2.54933688
7.02000000 -2.91869200
7.03000000 -3.30787475
7.04000000 -3.70916566
7.05000000 -4.11606549
7.06000000 -4.52371309
7.07000000 -4.92867032
7.08000000 -5.32870643
7.09000000 -5.72203058
7.10000000 -6.10673533
7.11000000 -6.47984538
7.12000000 -6.83685306
7.13000000 -7.17104374
7.14000000 -7.47361307
7.15000000 -7.73363856
7.16000000 -7.93889479
7.17000000 -8.07636882
7.18000000 -8.13346520
7.19000000 -8.09886528
7.20000000 -7.96355096
7.21000000 -7.72127218
7.22000000 -7.36910157
7.23000000 -6.90725789
7.24000000 -6.33880639
7.25000000 -5.66888604
7.26000000 -4.90404768
7.27000000 -4.05110623
7.28000000 -3.11660245
7.29000000 -2.10600998
7.30000000 -1.02369975
7.31000000 0.12722633
7.32000000 1.34407112
7.33000000 2.62420616
7.34000000 3.96375505
7.35000000 5.35697163
7.36000000 6.79502081
7.37000000 8.26582025
7.38000000 9.75334492
7.39000000 11.23844966
7.40000000 12.69881231
7.41000000 14.11065893
7.42000000 15.44941041
7.43000000 16.69167656
7.44000000 17.81613420
7.45000000 18.80479991
7.46000000 19.64404189
7.47000000 20.32477845
7.48000000 20.84252363
7.49000000 21.19685935
7.50000000 21.39092521
7.51000000 21.43029939
7.52000000 21.32196641
7.53000000 21.07369787
7.54000000 20.69293970
7.55000000 20.18692823
7.56000000 19.56239170
7.57000000 18.82567293
7.58000000 17.98361954
7.59000000 17.04387019
7.60000000 16.01559077
7.61000000 14.91025363
7.62000000 13.74143554
7.63000000 12.52510066
7.64000000 11.27916578
7.65000000 10.02295669
7.66000000 8.77584815
7.67000000 7.55679665
7.68000000 6.38272353
7.69000000 5.26790465
7.70000000 4.22325714
7.71000000 3.25569648
7.72000000 2.36845876
7.73000000 1.56115257
7.74000000 0.83075365
7.75000000 0.17209767
7.76000000 -0.42079490
7.77000000 -0.95408847
7.78000000 -1.43305935
7.79000000 -1.86182376
7.80000000 -2.24283314
7.81000000 -2.57713714
7.82000000 -2.86458487
7.83000000 -3.10450134
7.84000000 -3.29628449
7.85000000 -3.44016243
7.86000000 -3.53779530
7.87000000 -3.59270150
7.88000000 -3.61051630
7.89000000 -3.59887265
7.90000000 -3.56712360
7.91000000 -3.52581011
7.92000000 -3.48595605
7.93000000 -3.45834920
7.94000000 -3.45284173
7.95000000 -3.47763141
7.96000000 -3.53891721
7.97000000 -3.64052809
7.98000000 -3.78398240
7.99000000 -3.96857522
8.00000000 -4.19172733
8.01000000 -4.44949953
8.02000000 -4.73694253
8.03000000 -5.04894377
8.04000000 -5.38032599
8.05000000 -5.72650770
8.05999900 -6.08360284
8.07000000 -6.44878789
8.08000000 -6.81995914
8.09000000 -7.19586727
8.09999900 -7.57562871
8.11000000 -7.95876450
8.12000000 -8.34440295
8.13000000 -8.73104321
8.13999900 -9.11619927
8.15000000 -9.49604816
8.16000000 -9.86510363
8.17000000 -10.21609540
8.17999900 -10.53998233
8.19000000 -10.82625017
8.20000000 -11.06293577
8.21000000 -11.23753099
8.22000000 -11.33732675
8.23000000 -11.35034346
8.24000000 -11.26607517
8.25000000 -11.07628777
8.26000000 -10.77560312
8.27000000 -10.36228711
8.28000000 -9.83814983
8.29000000 -9.20877788
8.30000000 -8.48319444
8.30999900 -7.67339019
8.32000000 -6.79312423
8.33000000 -5.85756409
8.34000000 -4.88184017
8.34999900 -3.88044101
8.36000000 -2.86603524
8.37000000 -1.84950991
8.38000000 -0.83952888
8.38999900 0.15716757
8.40000000 1.13560092
8.41000000 2.09128017
8.42000000 3.01965205
8.42999900 3.91511536
8.44000000 4.77056150
8.45000000 5.57640702
8.46000000 6.32086624
8.47000000 6.99004422
8.48000000 7.56869942
8.49000000 8.04152798
8.50000000 8.39401503
8.51000000 8.61408556
8.52000000 8.69345748
8.53000000 8.62865240
8.54000000 8.42156051
8.55000000 8.07990029
8.55999900 7.61669688
8.57000000 7.04942556
8.58000000 6.39896702
8.59000000 5.68796589
8.59999900 4.93928189
8.61000000 4.17412610
8.62000000 3.41135959
8.63000000 2.66611238
8.63999900 1.94967343
8.65000000 1.26925738
8.66000000 0.62899016
8.67000000 0.03058273
8.67999900 -0.52544677
8.69000000 -1.03878175
8.70000000 -1.50798562
8.71000000 -1.92996834
8.72000000 -2.29964622
8.73000000 -2.60998203
8.74000000 -2.85272991
8.75000000 -3.01912785
8.76000000 -3.10121855
8.77000000 -3.09297951
8.78000000 -2.99150141
8.79000000 -2.79778004
8.80000000 -2.51720166
8.80999900 -2.15957025
8.82000000 -1.73853707
8.83000000 -1.27088895
8.84000000 -0.77528895
8.84999900 -0.27099587
8.86000000 0.22363290
8.87000000 0.69204158
8.88000000 1.12052293
8.88999900 1.49861338
8.90000000 1.81937730
8.91000000 2.07877798
8.92000000 2.27531925
8.92999900 2.40912942
8.94000000 2.48111173
8.95000000 2.49212011
8.96000000 2.44239854
8.97000000 2.33125927
8.98000000 2.15713961
8.99000000 1.91781769
9.00000000 1.61109805
9.01000000 1.23557252
9.02000000 0.79137734
9.03000000 0.28075144
9.04000000 -0.29115056
9.05000000 -0.91622451
9.05999900 -1.58332743
9.07000000 -2.27893056
9.08000000 -2.98737395
9.09000000 -3.69194908
9.09999900 -4.37570604
9.11000000 -5.02265810
9.12000000 -5.61815684
9.13000000 -6.14986738
9.13999900 -6.60796038
9.15000000 -6.98548590
9.16000000 -7.27806825
9.17000000 -7.48382665
9.17999900 -7.60287974
9.19000000 -7.63702218
9.20000000 -7.58928195
9.21000000 -7.46362069
9.22000000 -7.26472539
9.23000000 -6.99789895
9.24000000 -6.66891455
9.25000000 -6.28425333
9.26000000 -5.85104895
9.27000000 -5.37709555
9.28000000 -4.87067888
9.29000000 -4.34073388
9.30000000 -3.79636129
9.30999900 -3.24677959
9.32000000 -2.70064544
9.33000000 -2.16620454
9.34000000 -1.65076640
9.34999900 -1.16069359
9.36000000 -0.70115944
9.37000000 -0.27652306
9.38000000 0.10967673
9.38999900 0.45442216
9.40000000 0.75509770
9.41000000 1.00906588
9.42000000 1.21373433
9.42999900 1.36651862
9.44000000 1.46503775
9.45000000 1.50737366
9.46000000 1.49249303
9.46999900 1.42069746
9.48000000 1.29404086
9.49000000 1.11668199
9.50000000 0.89506478
9.51000000 0.63785492
9.52000000 0.35581129
9.53000000 0.06113247
9.54000000 -0.23294612
9.55000000 -0.51308935
9.55999900 -0.76657443
9.57000000 -0.98220236
9.58000000 -1.15081612
9.59000000 -1.26587721
9.59999900 -1.32376459
9.61000000 -1.32378601
9.62000000 -1.26800027
9.63000000 -1.16086793
9.63999900 -1.00872354
9.65000000 -0.81918050
9.66000000 -0.60060163
9.67000000 -0.36150015
9.67999900 -0.11015294
9.69000000 0.14584588
9.70000000 0.39963071
9.71000000 0.64522555
9.71999900 0.87752673
9.73000000 1.09228887
9.74000000 1.28591814
9.75000000 1.45541913
9.76000000 1.59831134
9.77000000 1.71257440
9.78000000 1.79666009
9.79000000 1.84939866
9.80000000 1.87007779
9.80999900 1.85846400
9.82000000 1.81477712
9.83000000 1.73974865
9.84000000 1.63467449
9.84999900 1.50145543
9.86000000 1.34263017
9.87000000 1.16164827
9.88000000 0.96295387
9.88999900 0.75224226
9.90000000 0.53657352
9.91000000 0.32473856
9.92000000 0.12713209
9.92999900 -0.04408679
9.94000000 -0.17541912
9.95000000 -0.25223740
9.96000000 -0.25949406
9.96999900 -0.18252804
9.98000000 -0.00790000
9.99000000 0.27560504
10.00000000 0.67608056
10.01000000 1.19771135
10.02000000 1.84026789
10.03000000 2.59907734
10.04000000 3.46479440
10.05000000 4.42421682
10.06000000 5.46080958
10.07000000 6.55616164
10.08000000 7.69053117
10.09000000 8.84428551
10.10000000 9.99871523
10.11000000 11.13706140
10.12000000 12.24431696
10.13000000 13.30763349
10.14000000 14.31586432
10.15000000 15.25912471
10.16000000 16.12790059
10.17000000 16.91251141
10.18000000 17.60213009
10.19000000 18.18529776
10.20000000 18.64911976
10.21000000 18.98013088
10.22000000 19.16514565
10.23000000 19.19216386
10.24000000 19.05172369
10.25000000 18.73817223
10.26000000 18.25075189
10.27000000 17.59411845
10.28000000 16.77863988
10.29000000 15.82033312
10.30000000 14.73962732
10.31000000 13.56048410
10.32000000 12.30817521
10.33000000 11.00811200
10.34000000 9.68396764
10.35000000 8.35621519
10.36000000 7.04065726
10.37000000 5.74887142
10.38000000 4.48755766
10.39000000 3.25970821
10.40000000 2.06502854
10.41000000 0.90202686
10.42000000 -0.23094924
10.43000000 -1.33437822
10.44000000 -2.40693583
10.45000000 -3.44446257
10.46000000 -4.44040915
10.47000000 -5.38623017
10.48000000 -6.27273277
10.49000000 -7.09086260
10.50000000 -7.83325915
10.51000000 -8.49564553
10.52000000 -9.07739483
10.53000000 -9.58239418
10.54000000 -10.01851668
10.55000000 -10.39710375
10.56000000 -10.73186573
10.57000000 -11.03746853
10.58000000 -11.32769381
10.59000000 -11.61407746
10.60000000 -11.90444721
10.61000000 -12.20235642
10.62000000 -12.50637984
10.63000000 -12.81082475
10.64000000 -13.10605558
10.65000000 -13.38003025
10.66000000 -13.61962547
10.67000000 -13.81198846
10.68000000 -13.94597485
10.69000000 -14.01302275
10.70000000 -14.00775121
10.71000000 -13.92804354
10.72000000 -13.77449853
10.73000000 -13.54967211
10.74000000 -13.25729979
10.75000000 -12.90112331
10.76000000 -12.48391979
10.77000000 -12.00717150
10.78000000 -11.47050471
10.79000000 -10.87233380
10.80000000 -10.21013631
10.81000000 -9.48169802
10.82000000 -8.68579499
10.83000000 -7.82367921
10.84000000 -6.89974326
10.85000000 -5.92213969
10.86000000 -4.90260846
10.87000000 -3.85655955
10.88000000 -2.80191034
10.89000000 -1.75814966
10.90000000 -0.74451164
10.91000000 0.22077240
10.92000000 1.12211265
10.93000000 1.94728573
10.94000000 2.68829133
10.95000000 3.34084169
10.96000000 3.90429265
10.97000000 4.38065874
10.98000000 4.77383836
10.99000000 5.08816578
11.00000000 5.32760314
11.01000000 5.49497118
11.02000000 5.59144635
11.03000000 5.61675905
11.04000000 5.56939299
11.05000000 5.44744739
11.06000000 5.24954735
11.07000000 4.97577003
11.08000000 4.62849970
11.09000000 4.21314585
11.10000000 3.73824393
11.11000000 3.21514217
11.12000000 2.65767562
11.13000000 2.08107359
11.14000000 1.50087196
11.15000000 0.93141468
11.16000000 0.38517984
11.17000000 -0.12844619
11.18000000 -0.60357239
11.19000000 -1.03812875
11.20000000 -1.43332919
11.21000000 -1.79325045
11.22000000 -2.12385131
11.23000000 -2.43213082
11.24000000 -2.72495877
11.25000000 -3.00832948
11.26000000 -3.28671995
11.27000000 -3.56293586
11.28000000 -3.83788374
11.29000000 -4.11102357
11.30000000 -4.38074067
11.31000000 -4.64484395
11.32000000 -4.90122128
11.33000000 -5.14802565
11.34000000 -5.38395469
11.35000000 -5.60816061
11.36000000 -5.82010613
11.37000000 -6.01900885
11.38000000 -6.20348602
11.39000000 -6.37104199
11.40000000 -6.51788209
11.41000000 -6.63867054
11.42000000 -6.72678952
11.43000000 -6.77472974
11.44000000 -6.77475827
11.45000000 -6.71960447
11.46000000 -6.60333412
11.47000000 -6.42209177
11.48000000 -6.17449082
11.49000000 -5.86204851
11.50000000 -5.48900546
11.51000000 -5.06206634
11.52000000 -4.58960410
11.53000000 -4.08113848
11.54000000 -3.54633819
11.55000000 -2.99428782
11.56000000 -2.43305043
11.57000000 -1.86907808
11.58000000 -1.30759805
11.59000000 -0.75265982
11.60000000 -0.20782005
11.61000000 0.32340943
11.62000000 0.83658755
11.63000000 1.32595191
11.64000000 1.78405663
11.65000000 2.20193213
11.66000000 2.56915889
11.67000000 2.87478936
11.68000000 3.10821732
11.69000000 3.26035010
11.70000000 3.32460309
11.71000000 3.29797970
11.72000000 3.18159306
11.73000000 2.98099451
11.74000000 2.70597351
11.75000000 2.36988349
11.76000000 1.98874478
11.77000000 1.57974202
11.78000000 1.16015333
11.79000000 0.74585731
11.80000000 0.35030741
11.81000000 -0.01619627
11.82000000 -0.34695455
11.83000000 -0.63857090
11.84000000 -0.89059710
11.85000000 -1.10468245
11.86000000 -1.28371990
11.87000000 -1.43075228
11.88000000 -1.54825453
11.89000000 -1.63753002
11.90000000 -1.69850821
11.91000000 -1.72983355
11.92000000 -1.72930826
11.93000000 -1.69460096
11.94000000 -1.62395414
11.95000000 -1.51699961
11.96000000 -1.37528918
11.97000000 -1.20263411
11.98000000 -1.00499218
11.99000000 -0.79014584
12.00000000 -0.56692160
12.01000000 -0.34426631
12.02000000 -0.13009226
12.03000000 0.06961064
12.04000000 0.25167660
12.05000000 0.41629981
12.06000000 0.56709460
12.07000000 0.71099354
12.08000000 0.85735972
12.09000000 1.01721343
12.10000000 1.20199151
12.11000000 1.42247896
12.12000000 1.68761617
12.13000000 2.00375289
12.14000000 2.37411294
12.15000000 2.79876940
12.16000000 3.27478676
12.17000000 3.79678204
12.18000000 4.35768010
12.19000000 4.94978380
12.20000000 5.56521475
12.21000000 6.19684765
12.22000000 6.83855339
12.23000000 7.48552746
12.24000000 8.13385081
12.25000000 8.78019285
12.26000000 9.42116399
12.27000000 10.05300220
12.28000000 10.67049862
12.29000000 11.26689512
12.30000000 11.83367286
12.31000000 12.36065395
12.32000000 12.83662377
12.33000000 13.24959319
12.34000000 13.58800710
12.35000000 13.84140101
12.36000000 14.00159481
12.37000000 14.06289642
12.38000000 14.02288986
12.39000000 13.88272827
12.40000000 13.64662492
12.41000000 13.32167055
12.42000000 12.91722309
12.43000000 12.44402583
12.44000000 11.91324807
12.45000000 11.33608332
12.46000000 10.72267279
12.47000000 10.08200311
12.48000000 9.42120314
12.49000000 8.74603920
12.50000000 8.06073770
12.51000000 7.36850700
12.52000000 6.67153332
12.53000000 5.97183769
12.54000000 5.27138605
12.55000000 4.57238474
12.56000000 3.87736771
12.57000000 3.18913613
12.58000000 2.51085820
12.59000000 1.84573684
12.60000000 1.19688613
12.61000000 0.56683567
12.62000000 -0.04221404
12.63000000 -0.62881698
12.64000000 -1.19217423
12.65000000 -1.73226320
12.66000000 -2.24941436
12.67000000 -2.74432886
12.68000000 -3.21774012
12.69000000 -3.67039026
12.70000000 -4.10256508
12.71000000 -4.51395751
12.72000000 -4.90364647
12.73000000 -5.26999958
12.74000000 -5.61045640
12.75000000 -5.92170639
12.76000000 -6.19964585
12.77000000 -6.43965698
12.78000000 -6.63656321
12.79000000 -6.78495483
12.80000000 -6.87948221
12.81000000 -6.91518303
12.82000000 -6.88777461
12.83000000 -6.79411389
12.84000000 -6.63260651
12.85000000 -6.40350430
12.86000000 -6.10918900
12.87000000 -5.75440796
12.88000000 -5.34624158
12.89000000 -4.89401860
12.90000000 -4.40886259
12.91000000 -3.90344774
12.92000000 -3.39122597
12.93000000 -2.88582934
12.94000000 -2.40015850
12.95000000 -1.94596389
12.96000000 -1.53312741
12.97000000 -1.16923740
12.98000000 -0.85925477
12.99000000 -0.60570549
13.00000000 -0.40868400
13.01000000 -0.26624610
13.02000000 -0.17485623
13.03000000 -0.12997359
13.04000000 -0.12654639
13.05000000 -0.15950444
13.06000000 -0.22411175
13.07000000 -0.31624245
13.08000000 -0.43243970
13.09000000 -0.56990673
13.10000000 -0.72636791
13.11000000 -0.89991249
13.12000000 -1.08873580
13.13000000 -1.29101856
13.14000000 -1.50476811
13.15000000 -1.72789527
13.16000000 -1.95810289
13.17000000 -2.19309711
13.18000000 -2.43066376
13.19000000 -2.66890304
13.20000000 -2.90616598
13.21000000 -3.14120972
13.22000000 -3.37307189
13.23000000 -3.60110673
13.24000000 -3.82462885
13.25000000 -4.04284807
13.26000000 -4.25464380
13.27000000 -4.45852211
13.28000000 -4.65252441
13.29000000 -4.83422957
13.30000000 -5.00097686
13.31000000 -5.15014856
13.32000000 -5.27924476
13.33000000 -5.38629861
13.34000000 -5.46997270
13.35000000 -5.52964398
13.36000000 -5.56536185
13.37000000 -5.57768664
13.38000000 -5.56734471
13.39000000 -5.53487280
13.40000000 -5.48030428
13.41000000 -5.40273931
13.42000000 -5.30034802
13.43000000 -5.17021142
13.44000000 -5.00865914
13.45000000 -4.81171561
13.46000000 -4.57573193
13.47000000 -4.29811446
13.48000000 -3.97802884
13.49000000 -3.61712435
13.50000000 -3.21995404
13.51000000 -2.79416709
13.52000000 -2.35014996
13.53000000 -1.90077871
13.54000000 -1.46037663
13.55000000 -1.04378159
13.56000000 -0.66497796
13.57000000 -0.33624727
13.58000000 -0.06700997
13.59000000 0.13675500
13.60000000 0.27278999
13.61000000 0.34245746
13.62000000 0.35011684
13.63000000 0.30230855
13.64000000 0.20670407
13.65000000 0.07094413
13.66000000 -0.09830560
13.67000000 -0.29617682
13.68000000 -0.51992485
13.69000000 -0.76902117
13.70000000 -1.04460601
13.71000000 -1.34883361
13.72000000 -1.68383201
13.73000000 -2.05079035
13.74000000 -2.44887363
13.75000000 -2.87461459
13.76000000 -3.32160023
13.77000000 -3.78071257
13.78000000 -4.24045847
13.79000000 -4.68808614
13.80000000 -5.11059274
13.81000000 -5.49616753
13.82000000 -5.83497375
13.83000000 -6.12023801
13.84000000 -6.34856720
13.85000000 -6.51989413
13.86000000 -6.63701878
13.87000000 -6.70450749
13.88000000 -6.72769915
13.89000000 -6.71117102
13.90000000 -6.65786264
13.91000000 -6.56796783
13.92000000 -6.43861180
13.93000000 -6.26400429
13.94000000 -6.03602714
13.95000000 -5.74536276
13.96000000 -5.38296730
13.97000000 -4.94165858
13.98000000 -4.41731688
13.99000000 -3.81034225
14.00000000 -3.12605277
14.01000000 -2.37482041
14.02000000 -1.57121088
14.03000000 -0.73322572
14.04000000 0.11953257
14.05000000 0.96747996
14.06000000 1.79303051
14.07000000 2.58161618
14.08000000 3.32284370
14.09000000 4.01079999
14.10000000 4.64366674
14.11000000 5.22291771
14.12000000 5.75176394
14.13000000 6.23353689
14.14000000 6.67020345
14.15000000 7.06106912
14.16000000 7.40180945
14.17000000 7.68445716
14.18000000 7.89782091
14.19000000 8.02878353
14.20000000 8.06396824
14.21000000 7.99170489
14.22000000 7.80401851
14.23000000 7.49829087
14.24000000 7.07839781
14.25000000 6.55510979
14.26000000 5.94561205
14.27000000 5.27214004
14.28000000 4.56028661
14.29000000 3.83651632
14.30000000 3.12573949
14.31000000 2.44884801
14.32000000 1.82115456
14.33000000 1.25124746
14.34000000 0.74074184
14.35000000 0.28505820
14.36000000 -0.12528942
14.37000000 -0.50228684
14.38000000 -0.85827253
14.39000000 -1.20347923
14.40000000 -1.54416316
14.41000000 -1.88103256
14.42000000 -2.20881643
14.43000000 -2.51649877
14.44000000 -2.78858026
14.45000000 -3.00674681
14.46000000 -3.15212559
14.47000000 -3.20769832
14.48000000 -3.16029661
14.49000000 -3.00223287
14.50000000 -2.73218486
14.51000000 -2.35528180
14.52000000 -1.88218863
14.53000000 -1.32788258
14.54000000 -0.70957524
14.55000000 -0.04476026
14.56000000 0.65111723
14.57000000 1.36570912
14.58000000 2.09118652
14.59000000 2.82411779
14.60000000 3.56533322
14.61000000 4.31831887
14.62000000 5.08776159
14.63000000 5.87764286
14.64000000 6.68945411
14.65000000 7.52102313
14.66000000 8.36520631
14.67000000 9.21011651
14.68000000 10.03958254
14.69000000 10.83483649
14.70000000 11.57568842
14.71000000 12.24294788
14.72000000 12.82029173
14.73000000 13.29621179
14.74000000 13.66474050
14.75000000 13.92610689
14.76000000 14.08652584
14.77000000 14.15700030
14.78000000 14.15191542
14.79000000 14.08716234
14.80000000 13.97778923
14.81000000 13.83693698
14.82000000 13.67375196
14.83000000 13.49321236
14.84000000 13.29579345
14.85000000 13.07796268
14.86000000 12.83361045
14.87000000 12.55528234
14.88000000 12.23585465
14.89000000 11.87009966
14.90000000 11.45562833
14.91000000 10.99377809
14.92000000 10.48964003
14.93000000 9.95145585
14.94000000 9.38957229
14.95000000 8.81530334
14.96000000 8.23937651
14.97000000 7.67057870
14.98000000 7.11461721
14.99000000 6.57371201
15.00000000 6.04628959
15.01000000 5.52770703
15.02000000 5.01080221
15.03000000 4.48756753
15.04000000 3.95023986
15.05000000 3.39276416
15.06000000 2.81158286
15.07000000 2.20662060
15.08000000 1.58116268
15.09000000 0.94165869
15.10000000 0.29662123
15.11000000 -0.34414769
15.12000000 -0.97107832
15.13000000 -1.57603579
15.14000000 -2.15332373
15.15000000 -2.70058330
15.16000000 -3.21871351
15.17000000 -3.71185664
15.18000000 -4.18669358
15.19000000 -4.65159170
15.20000000 -5.11520462
15.21000000 -5.58546816
15.22000000 -6.06856536
15.23000000 -6.56825235
15.24000000 -7.08531163
15.25000000 -7.61766063
15.26000000 -8.16079471
15.27000000 -8.70855281
15.28000000 -9.25376459
15.29000000 -9.78941958
15.30000000 -10.30925199
15.31000000 -10.80876989
15.32000000 -11.28506697
15.33000000 -11.73722658
15.34000000 -12.16587801
15.35000000 -12.57278552
15.36000000 -12.95995035
15.37000000 -13.32915271
15.38000000 -13.68124894
15.39000000 -14.01545829
15.40000000 -14.32952418
15.41000000 -14.61940434
15.42000000 -14.87959782
15.43000000 -15.10365786
15.44000000 -15.28463916
15.45000000 -15.41571305
15.46000000 -15.49059758
15.47000000 -15.50410519
15.48000000 -15.45237901
15.49000000 -15.33270376
15.50000000 -15.14369193
15.51000000 -14.88496742
15.52000000 -14.55673085
15.53000000 -14.15970060
15.54000000 -13.69481602
15.55000000 -13.16316477
15.56000000 -12.56575029
15.57000000 -11.90403532
15.58000000 -11.17993944
15.59000000 -10.39610683
15.60000000 -9.55600044
15.61000000 -8.66450233
15.62000000 -7.72769579
15.63000000 -6.75293511
15.64000000 -5.74883430
15.65000000 -4.72453964
15.66000000 -3.69014957
15.67000000 -2.65586682
15.68000000 -1.63205880
15.69000000 -0.62857866
15.70000000 0.34470615
15.71000000 1.27827949
15.72000000 2.16279098
15.73000000 2.98918783
15.74000000 3.74816270
15.75000000 4.43050860
15.76000000 5.02702640
15.77000000 5.52898944
15.78000000 5.92825355
15.79000000 6.21794100
15.80000000 6.39298750
15.81000000 6.45078442
15.82000000 6.39149711
15.83000000 6.21847788
15.84000000 5.93835373
15.85000000 5.56058542
15.86000000 5.09725839
15.87000000 4.56223401
15.88000000 3.97014173
15.89000000 3.33567940
15.90000000 2.67228652
15.91000000 1.99189025
15.92000000 1.30415035
15.93000000 0.61642068
15.94000000 -0.06625342
15.95000000 -0.74030937
15.96000000 -1.40310485
15.97000000 -2.05193765
15.98000000 -2.68336462
15.99000000 -3.29213194
16.00000000 -3.87083485
16.01000000 -4.40977742
16.02000000 -4.89713371
16.03000000 -5.31953293
16.04000000 -5.66321526
16.05000000 -5.91477453
16.06000000 -6.06259572
16.07000000 -6.09797297
16.08000000 -6.01601531
16.09000000 -5.81620365
16.10000000 -5.50261771
16.11000000 -5.08373840
16.12000000 -4.57143753
16.13000000 -3.98057496
16.14000000 -3.32746595
16.15000000 -2.62877101
16.16000000 -1.90030056
16.17000000 -1.15613116
16.18000000 -0.40795824
16.19000000 0.33515133
16.20000000 1.06652731
16.21000000 1.78204840
16.22000000 2.47865801
16.23000000 3.15415256
16.24000000 3.80625933
16.25000000 4.43204601
16.26000000 5.02745577
16.27000000 5.58711213
16.28000000 6.10437885
16.29000000 6.57212381
16.30000000 6.98268546
16.31000000 7.32884804
16.32000000 7.60472422
16.33000000 7.80593556
16.34000000 7.93043531
16.35000000 7.97846744
16.36000000 7.95260573
16.37000000 7.85751988
16.38000000 7.69943511
16.39000000 7.48563803
16.40000000 7.22370707
16.41000000 6.92115880
16.42000000 6.58473844
16.43000000 6.22027229
16.44000000 5.83250346
16.45000000 5.42523388
16.46000000 5.00112750
16.47000000 4.56270931
16.48000000 4.11223546
16.49000000 3.65216189
16.50000000 3.18551752
16.51000000 2.71590596
16.52000000 2.24770183
16.53000000 1.78589081
16.54000000 1.33563302
16.55000000 0.90239348
16.56000000 0.49135774
16.57000000 0.10707308
16.58000000 -0.24666737
16.59000000 -0.56715106
16.60000000 -0.85274604
16.61000000 -1.10287327
16.62000000 -1.31810116
16.63000000 -1.49967718
16.64000000 -1.64952175
16.65000000 -1.76994419
16.66000000 -1.86344759
16.67000000 -1.93254773
16.68000000 -1.97963717
16.69000000 -2.00690460
16.70000000 -2.01627678
16.71000000 -2.00944239
16.72000000 -1.98784475
16.73000000 -1.95270727
16.74000000 -1.90510193
16.75000000 -1.84596514
16.76000000 -1.77613197
16.77000000 -1.69640167
16.78000000 -1.60754412
16.79000000 -1.51035746
16.80000000 -1.40570281
16.81000000 -1.29453246
16.82000000 -1.17790176
16.83000000 -1.05695449
16.84000000 -0.93285703
16.85000000 -0.80673387
16.86000000 -0.67954998
16.87000000 -0.55185029
16.88000000 -0.42374683
16.89000000 -0.29465383
16.90000000 -0.16316449
16.91000000 -0.02700376
16.92000000 0.11697587
16.93000000 0.27266732
16.94000000 0.44452482
16.95000000 0.63726932
16.96000000 0.85554961
16.97000000 1.10352554
16.98000000 1.38454983
16.99000000 1.70081538
17.00000000 2.05320162
17.01000000 2.44120387
17.02000000 2.86297933
17.03000000 3.31539338
17.04000000 3.79473511
17.05000000 4.29653150
17.06000000 4.81616497
17.07000000 5.34919136
17.08000000 5.89147461
17.09000000 6.43928838
17.10000000 6.98930047
17.11000000 7.53823808
17.12000000 8.08298882
17.13000000 8.61969305
17.14000000 9.14367445
17.15000000 9.64928614
17.16000000 10.12950348
17.17000000 10.57613933
17.18000000 10.97997557
17.19000000 11.33109773
17.20000000 11.61946710
17.21000000 11.83581597
17.22000000 11.97173443
17.23000000 12.02073863
17.24000000 11.97854717
17.25000000 11.84342633
17.26000000 11.61618044
17.27000000 11.30004063
17.28000000 10.90046822
17.29000000 10.42424459
17.30000000 9.87927109
17.31000000 9.27396048
17.32000000 8.61660922
17.33000000 7.91503974
17.34000000 7.17644587
17.35000000 6.40742499
17.36000000 5.61409558
17.37000000 4.80194234
17.38000000 3.97688924
17.39000000 3.14514715
17.40000000 2.31333413
17.41000000 1.48883557
17.42000000 0.67960106
17.43000000 -0.10611922
17.44000000 -0.86005452
17.45000000 -1.57427497
17.46000000 -2.24217998
17.47000000 -2.85808528
17.48000000 -3.41810083
17.49000000 -3.92009820
17.50000000 -4.36368815
17.51000000 -4.75000383
17.52000000 -5.08133021
17.53000000 -5.36059273
17.54000000 -5.59114735
17.55000000 -5.77601501
17.56000000 -5.91790651
17.57000000 -6.01895254
17.58000000 -6.08085561
17.59000000 -6.10509429
17.60000000 -6.09327336
17.61000000 -6.04759440
17.62000000 -5.97105810
17.63000000 -5.86794428
17.64000000 -5.74377906
17.65000000 -5.60528645
17.66000000 -5.46004664
17.67000000 -5.31601441
17.68000000 -5.18089872
17.69000000 -5.06155070
17.70000000 -4.96334248
17.71000000 -4.88971795
17.72000000 -4.84207586
17.73000000 -4.81977280
17.74000000 -4.82053365
17.75000000 -4.84092096
17.76000000 -4.87712331
17.77000000 -4.92573232
17.78000000 -4.98437050
17.79000000 -5.05234036
17.80000000 -5.13076194
17.81000000 -5.22259371
17.82000000 -5.33213733
17.83000000 -5.46454427
17.84000000 -5.62481289
17.85000000 -5.81684861
17.86000000 -6.04261925
17.87000000 -6.30163199
17.88000000 -6.59018574
17.89000000 -6.90158697
17.90000000 -7.22660706
17.91000000 -7.55392718
17.92000000 -7.87150292
17.93000000 -8.16747603
17.94000000 -8.43133382
17.95000000 -8.65513955
17.96000000 -8.83404219
17.97000000 -8.96665553
17.98000000 -9.05509608
17.99000000 -9.10434820
18.00000000 -9.12163587
18.01000000 -9.11515934
18.02000000 -9.09319205
18.03000000 -9.06293906
18.04000000 -9.02960952
18.05000000 -8.99606380
18.06000000 -8.96255338
18.07000000 -8.92691408
18.08000000 -8.88518420
18.09000000 -8.83235253
18.10000000 -8.76321379
18.11000000 -8.67321264
18.12000000 -8.55900407
18.13000000 -8.41902102
18.14000000 -8.25356475
18.15000000 -8.06437173
18.16000000 -7.85441782
18.17000000 -7.62706729
18.18000000 -7.38549556
18.19000000 -7.13189397
18.20000000 -6.86729912
18.21000000 -6.59091566
18.22000000 -6.30074453
18.23000000 -5.99362078
18.24000000 -5.66588547
18.25000000 -5.31405628
18.26000000 -4.93555934
18.27000000 -4.52923405
18.28000000 -4.09573529
18.29000000 -3.63728169
18.30000000 -3.15773171
18.31000000 -2.66173789
18.32000000 -2.15405113
18.33000000 -1.63864275
18.34000000 -1.11792455
18.35000000 -0.59223463
18.36000000 -0.05966418
18.37000000 0.48415970
18.38000000 1.04492223
18.39000000 1.62906118
18.40000000 2.24255680
18.41000000 2.88972138
18.42000000 3.57201924
18.43000000 4.28717237
18.44000000 5.02886065
18.45000000 5.78647541
18.46000000 6.54634019
18.47000000 7.29190200
18.48000000 8.00566487
18.49000000 8.67063958
18.50000000 9.27187076
18.51000000 9.79782360
18.52000000 10.24113864
18.53000000 10.59909786
18.54000000 10.87361909
18.55000000 11.07004834
18.56000000 11.19644018
18.57000000 11.26176014
18.58000000 11.27459199
18.59000000 11.24171315
18.60000000 11.16701237
18.61000000 11.05118962
18.62000000 10.89161952
18.63000000 10.68320206
18.64000000 10.41930755
18.65000000 10.09334717
18.66000000 9.70027529
18.67000000 9.23793174
18.68000000 8.70824151
18.69000000 8.11768449
18.70000000 7.47745449
18.71000000 6.80233296
18.72000000 6.11033095
18.73000000 5.42052784
18.74000000 4.75167585
18.75000000 4.12041352
18.76000000 3.53997071
18.77000000 3.01927493
18.78000000 2.56260791
18.79000000 2.16961164
18.80000000 1.83667874
18.81000000 1.55762705
18.82000000 1.32542962
18.83000000 1.13358048
18.84000000 0.97727985
18.85000000 0.85427140
18.86000000 0.76508979
18.87000000 0.71275313
18.88000000 0.70195401
18.89000000 0.73778425
18.90000000 0.82423306
18.91000000 0.96286590
18.92000000 1.15149930
18.93000000 1.38348475
18.94000000 1.64749230
18.95000000 1.92813089
18.96000000 2.20671940
18.97000000 2.46297284
18.98000000 2.67682434
18.99000000 2.83027151
19.00000000 2.90917272
19.01000000 2.90448908
19.02000000 2.81298886
19.03000000 2.63750568
19.04000000 2.38607591
19.05000000 2.07111071
19.06000000 1.70759242
19.07000000 1.31147111
19.08000000 0.89785006
19.09000000 0.47955913
19.10000000 0.06609862
19.11000000 -0.33668659
19.12000000 -0.72677057
19.13000000 -1.10484076
19.14000000 -1.47345199
19.15000000 -1.83561947
19.16000000 -2.19342983
19.17000000 -2.54682862
19.18000000 -2.89282193
19.19000000 -3.22505237
19.20000000 -3.53421257
19.21000000 -3.80842037
19.22000000 -4.03458586
19.23000000 -4.19966750
19.24000000 -4.29221556
19.25000000 -4.30356504
19.26000000 -4.22899449
19.27000000 -4.06821304
19.28000000 -3.82554039
19.29000000 -3.50926160
19.30000000 -3.13114092
19.31000000 -2.70507719
19.32000000 -2.24584990
19.33000000 -1.76790869
19.34000000 -1.28429021
19.35000000 -0.80584692
19.36000000 -0.34096384
19.37000000 0.10479967
19.38000000 0.52780777
19.39000000 0.92614375
19.40000000 1.29877839
19.41000000 1.64475661
19.42000000 1.96277832
19.43000000 2.25068240
19.44000000 2.50534914
19.45000000 2.72311784
19.46000000 2.89991916
19.47000000 3.03205784
19.48000000 3.11692122
19.49000000 3.15347958
19.50000000 3.14282622
19.51000000 3.08841277
19.52000000 2.99594025
19.53000000 2.87315387
19.54000000 2.72915767
19.55000000 2.57388055
19.56000000 2.41721415
19.57000000 2.26832111
19.58000000 2.13505641
19.59000000 2.02357938
19.60000000 1.93815689
19.61000000 1.88115851
19.62000000 1.85345610
19.63000000 1.85463204
19.64000000 1.88340007
19.65000000 1.93810471
19.66000000 2.01685540
19.67000000 2.11777695
19.68000000 2.23897099
19.69000000 2.37841921
19.70000000 2.53377036
19.71000000 2.70204918
19.72000000 2.87946115
19.73000000 3.06127429
19.74000000 3.24177802
19.75000000 3.41451336
19.76000000 3.57246507
19.77000000 3.70852610
19.78000000 3.81582752
19.79000000 3.88836087
19.80000000 3.92103868
19.81000000 3.91006635
19.82000000 3.85288709
19.83000000 3.74812661
19.84000000 3.59524554
19.85000000 3.39424925
19.86000000 3.14537721
19.87000000 2.84859642
19.88000000 2.50377638
19.89000000 2.11049356
19.90000000 1.66836281
19.91000000 1.17727198
19.92000000 0.63802802
19.93000000 0.05280926
19.94000000 -0.57424774
19.95000000 -1.23718044
19.96000000 -1.92741974
19.97000000 -2.63446184
19.98000000 -3.34622829
19.99000000 -4.04972544
20.00000000 -4.73208284
