0.02000000 -0.02284346
0.03000000 -0.03382178
0.04000000 -0.04487151
0.05000000 -0.05530714
0.06000000 -0.06597202
0.07000000 -0.07586061
0.08000000 -0.08479676
0.09000000 -0.09261473
0.09999999 -0.09956250
0.11000000 -0.10573956
0.12000000 -0.11169666
0.13000000 -0.11793496
0.14000000 -0.12514787
0.15000000 -0.13386476
0.16000000 -0.14450961
0.17000000 -0.15722828
0.18000000 -0.17178328
0.19000000 -0.18764053
0.20000000 -0.20396935
0.21000000 -0.21976492
0.22000000 -0.23398675
0.23000000 -0.24576389
0.24000000 -0.25454993
0.25000000 -0.26022973
0.26000000 -0.26320726
0.27000000 -0.26436562
0.28000000 -0.26495621
0.29000000 -0.26643688
0.30000000 -0.27022586
0.31000000 -0.27747396
0.32000000 -0.28885460
0.33000000 -0.30440511
0.34000000 -0.32348902
0.35000000 -0.34484221
0.36000000 -0.36674907
0.37000000 -0.38729077
0.38000000 -0.40465141
0.39000000 -0.41741665
0.40000000 -0.42483622
0.41000000 -0.42698047
0.42000000 -0.42478666
0.43000000 -0.41995015
0.44000000 -0.41468734
0.45000000 -0.41140960
0.46000000 -0.41234264
0.47000000 -0.41914274
0.48000000 -0.43261034
0.49000000 -0.45250639
0.50000000 -0.47754127
0.51000000 -0.50552507
0.52000000 -0.53368214
0.53000000 -0.55907811
0.54000000 -0.57906337
0.55000000 -0.59175075
0.56000000 -0.59632770
0.57000000 -0.59325797
0.58000000 -0.58425812
0.59000000 -0.57207909
0.60000000 -0.56012384
0.61000000 -0.55190255
0.62000000 -0.55049667
0.63000000 -0.55802842
0.64000000 -0.57527667
0.65000000 -0.60148693
0.66000000 -0.63443432
0.67000000 -0.67070774
0.68000000 -0.70620613
0.69000000 -0.73677100
0.70000000 -0.75885571
0.71000000 -0.77011599
0.72000000 -0.76985259
0.73000000 -0.75917873
0.74000000 -0.74094049
0.75000000 -0.71931997
0.76000000 -0.69923247
0.77000000 -0.68555760
0.78000000 -0.68236516
0.79000000 -0.69221515
0.80000000 -0.71568258
0.81000000 -0.75118074
0.82000000 -0.79511381
0.83000000 -0.84237955
0.84000000 -0.88709889
0.85000000 -0.92355361
0.86000000 -0.94709759
0.87000000 -0.95496147
0.88000000 -0.94677703
0.89000000 -0.92476502
0.90000000 -0.89347105
0.91000000 -0.85915682
0.92000000 -0.82886535
0.93000000 -0.80929573
0.94000000 -0.80569560
0.95000000 -0.82092071
0.96000000 -0.85480741
0.97000000 -0.90400339
0.98000000 -0.96229911
0.98999990 -1.02142169
1.00000000 -1.07220686
1.01000000 -1.10598337
1.02000000 -1.11595235
1.03000000 -1.09839580
1.04000000 -1.05342755
1.05000000 -0.98527186
1.06000000 -0.90187645
1.07000000 -0.81397142
1.08000000 -0.73364697
1.09000000 -0.67265623
1.10000000 -0.64066973
1.11000000 -0.64374600
1.12000000 -0.68328962
1.13000000 -0.75557683
1.14000000 -0.85208761
1.15000000 -0.96050390
1.16000000 -1.06633564
1.17000000 -1.15490634
1.18000000 -1.21349373
1.19000000 -1.23323871
1.20000000 -1.21060379
1.21000000 -1.14810142
1.22000000 -1.05419262
1.23000000 -0.94231839
1.24000000 -0.82918614
1.25000000 -0.73252111
1.26000000 -0.66858133
1.27000000 -0.64981406
1.28000000 -0.68293160
1.29000000 -0.76778477
1.30000000 -0.89709824
1.31000000 -1.05726639
1.32000000 -1.22998954
1.33000000 -1.39466105
1.34000000 -1.53110439
1.35000000 -1.62233653
1.36000000 -1.65693581
1.37000000 -1.63072186
1.38000000 -1.54743464
1.39000000 -1.41837654
1.40000000 -1.26099413
1.41000000 -1.09662619
1.42000000 -0.94767195
1.43000000 -0.83460208
1.44000000 -0.77324776
1.45000000 -0.77264452
1.46000000 -0.83386694
1.47000000 -0.94991167
1.48000000 -1.10668410
1.49000000 -1.28497026
1.50000000 -1.46306650
1.51000000 -1.61975189
1.52000000 -1.73715088
1.53000000 -1.80306573
1.54000000 -1.81254030
1.55000000 -1.76832516
1.56000000 -1.68028397
1.57000000 -1.56379453
1.58000000 -1.43738234
1.59000000 -1.31999088
1.60000000 -1.22819214
1.61000000 -1.17390370
1.62000000 -1.16278117
1.63000000 -1.19363739
1.64000000 -1.25894975
1.65000000 -1.34635015
1.66000000 -1.44089949
1.67000000 -1.52783847
1.68000000 -1.59530732
1.69000000 -1.63677085
1.70000000 -1.65258505
1.71000000 -1.65062774
1.72000000 -1.64578705
1.73000000 -1.65824988
1.74000000 -1.71105054
1.75000000 -1.82689497
1.76000000 -2.02491857
1.77000000 -2.31765905
1.78000000 -2.70878364
1.79000000 -3.19176790
1.80000000 -3.74978811
1.81000000 -4.35685468
1.82000000 -4.98002438
1.83000000 -5.58253396
1.84000000 -6.12718348
1.85000000 -6.58006596
1.86000000 -6.91372023
1.87000000 -7.10957037
1.88000000 -7.15944614
1.89000000 -7.06602137
1.90000000 -6.84205952
1.91000000 -6.50881816
1.92000000 -6.09375795
1.93000000 -5.62789097
1.94000000 -5.14298680
1.95000000 -4.66922585
1.96000000 -4.23326724
1.97000000 -3.85682828
1.98000000 -3.55606857
1.99000000 -3.34155764
2.00000000 -3.21861822
2.01000000 -3.18794261
2.02000000 -3.24634097
2.03000000 -3.38740866
2.04000000 -3.60196321
2.05000000 -3.87833620
2.06000000 -4.20245675
2.07000000 -4.55789658
2.08000000 -4.92592602
2.09000000 -5.28599524
2.10000000 -5.61627202
2.11000000 -5.89476821
2.12000000 -6.10076531
2.13000000 -6.21647257
2.14000000 -6.22881465
2.15000000 -6.13101196
2.16000000 -5.92375852
2.17000000 -5.61590428
2.18000000 -5.22409422
2.19000000 -4.77185697
2.20000000 -4.28765875
2.21000000 -3.80240218
2.22000000 -3.34655652
2.23000000 -2.94714588
2.24000000 -2.62513267
2.25000000 -2.39334163
2.26000000 -2.25534069
2.27000000 -2.20530939
2.28000000 -2.22905089
2.29000000 -2.30594652
2.30000000 -2.41161429
2.31000000 -2.52099768
2.32000000 -2.61141900
2.33000000 -2.66527037
2.34000000 -2.67197297
2.35000000 -2.62893563
2.36000000 -2.54153237
2.37000000 -2.42190493
2.38000000 -2.28701628
2.39000000 -2.15607263
2.40000000 -2.04773023
2.41000000 -1.97748323
2.42000000 -1.95558299
2.43000000 -1.98568701
2.44000000 -2.06459471
2.45000000 -2.18277015
2.46000000 -2.32592345
2.47000000 -2.47705831
2.48000000 -2.61889955
2.49000000 -2.73628630
2.50000000 -2.81806212
2.51000000 -2.85842976
2.52000000 -2.85729204
2.53000000 -2.81970741
2.54000000 -2.75451447
2.55000000 -2.67220438
2.56000000 -2.58235703
2.57000000 -2.49118640
2.58000000 -2.39904009
2.59000000 -2.29880701
2.60000000 -2.17496151
2.61000000 -2.00363448
2.62000000 -1.75361363
2.63000000 -1.38843916
2.64000000 -0.86896368
2.65000000 -0.15667207
2.66000000 0.78293849
2.67000000 1.97708754
2.68000000 3.44273638
2.69000000 5.18427680
2.70000000 7.19177916
2.71000000 9.44039950
2.72000000 11.89047910
2.73000000 14.48844821
2.74000000 17.16856780
2.75000000 19.85559501
2.76000000 22.46745156
2.77000000 24.91919098
2.78000000 27.12626516
2.79000000 29.00914406
2.80000000 30.49666511
2.81000000 31.53013619
2.82000000 32.06686925
2.83000000 32.08247815
2.84000000 31.57321901
2.85000000 30.55649821
2.86000000 29.07082187
2.87000000 27.17393313
2.88000000 24.94028098
2.89000000 22.45645757
2.90000000 19.81667185
2.91000000 17.11708281
2.92000000 14.45003937
2.93000000 11.89879434
2.94000000 9.53278727
2.95000000 7.40403949
2.96000000 5.54568952
2.97000000 3.97084038
2.98000000 2.67434523
2.99000000 1.63535498
3.00000000 0.82124275
3.01000000 0.19212917
3.02000000 -0.29428994
3.03000000 -0.67830138
3.04000000 -0.99448988
3.05000000 -1.26918741
3.06000000 -1.51929557
3.07000000 -1.75237075
3.08000000 -1.96811741
3.09000000 -2.16061849
3.10000000 -2.32118621
3.11000000 -2.44134165
3.12000000 -2.51532477
3.13000000 -2.54194777
3.14000000 -2.52551941
3.15000000 -2.47562129
3.16000000 -2.40602223
3.17000000 -2.33275294
3.18000000 -2.27182427
3.19000000 -2.23691834
3.20000000 -2.23740616
3.21000000 -2.27712009
3.22000000 -2.35400213
3.23000000 -2.46071640
3.24000000 -2.58620635
3.25000000 -2.71791219
3.26000000 -2.84423317
3.27000000 -2.95702529
3.28000000 -3.05350321
3.29000000 -3.13746164
3.30000000 -3.21929946
3.31000000 -3.31509433
3.32000000 -3.44459995
3.33000000 -3.62839825
3.34000000 -3.88487358
3.35000000 -4.22697663
3.36000000 -4.65971701
3.37000000 -5.17838168
3.38000000 -5.76795996
3.39000000 -6.40391435
3.40000000 -7.05406323
3.41000000 -7.68158187
3.42000000 -8.24860343
3.43000000 -8.72006032
3.44000000 -9.06714243
3.45000000 -9.27032367
3.46000000 -9.32092455
3.47000000 -9.22191584
3.48000000 -8.98691927
3.49000000 -8.63857472
3.50000000 -8.20555383
3.51000000 -7.71948585
3.52000000 -7.21155641
3.53000000 -6.70960469
3.54000000 -6.23586686
3.55000000 -5.80563598
3.56000000 -5.42696434
3.57000000 -5.10132130
3.58000000 -4.82496336
3.59000000 -4.59087197
3.60000000 -4.39069657
3.61000000 -4.21656105
3.62000000 -4.06255792
3.63000000 -3.92526926
3.64000000 -3.80402241
3.65000000 -3.70012024
3.66000000 -3.61590649
3.67000000 -3.55357733
3.68000000 -3.51388729
3.69000000 -3.49539018
3.70000000 -3.49398562
3.71000000 -3.50312170
3.72000000 -3.51448981
3.73000000 -3.51911954
3.74000000 -3.50862576
3.75000000 -3.47644008
3.76000000 -3.41855705
3.77000000 -3.33383883
3.78000000 -3.22359867
3.79000000 -3.09058694
3.80000000 -2.93736033
3.81000000 -2.76452893
3.82000000 -2.56891634
3.83000000 -2.34230262
3.84000000 -2.07080317
3.85000000 -1.73531765
3.86000000 -1.31305159
3.87000000 -0.78008458
3.88000000 -0.11472530
3.89000000 0.69863996
3.90000000 1.66581448
3.91000000 2.77966585
3.92000000 4.01802145
3.93000000 5.34319641
3.94000000 6.70309512
3.95000000 8.03427135
3.96000000 9.26635946
3.97000000 10.32792717
3.98000000 11.15250405
3.99000000 11.68511610
4.00000000 11.88756276
4.01000000 11.74218425
4.02000000 11.25425330
4.03000000 10.45168469
4.04000000 9.38262603
4.05000000 8.11135858
4.06000000 6.71220049
4.07000000 5.26318933
4.08000000 3.83874434
4.09000000 2.50400722
4.10000000 1.30922536
4.11000000 0.28704063
4.12000000 -0.54903071
4.13000000 -1.20386921
4.14000000 -1.69786672
4.15000000 -2.06316219
4.16000000 -2.33856161
4.17000000 -2.56459931
4.18000000 -2.77877692
4.19000000 -3.01186304
4.20000000 -3.28538482
4.21000000 -3.61073908
4.22000000 -3.98950189
4.23000000 -4.41527688
4.24000000 -4.87603463
4.25000000 -5.35720112
4.26000000 -5.84441710
4.27000000 -6.32589765
4.28000000 -6.79404989
4.29000000 -7.24611251
4.30000000 -7.68367805
4.31000000 -8.11163851
4.32000000 -8.53630273
4.33000000 -8.96354769
4.34000000 -9.39686314
4.35000000 -9.83613712
4.36000000 -10.27683467
4.37000000 -10.71011020
4.38000000 -11.12380784
4.39000000 -11.50378648
4.40000000 -11.83605831
4.41000000 -12.10838523
4.42000000 -12.31227884
4.43000000 -12.44410962
4.44000000 -12.50569440
4.45000000 -12.50378135
4.46000000 -12.44937388
4.47000000 -12.35587746
4.48000000 -12.23737486
4.49000000 -12.10663549
4.50000000 -11.97330566
4.51000000 -11.84300038
4.52000000 -11.71654769
4.53000000 -11.59032209
4.54000000 -11.45710455
4.55000000 -11.30751289
4.56000000 -11.13161279
4.57000000 -10.92067581
4.58000000 -10.66825471
4.59000000 -10.37120053
4.60000000 -10.02957715
4.61000000 -9.64613988
4.62000000 -9.22488590
4.63000000 -8.76933746
4.64000000 -8.28063769
4.65000000 -7.75549949
4.66000000 -7.18523367
4.67000000 -6.55456937
4.68000000 -5.84228044
4.69000000 -5.02220276
4.70000000 -4.06540788
4.71000000 -2.94283781
4.72000000 -1.62884849
4.73000000 -0.10409475
4.74000000 1.64099068
4.75000000 3.60443368
4.76000000 5.77065249
4.77000000 8.11080864
4.78000000 10.58296279
4.79000000 13.13468663
4.80000000 15.70504473
4.81000000 18.22885498
4.82000000 20.63945112
4.83000000 22.87302600
4.84000000 24.87133728
4.85000000 26.58464148
4.86000000 27.97317494
4.87000000 29.00882398
4.88000000 29.67458178
4.89000000 29.96466439
4.90000000 29.88349622
4.91000000 29.44452747
4.92000000 28.66871701
4.93000000 27.58354262
4.94000000 26.22128040
4.95000000 24.61868164
4.96000000 22.81528650
4.97000000 20.85346372
4.98000000 18.77667559
4.99000000 16.62971081
5.00000000 14.45663746
5.01000000 12.30061504
5.02000000 10.20170845
5.03000000 8.19653774
5.04000000 6.31610307
5.05000000 4.58538907
5.06000000 3.02194166
5.07000000 1.63608143
5.08000000 0.43036222
5.09000000 -0.59926072
5.10000000 -1.46295598
5.11000000 -2.17511500
5.12000000 -2.75320333
5.13000000 -3.21577189
5.14000000 -3.58118942
5.15000000 -3.86627467
5.16000000 -4.08558994
5.17000000 -4.25093620
5.18000000 -4.37153177
5.19000000 -4.45439764
5.20000000 -4.50508859
5.21000000 -4.52837779
5.22000000 -4.52922918
5.23000000 -4.51311784
5.24000000 -4.48639047
5.25000000 -4.45620989
5.26000000 -4.43006766
5.27000000 -4.41515233
5.28000000 -4.41749494
5.29000000 -4.44123556
5.30000000 -4.48787923
5.31000000 -4.55596267
5.32000000 -4.64105444
5.33000000 -4.73621715
5.34000000 -4.83272059
5.35000000 -4.92111893
5.36000000 -4.99244097
5.37000000 -5.03921177
5.38000000 -5.05640690
5.39000000 -5.04180816
5.40000000 -4.99602097
5.41000000 -4.92176211
5.42000000 -4.82284304
5.43000000 -4.70261906
5.44000000 -4.56234319
5.45000000 -4.39965269
5.46000000 -4.20720844
5.47000000 -3.97214943
5.48000000 -3.67605733
5.49000000 -3.29600564
5.50000000 -2.80625468
5.51000000 -2.18096960
5.52000000 -1.39710364
5.53000000 -0.43793606
5.54000000 0.70400892
5.55000000 2.02396856
5.56000000 3.50352200
5.57000000 5.10940416
5.58000000 6.79465077
5.59000000 8.49997596
5.60000000 10.15761806
5.61000000 11.69475402
5.62000000 13.03920226
5.63000000 14.12379398
5.64000000 14.89177098
5.65000000 15.30075940
5.66000000 15.32595668
5.67000000 14.96192025
5.68000000 14.22290148
5.69000000 13.14142713
5.70000000 11.76584009
5.71000000 10.15610264
5.72000000 8.37975650
5.73000000 6.50637673
5.74000000 4.60346596
5.75000000 2.73140791
5.76000000 0.94086239
5.77000000 -0.73015911
5.78000000 -2.25660861
5.79000000 -3.62676448
5.80000000 -4.84022686
5.81000000 -5.90623044
5.82000000 -6.84031143
5.83000000 -7.66176180
5.84000000 -8.39029415
5.85000000 -9.04394454
5.86000000 -9.63704934
5.87000000 -10.17935397
5.88000000 -10.67564098
5.89000000 -11.12644072
5.90000000 -11.52893273
5.91000000 -11.87859412
5.92000000 -12.17060518
5.93000000 -12.40141082
5.94000000 -12.56989199
5.95000000 -12.67790918
5.96000000 -12.73070199
5.97000000 -12.73623743
5.98000000 -12.70451628
5.99000000 -12.64622525
6.00000000 -12.57167598
6.01000000 -12.48900764
6.02000000 -12.40345312
6.03000000 -12.31612454
6.04000000 -12.22358743
6.05000000 -12.11798342
6.06000000 -11.98705329
6.07000000 -11.81520483
6.08000000 -11.58402378
6.09000000 -11.27370973
6.10000000 -10.86397062
6.11000000 -10.33521705
6.12000000 -9.66931470
6.13000000 -8.85074854
6.14000000 -7.86691579
6.15000000 -6.70916049
6.16000000 -5.37313648
6.17000000 -3.85928492
6.18000000 -2.17381677
6.19000000 -0.32873630
6.20000000 1.65696452
6.21000000 3.75760516
6.22000000 5.93987399
6.23000000 8.16380130
6.24000000 10.38262191
6.25000000 12.54471694
6.26000000 14.59458527
6.27000000 16.47583756
6.28000000 18.13323274
6.29000000 19.51638891
6.30000000 20.58197708
6.31000000 21.29708153
6.32000000 21.64109614
6.33000000 21.60751373
6.34000000 21.20429354
6.35000000 20.45357655
6.36000000 19.39018581
6.37000000 18.05909204
6.38000000 16.51264164
6.39000000 14.80633375
6.40000000 12.99584518
6.41000000 11.13269321
6.42000000 9.26198807
6.43000000 7.41995015
6.44000000 5.63248568
6.45000000 3.91562414
6.46000000 2.27582100
6.47000000 0.71236644
6.48000000 -0.78083051
6.49000000 -2.21199952
6.50000000 -3.58930956
6.51000000 -4.91802519
6.52000000 -6.19923110
6.53000000 -7.42834821
6.54000000 -8.59551952
6.55000000 -9.68584799
6.56000000 -10.68135458
6.57000000 -11.56243387
6.58000000 -12.31046133
6.59000000 -12.90976074
6.60000000 -13.34961718
6.61000000 -13.62554382
6.62000000 -13.74001186
6.63000000 -13.70235552
6.64000000 -13.52798008
6.65000000 -13.23707537
6.66000000 -12.85258871
6.67000000 -12.39815322
6.68000000 -11.89620710
6.69000000 -11.36583521
6.70000000 -10.82167220
6.71000000 -10.27272282
6.72000000 -9.72231801
6.73000000 -9.16832667
6.74000000 -8.60422920
6.75000000 -8.02029446
6.76000000 -7.40543972
6.77000000 -6.74866103
6.78000000 -6.04111901
6.79000000 -5.27732119
6.80000000 -4.45655872
6.81000000 -3.58335167
6.82000000 -2.66816178
6.83000000 -1.72682070
6.84000000 -0.78031167
6.85000000 0.14651024
6.86000000 1.02587677
6.87000000 1.82887431
6.88000000 2.52679632
6.89000000 3.09298333
6.90000000 3.50413274
6.91000000 3.74191851
6.92000000 3.79390451
6.93000000 3.65450625
6.94000000 3.32527932
6.95000000 2.81509380
6.96000000 2.13953086
6.97000000 1.32028048
6.98000000 0.38372498
6.99000000 -0.64018316
7.00000000 -1.71997927
7.01000000 -2.82390045
7.02000000 -3.92193033
7.03000000 -4.98683004
7.04000000 -5.99562314
7.05000000 -6.92997693
7.06000000 -7.77686803
7.07000000 -8.52819055
7.08000000 -9.18055416
7.09000000 -9.73437221
7.10000000 -10.19310397
7.11000000 -10.56225070
7.12000000 -10.84842962
7.13000000 -11.05857661
7.14000000 -11.19958642
7.15000000 -11.27778073
7.16000000 -11.29881880
7.17000000 -11.26758562
7.18000000 -11.18820457
7.19000000 -11.06391123
7.20000000 -10.89674520
7.21000000 -10.68696409
7.22000000 -10.43256747
7.23000000 -10.12822505
7.24000000 -9.76445978
7.25000000 -9.32686635
7.26000000 -8.79573400
7.27000000 -8.14588278
7.28000000 -7.34749061
7.29000000 -6.36726110
7.30000000 -5.17082897
7.31000000 -3.72528438
7.32000000 -2.00277017
7.33000000 0.01641456
7.34000000 2.33976852
7.35000000 4.96043205
7.36000000 7.85408625
7.37000000 10.97896629
7.38000000 14.27499778
7.39000000 17.66674320
7.40000000 21.06523267
7.41000000 24.37346226
7.42000000 27.49029134
7.43000000 30.31757398
7.44000000 32.76438999
7.45000000 34.75302870
7.46000000 36.22370945
7.47000000 37.13636197
7.48000000 37.47407230
7.49000000 37.24165056
7.50000000 36.46521697
7.51000000 35.18949030
7.52000000 33.47392404
7.53000000 31.38886241
7.54000000 29.01045114
7.55000000 26.41767879
7.56000000 23.68697483
7.57000000 20.89065895
7.58000000 18.09326477
7.59000000 15.35138912
7.60000000 12.71215269
7.61000000 10.21371097
7.62000000 7.88527606
7.63000000 5.74845744
7.64000000 3.81724116
7.65000000 2.09962155
7.66000000 0.59739617
7.67000000 -0.69252476
7.68000000 -1.77836437
7.69000000 -2.67259062
7.70000000 -3.39163293
7.71000000 -3.95527762
7.72000000 -4.38556596
7.73000000 -4.70593910
7.74000000 -4.93972513
7.75000000 -5.10891560
7.76000000 -5.23267740
7.77000000 -5.32629940
7.78000000 -5.40016098
7.79000000 -5.45942611
7.80000000 -5.50408005
7.81000000 -5.52959135
7.82000000 -5.52790558
7.83000000 -5.48896962
7.84000000 -5.40240241
7.85000000 -5.25915862
7.86000000 -5.05318040
7.87000000 -4.78252918
7.88000000 -4.45032650
7.89000000 -4.06488919
7.90000000 -3.63974665
7.91000000 -3.19270366
7.92000000 -2.74499299
7.93000000 -2.31983522
7.94000000 -1.94114327
7.95000000 -1.63208144
7.96000000 -1.41385093
7.97000000 -1.30468391
7.98000000 -1.31908932
7.99000000 -1.46731680
8.00000000 -1.75505388
8.01000000 -2.18332878
8.02000000 -2.74841421
8.03000000 -3.44210125
8.04000000 -4.25160996
8.05000000 -5.15994933
8.05999900 -6.14623096
8.07000000 -7.18648738
8.08000000 -8.25391180
8.09000000 -9.32024895
8.09999900 -10.35675601
8.11000000 -11.33613182
8.12000000 -12.23332288
8.13000000 -13.02751330
8.13999900 -13.70317831
8.15000000 -14.25144178
8.16000000 -14.66974724
8.17000000 -14.96233891
8.17999900 -15.13885312
8.19000000 -15.21305877
8.20000000 -15.20071985
8.21000000 -15.11708687
8.22000000 -14.97457912
8.23000000 -14.78047096
8.24000000 -14.53537338
8.25000000 -14.23197999
8.26000000 -13.85548854
8.27000000 -13.38454957
8.28000000 -12.79295542
8.29000000 -12.05289058
8.30000000 -11.13803714
8.30999900 -10.02697069
8.32000000 -8.70603736
8.33000000 -7.17263132
8.34000000 -5.43623120
8.34999900 -3.51935920
8.36000000 -1.45600699
8.37000000 0.70902354
8.38000000 2.92369461
8.38999900 5.13175463
8.40000000 7.27724216
8.41000000 9.30675779
8.42000000 11.17328957
8.42999900 12.83797760
8.44000000 14.27185393
8.45000000 15.45503256
8.46000000 16.37633072
8.47000000 17.03165843
8.48000000 17.42173112
8.49000000 17.55036439
8.50000000 17.42213894
8.51000000 17.04161127
8.52000000 16.41282824
8.53000000 15.53962537
8.54000000 14.42716822
8.55000000 13.08344569
8.55999900 11.52182301
8.57000000 9.76219863
8.58000000 7.83347966
8.59000000 5.77357143
8.59999900 3.62948098
8.61000000 1.45479426
8.62000000 -0.69158339
8.63000000 -2.74971969
8.63999900 -4.66216597
8.65000000 -6.37873188
8.66000000 -7.85880491
8.67000000 -9.07488997
8.67999900 -10.01369840
8.69000000 -10.67654950
8.70000000 -11.07726646
8.71000000 -11.23998303
8.72000000 -11.19503356
8.73000000 -10.97485029
8.74000000 -10.60935140
8.75000000 -10.12247844
8.76000000 -9.52928124
8.77000000 -8.83469034
8.78000000 -8.03355419
8.79000000 -7.11299527
8.80000000 -6.05541214
8.80999900 -4.84312784
8.82000000 -3.46279542
8.83000000 -1.91080220
8.84000000 -0.19694894
8.84999900 1.65252021
8.86000000 3.59455744
8.87000000 5.56907514
8.88000000 7.50242367
8.88999900 9.31159547
8.90000000 10.91070671
8.91000000 12.21656230
8.92000000 13.15600463
8.92999900 13.67197054
8.94000000 13.72830511
8.95000000 13.31286089
8.96000000 12.43874781
8.97000000 11.14352444
8.98000000 9.48610874
8.99000000 7.54172403
9.00000000 5.39672211
9.01000000 3.14164633
9.02000000 0.86491229
9.03000000 -1.35372212
9.04000000 -3.44671157
9.05000000 -5.36273322
9.05999900 -7.06779296
9.07000000 -8.54552418
9.08000000 -9.79444068
9.09000000 -10.82544628
9.09999900 -11.65769653
9.11000000 -12.31484458
9.12000000 -12.82029592
9.13000000 -13.19441040
9.13999900 -13.45157153
9.15000000 -13.59928615
9.16000000 -13.63762898
9.17000000 -13.56027631
9.17999900 -13.35653688
9.19000000 -13.01351226
9.20000000 -12.51880274
9.21000000 -11.86333602
9.22000000 -11.04320583
9.23000000 -10.06162443
9.24000000 -8.92916353
9.25000000 -7.66441987
9.26000000 -6.29283076
9.27000000 -4.84565244
9.28000000 -3.35762104
9.29000000 -1.86579499
9.30000000 -0.40719288
9.30999900 0.98270378
9.32000000 2.27185329
9.33000000 3.43179380
9.34000000 4.43887466
9.34999900 5.27418259
9.36000000 5.92399320
9.37000000 6.37910349
9.38000000 6.63502778
9.38999900 6.69184428
9.40000000 6.55411292
9.41000000 6.23095666
9.42000000 5.73606507
9.42999900 5.08773269
9.44000000 4.30841394
9.45000000 3.42460941
9.46000000 2.46587057
9.46999900 1.46370607
9.48000000 0.44988023
9.49000000 -0.54469376
9.50000000 -1.49201588
9.51000000 -2.36842398
9.52000000 -3.15572179
9.53000000 -3.84215406
9.54000000 -4.42199677
9.55000000 -4.89523181
9.55999900 -5.26616860
9.57000000 -5.54174257
9.58000000 -5.72916638
9.59000000 -5.83397367
9.59999900 -5.85805118
9.61000000 -5.79828536
9.62000000 -5.64614487
9.63000000 -5.38796495
9.63999900 -5.00653286
9.65000000 -4.48324435
9.66000000 -3.80134269
9.67000000 -2.94924606
9.67999900 -1.92399780
9.69000000 -0.73378903
9.70000000 0.59944131
9.71000000 2.03960292
9.71999900 3.53685479
9.73000000 5.03033477
9.74000000 6.45088576
9.75000000 7.72617747
9.76000000 8.78600767
9.77000000 9.56774384
9.78000000 10.02176908
9.79000000 10.11528868
9.80000000 9.83549584
9.80999900 9.19089653
9.82000000 8.21038181
9.83000000 6.94131472
9.84000000 5.44545010
9.84999900 3.79431150
9.86000000 2.06309562
9.87000000 0.32609252
9.88000000 -1.34871352
9.88999900 -2.90323276
9.90000000 -4.29225868
9.91000000 -5.48345059
9.92000000 -6.45726696
9.92999900 -7.20475600
9.94000000 -7.72483694
9.95000000 -8.02044671
9.96000000 -8.09530142
9.96999900 -7.95096918
9.98000000 -7.58467612
9.99000000 -6.98858317
10.00000000 -6.15017715
10.01000000 -5.05395842
10.02000000 -3.68437324
10.03000000 -2.02852163
10.04000000 -0.08068832
10.05000000 2.15490700
10.06000000 4.66094116
10.07000000 7.40645388
10.08000000 10.34496946
10.09000000 13.41631344
10.10000000 16.54836021
10.11000000 19.66174921
10.12000000 22.67149977
10.13000000 25.49326033
10.14000000 28.04646885
10.15000000 30.25965447
10.16000000 32.07178058
10.17000000 33.43568215
10.18000000 34.31895469
10.19000000 34.70469791
10.20000000 34.59040067
10.21000000 33.98702958
10.22000000 32.91797125
10.23000000 31.41662212
10.24000000 29.52497930
10.25000000 27.29205162
10.26000000 24.77239223
10.27000000 22.02490465
10.28000000 19.11074354
10.29000000 16.09344566
10.30000000 13.03666517
10.31000000 10.00333282
10.32000000 7.05253072
10.33000000 4.23963475
10.34000000 1.61306746
10.35000000 -0.78693974
10.36000000 -2.93091241
10.37000000 -4.79987322
10.38000000 -6.38687073
10.39000000 -7.69643989
10.40000000 -8.74427868
10.41000000 -9.55481814
10.42000000 -10.15969686
10.43000000 -10.59492878
10.44000000 -10.89844390
10.45000000 -11.10716319
10.46000000 -11.25501644
10.47000000 -11.37117327
10.48000000 -11.47890020
10.49000000 -11.59546275
10.50000000 -11.73211867
10.51000000 -11.89535716
10.52000000 -12.08793351
10.53000000 -12.31026861
10.54000000 -12.56163500
10.55000000 -12.84132184
10.56000000 -13.14912327
10.57000000 -13.48548816
10.58000000 -13.85122102
10.59000000 -14.24668824
10.60000000 -14.67099604
10.61000000 -15.12098556
10.62000000 -15.59038603
10.63000000 -16.06931907
10.64000000 -16.54415444
10.65000000 -16.99774973
10.66000000 -17.41036244
10.67000000 -17.76054939
10.68000000 -18.02654739
10.69000000 -18.18775391
10.70000000 -18.22566891
10.71000000 -18.12501325
10.72000000 -17.87423865
10.73000000 -17.46576134
10.74000000 -16.89572240
10.75000000 -16.16335190
10.76000000 -15.27060521
10.77000000 -14.22126103
10.78000000 -13.02022076
10.79000000 -11.67379220
10.80000000 -10.18932313
10.81000000 -8.57590470
10.82000000 -6.84461230
10.83000000 -5.01021859
10.84000000 -3.09159105
10.85000000 -1.11284462
10.86000000 0.89697556
10.87000000 2.90284528
10.88000000 4.86508546
10.89000000 6.74029822
10.90000000 8.48384593
10.91000000 10.05102446
10.92000000 11.40024771
10.93000000 12.49533741
10.94000000 13.30814778
10.95000000 13.81973158
10.96000000 14.02207187
10.97000000 13.91841218
10.98000000 13.52290916
10.99000000 12.85964637
11.00000000 11.96100534
11.01000000 10.86550866
11.02000000 9.61570513
11.03000000 8.25522039
11.04000000 6.82741707
11.05000000 5.37302797
11.06000000 3.92901420
11.07000000 2.52716721
11.08000000 1.19453084
11.09000000 -0.04711492
11.10000000 -1.18076811
11.11000000 -2.19401506
11.12000000 -3.07782315
11.13000000 -3.82651034
11.14000000 -4.43719271
11.15000000 -4.90975114
11.16000000 -5.24652715
11.17000000 -5.45271109
11.18000000 -5.53643063
11.19000000 -5.50910766
11.20000000 -5.38544756
11.21000000 -5.18353952
11.22000000 -4.92455858
11.23000000 -4.63219585
11.24000000 -4.33203817
11.25000000 -4.05043639
11.26000000 -3.81338297
11.27000000 -3.64516461
11.28000000 -3.56712608
11.29000000 -3.59645427
11.30000000 -3.74504778
11.31000000 -4.01868275
11.32000000 -4.41669552
11.33000000 -4.93152032
11.34000000 -5.54907629
11.35000000 -6.24909656
11.36000000 -7.00630240
11.37000000 -7.79113155
11.38000000 -8.57127724
11.39000000 -9.31300050
11.40000000 -9.98300132
11.41000000 -10.54927611
11.42000000 -10.98288996
11.43000000 -11.25894183
11.44000000 -11.35761137
11.45000000 -11.26441527
11.46000000 -10.97081281
11.47000000 -10.47411473
11.48000000 -9.77697731
11.49000000 -8.88739960
11.50000000 -7.81793603
11.51000000 -6.58524983
11.52000000 -5.20921690
11.53000000 -3.71315232
11.54000000 -2.12313725
11.55000000 -0.46790924
11.56000000 1.22094849
11.57000000 2.90970965
11.58000000 4.56164343
11.59000000 6.13797149
11.60000000 7.59803961
11.61000000 8.90084893
11.62000000 10.00553415
11.63000000 10.87348848
11.64000000 11.47024801
11.65000000 11.76772892
11.66000000 11.74605261
11.67000000 11.39568932
11.68000000 10.71898203
11.69000000 9.73062198
11.70000000 8.45828730
11.71000000 6.94165211
11.72000000 5.23098754
11.73000000 3.38430438
11.74000000 1.46536827
11.75000000 -0.46010868
11.76000000 -2.32749698
11.77000000 -4.07703391
11.78000000 -5.65547918
11.79000000 -7.01882312
11.80000000 -8.13336681
11.81000000 -8.97615719
11.82000000 -9.53501793
11.83000000 -9.80717724
11.84000000 -9.79831396
11.85000000 -9.52116346
11.86000000 -8.99391262
11.87000000 -8.23925887
11.88000000 -7.28355532
11.89000000 -6.15653404
11.90000000 -4.89081983
11.91000000 -3.52280254
11.92000000 -2.09236804
11.93000000 -0.64321569
11.94000000 0.77811085
11.95000000 2.12229801
11.96000000 3.33943414
11.97000000 4.38097841
11.98000000 5.20294520
11.99000000 5.76833678
12.00000000 6.05069567
12.01000000 6.03674295
12.02000000 5.72852226
12.03000000 5.14455022
12.04000000 4.31987305
12.05000000 3.30476271
12.06000000 2.16239967
12.07000000 0.96477845
12.08000000 -0.21095819
12.09000000 -1.28767391
12.10000000 -2.19294878
12.11000000 -2.86367234
12.12000000 -3.24922425
12.13000000 -3.31423712
12.14000000 -3.04001755
12.15000000 -2.42432780
12.16000000 -1.48056558
12.17000000 -0.23565022
12.18000000 1.27253705
12.19000000 2.99866170
12.20000000 4.89208926
12.21000000 6.90014511
12.22000000 8.96999274
12.23000000 11.05102317
12.24000000 13.09467246
12.25000000 15.05582582
12.26000000 16.89238701
12.27000000 18.56614652
12.28000000 20.04152000
12.29000000 21.28641618
12.30000000 22.27266208
12.31000000 22.97646649
12.32000000 23.37982913
12.33000000 23.47121807
12.34000000 23.24700153
12.35000000 22.71246213
12.36000000 21.88196645
12.37000000 20.77954826
12.38000000 19.43796285
12.39000000 17.89793135
12.40000000 16.20557937
12.41000000 14.41142273
12.42000000 12.56727520
12.43000000 10.72430059
12.44000000 8.92996844
12.45000000 7.22725623
12.46000000 5.65252676
12.47000000 4.23475422
12.48000000 2.99468550
12.49000000 1.94546897
12.50000000 1.09239067
12.51000000 0.43359186
12.52000000 -0.03974696
12.53000000 -0.34237959
12.54000000 -0.49474067
12.55000000 -0.52243593
12.56000000 -0.45563729
12.57000000 -0.32837883
12.58000000 -0.17771588
12.59000000 -0.04246472
12.60000000 0.03839655
12.61000000 0.02761942
12.62000000 -0.10811090
12.63000000 -0.39587799
12.64000000 -0.85420347
12.65000000 -1.49135733
12.66000000 -2.30368526
12.67000000 -3.27517587
12.68000000 -4.37753893
12.69000000 -5.57190134
12.70000000 -6.81038417
12.71000000 -8.03927453
12.72000000 -9.20239740
12.73000000 -10.24521587
12.74000000 -11.11779500
12.75000000 -11.77833881
12.76000000 -12.19561027
12.77000000 -12.35060624
12.78000000 -12.23686776
12.79000000 -11.86033727
12.80000000 -11.23795821
12.81000000 -10.39556637
12.82000000 -9.36590877
12.83000000 -8.18596872
12.84000000 -6.89470172
12.85000000 -5.53135984
12.86000000 -4.13346848
12.87000000 -2.73684073
12.88000000 -1.37473949
12.89000000 -0.07822394
12.90000000 1.12415571
12.91000000 2.20526309
12.92000000 3.13981663
12.93000000 3.90449601
12.94000000 4.47874279
12.95000000 4.84547058
12.96000000 4.99259281
12.97000000 4.91440468
12.98000000 4.61279295
12.99000000 4.09840033
13.00000000 3.39091436
13.01000000 2.51901264
13.02000000 1.51901673
13.03000000 0.43370582
13.04000000 -0.69040620
13.05000000 -1.80552320
13.06000000 -2.86598450
13.07000000 -3.83037549
13.08000000 -4.66440149
13.09000000 -5.34257714
13.10000000 -5.84927005
13.11000000 -6.17921229
13.12000000 -6.33659986
13.13000000 -6.33429864
13.14000000 -6.19207783
13.15000000 -5.93477696
13.16000000 -5.59037282
13.17000000 -5.18829984
13.18000000 -4.75790262
13.19000000 -4.32729953
13.20000000 -3.92276223
13.21000000 -3.56814808
13.22000000 -3.28474013
13.23000000 -3.09075912
13.24000000 -3.00138811
13.25000000 -3.02812076
13.26000000 -3.17811979
13.27000000 -3.45355563
13.28000000 -3.85052238
13.29000000 -4.35842775
13.30000000 -4.95933600
13.31000000 -5.62810118
13.32000000 -6.33260571
13.33000000 -7.03512689
13.34000000 -7.69404242
13.35000000 -8.26633519
13.36000000 -8.71057249
13.37000000 -8.98959139
13.38000000 -9.07361261
13.39000000 -8.94281090
13.40000000 -8.58880618
13.41000000 -8.01589266
13.42000000 -7.24062375
13.43000000 -6.29107186
13.44000000 -5.20419651
13.45000000 -4.02373668
13.46000000 -2.79670334
13.47000000 -1.57026102
13.48000000 -0.38822613
13.49000000 0.71078024
13.50000000 1.69566482
13.51000000 2.54355095
13.52000000 3.24039339
13.53000000 3.77961117
13.54000000 4.16135763
13.55000000 4.39064311
13.56000000 4.47579524
13.57000000 4.42652612
13.58000000 4.25292403
13.59000000 3.96453415
13.60000000 3.57006269
13.61000000 3.07750735
13.62000000 2.49487662
13.63000000 1.83087221
13.64000000 1.09576191
13.65000000 0.30173368
13.66000000 -0.53635319
13.67000000 -1.40138513
13.68000000 -2.27439724
13.69000000 -3.13592279
13.70000000 -3.96671519
13.71000000 -4.74956472
13.72000000 -5.47041204
13.73000000 -6.11981157
13.74000000 -6.69318585
13.75000000 -7.19137520
13.76000000 -7.62012119
13.77000000 -7.98943015
13.78000000 -8.31203005
13.79000000 -8.60191144
13.80000000 -8.87268707
13.81000000 -9.13598114
13.82000000 -9.39993756
13.83000000 -9.66832337
13.84000000 -9.93990685
13.85000000 -10.20829118
13.86000000 -10.46235032
13.87000000 -10.68687373
13.88000000 -10.86329587
13.89000000 -10.97103145
13.90000000 -10.98831998
13.91000000 -10.89343433
13.92000000 -10.66542732
13.93000000 -10.28510426
13.94000000 -9.73556190
13.95000000 -9.00293363
13.96000000 -8.07708578
13.97000000 -6.95230864
13.98000000 -5.62765363
13.99000000 -4.10841987
14.00000000 -2.40646390
14.01000000 -0.54128064
14.02000000 1.46028872
14.03000000 3.56270713
14.04000000 5.72280117
14.05000000 7.89010671
14.06000000 10.00908782
14.07000000 12.01983753
14.08000000 13.86150475
14.09000000 15.47482300
14.10000000 16.80507889
14.11000000 17.80589681
14.12000000 18.44086311
14.13000000 18.68665535
14.14000000 18.53457434
14.15000000 17.99102673
14.16000000 17.07760624
14.17000000 15.83031256
14.18000000 14.29740240
14.19000000 12.53649290
14.20000000 10.61240542
14.21000000 8.59324232
14.22000000 6.54725671
14.23000000 4.53885685
14.24000000 2.62694229
14.25000000 0.86173617
14.26000000 -0.71669618
14.27000000 -2.08014627
14.28000000 -3.21184035
14.29000000 -4.10693848
14.30000000 -4.77161337
14.31000000 -5.22213782
14.32000000 -5.48295174
14.33000000 -5.58511342
14.34000000 -5.56408535
14.35000000 -5.45770511
14.36000000 -5.30384456
14.37000000 -5.13819186
14.38000000 -4.99228684
14.39000000 -4.89157215
14.40000000 -4.85378421
14.41000000 -4.88785527
14.42000000 -4.99314084
14.43000000 -5.15918528
14.44000000 -5.36631722
14.45000000 -5.58649021
14.46000000 -5.78499011
14.47000000 -5.92249349
14.48000000 -5.95765770
14.49000000 -5.84977313
14.50000000 -5.56156722
14.51000000 -5.06195321
14.52000000 -4.32815589
14.53000000 -3.34771752
14.54000000 -2.11963280
14.55000000 -0.65490251
14.56000000 1.02426853
14.57000000 2.88462908
14.58000000 4.88405383
14.59000000 6.97322071
14.60000000 9.09885893
14.61000000 11.20501249
14.62000000 13.23639014
14.63000000 15.14039333
14.64000000 16.86908068
14.65000000 18.38111157
14.66000000 19.64233049
14.67000000 20.62714568
14.68000000 21.31858751
14.69000000 21.70890047
14.70000000 21.79906964
14.71000000 21.59876378
14.72000000 21.12622037
14.73000000 20.40726228
14.74000000 19.47520765
14.75000000 18.36973655
14.76000000 17.13615874
14.77000000 15.82364883
14.78000000 14.48434482
14.79000000 13.17086015
14.80000000 11.93448323
14.81000000 10.82203183
14.82000000 9.87454262
14.83000000 9.12384442
14.84000000 8.59085126
14.85000000 8.28373217
14.86000000 8.19722612
14.87000000 8.31212964
14.88000000 8.59633102
14.89000000 9.00615582
14.90000000 9.48945874
14.91000000 9.98836216
14.92000000 10.44336803
14.93000000 10.79732512
14.94000000 10.99941231
14.95000000 11.00856531
14.96000000 10.79643250
14.97000000 10.34924015
14.98000000 9.66853258
14.99000000 8.77091439
15.00000000 7.68651020
15.01000000 6.45656340
15.02000000 5.12966851
15.03000000 3.75877033
15.04000000 2.39676313
15.05000000 1.09285528
15.06000000 -0.11103773
15.07000000 -1.18231971
15.08000000 -2.09980435
15.09000000 -2.85429264
15.10000000 -3.44862016
15.11000000 -3.89610678
15.12000000 -4.21906090
15.13000000 -4.44637900
15.14000000 -4.61100171
15.15000000 -4.74733447
15.16000000 -4.88884397
15.17000000 -5.06597419
15.18000000 -5.30462794
15.19000000 -5.62505858
15.20000000 -6.04127215
15.21000000 -6.56101116
15.22000000 -7.18580860
15.23000000 -7.91175392
15.24000000 -8.72999433
15.25000000 -9.62755407
15.26000000 -10.58800109
15.27000000 -11.59268313
15.28000000 -12.62081660
15.29000000 -13.65081878
15.30000000 -14.66074088
15.31000000 -15.62951896
15.32000000 -16.53730485
15.33000000 -17.36671791
15.34000000 -18.10353234
15.35000000 -18.73780815
15.36000000 -19.26382694
15.37000000 -19.68099846
15.38000000 -19.99344093
15.39000000 -20.20985736
15.40000000 -20.34253745
15.41000000 -20.40602270
15.42000000 -20.41564059
15.43000000 -20.38584986
15.44000000 -20.32823810
15.45000000 -20.25022313
15.46000000 -20.15339105
15.47000000 -20.03304449
15.48000000 -19.87776892
15.49000000 -19.66995690
15.50000000 -19.38690517
15.51000000 -19.00245652
15.52000000 -18.48903366
15.53000000 -17.81989892
15.54000000 -16.97175080
15.55000000 -15.92651922
15.56000000 -14.67311432
15.57000000 -13.20904316
15.58000000 -11.54069145
15.59000000 -9.68379746
15.60000000 -7.66183460
15.61000000 -5.50625127
15.62000000 -3.25420975
15.63000000 -0.94713729
15.64000000 1.37071461
15.65000000 3.65479513
15.66000000 5.86041800
15.67000000 7.94472139
15.68000000 9.86744376
15.69000000 11.59227261
15.70000000 13.08644125
15.71000000 14.32206677
15.72000000 15.27642821
15.73000000 15.93275535
15.74000000 16.28040231
15.75000000 16.31582586
15.76000000 16.04287102
15.77000000 15.47313520
15.78000000 14.62591519
15.79000000 13.52804554
15.80000000 12.21308458
15.81000000 10.71956603
15.82000000 9.09014476
15.83000000 7.36901409
15.84000000 5.60013756
15.85000000 3.82416678
15.86000000 2.07777671
15.87000000 0.39112876
15.88000000 -1.21279390
15.89000000 -2.71843223
15.90000000 -4.11790123
15.91000000 -5.40904456
15.92000000 -6.59447887
15.93000000 -7.67938652
15.94000000 -8.66987256
15.95000000 -9.57031503
15.96000000 -10.38223291
15.97000000 -11.10277508
15.98000000 -11.72465020
15.99000000 -12.23566229
16.00000000 -12.61996304
16.01000000 -12.85900721
16.02000000 -12.93346772
16.03000000 -12.82498975
16.04000000 -12.51782209
16.05000000 -12.00059656
16.06000000 -11.26760626
16.07000000 -10.31937860
16.08000000 -9.16328834
16.09000000 -7.81337669
16.10000000 -6.28980922
16.11000000 -4.61873349
16.12000000 -2.83008025
16.13000000 -0.95858372
16.14000000 0.95825105
16.15000000 2.88065663
16.16000000 4.76739780
16.17000000 6.57657366
16.18000000 8.26657697
16.19000000 9.79717619
16.20000000 11.13055380
16.21000000 12.23395583
16.22000000 13.07977145
16.23000000 13.64844903
16.24000000 13.92982850
16.25000000 13.92460629
16.26000000 13.64521480
16.27000000 13.11597030
16.28000000 12.37266186
16.29000000 11.46033140
16.30000000 10.43187763
16.31000000 9.34406068
16.32000000 8.25440526
16.33000000 7.21703431
16.34000000 6.27900055
16.35000000 5.47715051
16.36000000 4.83569979
16.37000000 4.36444241
16.38000000 4.05936591
16.39000000 3.90305970
16.40000000 3.86708928
16.41000000 3.91507214
16.42000000 4.00618405
16.43000000 4.09903316
16.44000000 4.15532240
16.45000000 4.14291145
16.46000000 4.03821121
16.47000000 3.82743888
16.48000000 3.50703622
16.49000000 3.08305309
16.50000000 2.56962153
16.51000000 1.98701897
16.52000000 1.35939989
16.53000000 0.71251928
16.54000000 0.07128529
16.55000000 -0.54123786
16.56000000 -1.10548256
16.57000000 -1.60580658
16.58000000 -2.03072323
16.59000000 -2.37268754
16.60000000 -2.62772368
16.61000000 -2.79499545
16.62000000 -2.87660200
16.63000000 -2.87715077
16.64000000 -2.80394307
16.65000000 -2.66695927
16.66000000 -2.47899761
16.67000000 -2.25559914
16.68000000 -2.01477747
16.69000000 -1.77638211
16.70000000 -1.56106278
16.71000000 -1.38868360
16.72000000 -1.27684824
16.73000000 -1.23897294
16.74000000 -1.28254335
16.75000000 -1.40784035
16.76000000 -1.60715339
16.77000000 -1.86481593
16.78000000 -2.15799063
16.79000000 -2.45869860
16.80000000 -2.73581818
16.81000000 -2.95834830
16.82000000 -3.09846066
16.83000000 -3.13445049
16.84000000 -3.05320172
16.85000000 -2.85178087
16.86000000 -2.53804672
16.87000000 -2.12972332
16.88000000 -1.65296926
16.89000000 -1.13940285
16.90000000 -0.62266708
16.91000000 -0.13464694
16.92000000 0.29817052
16.93000000 0.65785873
16.94000000 0.93731223
16.95000000 1.14129717
16.96000000 1.28649633
16.97000000 1.39979492
16.98000000 1.51604339
16.99000000 1.67464463
17.00000000 1.91579523
17.01000000 2.27668011
17.02000000 2.78798779
17.03000000 3.47091504
17.04000000 4.33585072
17.05000000 5.38060304
17.06000000 6.59106604
17.07000000 7.94219023
17.08000000 9.39977834
17.09000000 10.92260633
17.10000000 12.46513947
17.11000000 13.97958615
17.12000000 15.41930352
17.13000000 16.73901983
17.14000000 17.89731227
17.15000000 18.85757827
17.16000000 19.58895956
17.17000000 20.06666253
17.18000000 20.27270140
17.19000000 20.19618819
17.20000000 19.83416405
17.21000000 19.19147024
17.22000000 18.28178527
17.23000000 17.12724442
17.24000000 15.75873510
17.25000000 14.21453332
17.26000000 12.53968106
17.27000000 10.78346231
17.28000000 8.99766776
17.29000000 7.23213743
17.30000000 5.53388846
17.31000000 3.94263723
17.32000000 2.48853341
17.33000000 1.19051578
17.34000000 0.05520723
17.35000000 -0.92289608
17.36000000 -1.75986272
17.37000000 -2.48070739
17.38000000 -3.11518327
17.39000000 -3.69483000
17.40000000 -4.24898985
17.41000000 -4.80139131
17.42000000 -5.36726989
17.43000000 -5.95173507
17.44000000 -6.54899293
17.45000000 -7.14314917
17.46000000 -7.71031944
17.47000000 -8.22097339
17.48000000 -8.64374393
17.49000000 -8.94909143
17.50000000 -9.11271792
17.51000000 -9.11853888
17.52000000 -8.96084322
17.53000000 -8.64501820
17.54000000 -8.18724020
17.55000000 -7.61328732
17.56000000 -6.95609789
17.57000000 -6.25298252
17.58000000 -5.54221731
17.59000000 -4.86002946
17.60000000 -4.23786460
17.61000000 -3.70055941
17.62000000 -3.26459281
17.63000000 -2.93869382
17.64000000 -2.72376583
17.65000000 -2.61442902
17.66000000 -2.60073982
17.67000000 -2.67005329
17.68000000 -2.80895606
17.69000000 -3.00476478
17.70000000 -3.24668035
17.71000000 -3.52642795
17.72000000 -3.83808331
17.73000000 -4.17777478
17.74000000 -4.54288975
17.75000000 -4.93114593
17.76000000 -5.33976935
17.77000000 -5.76481084
17.78000000 -6.20063653
17.79000000 -6.64037550
17.80000000 -7.07576431
17.81000000 -7.49801387
17.82000000 -7.89863728
17.83000000 -8.27029443
17.84000000 -8.60741181
17.85000000 -8.90672020
17.86000000 -9.16724542
17.87000000 -9.39039194
17.88000000 -9.57892793
17.89000000 -9.73661498
17.90000000 -9.86701933
17.91000000 -9.97284674
17.92000000 -10.05513953
17.93000000 -10.11290229
17.94000000 -10.14327757
17.95000000 -10.14170111
17.96000000 -10.10304139
17.97000000 -10.02235318
17.98000000 -9.89633610
17.99000000 -9.72436718
18.00000000 -9.50959154
18.01000000 -9.25941733
18.02000000 -8.98559659
18.03000000 -8.70401769
18.04000000 -8.43326804
18.05000000 -8.19356761
18.06000000 -8.00476623
18.07000000 -7.88438751
18.08000000 -7.84558631
18.09000000 -7.89560215
18.10000000 -8.03440471
18.11000000 -8.25398386
18.12000000 -8.53866205
18.13000000 -8.86542031
18.14000000 -9.20562873
18.15000000 -9.52686640
18.16000000 -9.79526103
18.17000000 -9.97815010
18.18000000 -10.04636192
18.19000000 -9.97670761
18.20000000 -9.75361661
18.21000000 -9.37012487
18.22000000 -8.82874110
18.23000000 -8.14088042
18.24000000 -7.32591996
18.25000000 -6.40959919
18.26000000 -5.42181426
18.27000000 -4.39424013
18.28000000 -3.35791426
18.29000000 -2.33993077
18.30000000 -1.36258866
18.31000000 -0.44080438
18.32000000 0.41872317
18.33000000 1.21784109
18.34000000 1.96658774
18.35000000 2.68197559
18.36000000 3.38620951
18.37000000 4.10484321
18.38000000 4.86341392
18.39000000 5.68527565
18.40000000 6.58881122
18.41000000 7.58508711
18.42000000 8.67620590
18.43000000 9.85408770
18.44000000 11.10031581
18.45000000 12.38634420
18.46000000 13.67602551
18.47000000 14.92593519
18.48000000 16.08947035
18.49000000 17.11931020
18.50000000 17.97073808
18.51000000 18.60475621
18.52000000 18.99057412
18.53000000 19.10775952
18.54000000 18.94766792
18.55000000 18.51356558
18.56000000 17.82031550
18.57000000 16.89336945
18.58000000 15.76629736
18.59000000 14.47847299
18.60000000 13.07238675
18.61000000 11.59111426
18.62000000 10.07442404
18.63000000 8.55849402
18.64000000 7.07333968
18.65000000 5.64228470
18.66000000 4.28172293
18.67000000 3.00216285
18.68000000 1.80927537
18.69000000 0.70560559
18.70000000 -0.30741980
18.71000000 -1.22841545
18.72000000 -2.05329909
18.73000000 -2.77513910
18.74000000 -3.38332450
18.75000000 -3.86380553
18.76000000 -4.19992811
18.77000000 -4.37380340
18.78000000 -4.36822773
18.79000000 -4.16865089
18.80000000 -3.76536306
18.81000000 -3.15550036
18.82000000 -2.34447281
18.83000000 -1.34702896
18.84000000 -0.18753038
18.85000000 1.10053000
18.86000000 2.47531663
18.87000000 3.88963060
18.88000000 5.29157771
18.89000000 6.62820789
18.90000000 7.84803617
18.91000000 8.90366449
18.92000000 9.75428182
18.93000000 10.36744734
18.94000000 10.72050735
18.95000000 10.80153288
18.96000000 10.60888279
18.97000000 10.15119369
18.98000000 9.44595363
18.99000000 8.51831354
19.00000000 7.39892488
19.01000000 6.12251695
19.02000000 4.72574136
19.03000000 3.24581305
19.04000000 1.71796942
19.05000000 0.17602599
19.06000000 -1.34951746
19.07000000 -2.83159624
19.08000000 -4.24671164
19.09000000 -5.57469873
19.10000000 -6.79840512
19.11000000 -7.90298420
19.12000000 -8.87621472
19.13000000 -9.70671608
19.14000000 -10.38457063
19.15000000 -10.90078990
19.16000000 -11.24729827
19.17000000 -11.41713109
19.18000000 -11.40481426
19.19000000 -11.20673929
19.20000000 -10.82167708
19.21000000 -10.25157442
19.22000000 -9.50205846
19.23000000 -8.58288239
19.24000000 -7.50844049
19.25000000 -6.29780090
19.26000000 -4.97474229
19.27000000 -3.56734973
19.28000000 -2.10774567
19.29000000 -0.63001513
19.30000000 0.82919059
19.31000000 2.23310439
19.32000000 3.54604384
19.33000000 4.73484514
19.34000000 5.77037733
19.35000000 6.62878769
19.36000000 7.29256096
19.37000000 7.75154363
19.38000000 8.00271574
19.39000000 8.05072329
19.40000000 7.90721239
19.41000000 7.59002784
19.42000000 7.12204702
19.43000000 6.52995282
19.44000000 5.84264016
19.45000000 5.08933116
19.46000000 4.29884979
19.47000000 3.49793866
19.48000000 2.71050763
19.49000000 1.95691845
19.50000000 1.25389897
19.51000000 0.61455281
19.52000000 0.04877166
19.53000000 -0.43598696
19.54000000 -0.83444696
19.55000000 -1.14219884
19.56000000 -1.35546767
19.57000000 -1.47057481
19.58000000 -1.48376136
19.59000000 -1.39129569
19.60000000 -1.18981405
19.61000000 -0.87695500
19.62000000 -0.45192439
19.63000000 0.08336941
19.64000000 0.72375132
19.65000000 1.45993021
19.66000000 2.27821240
19.67000000 3.16018351
19.68000000 4.08294764
19.69000000 5.01942545
19.70000000 5.93994883
19.71000000 6.81225454
19.72000000 7.60366542
19.73000000 8.28227108
19.74000000 8.81861606
19.75000000 9.18704407
19.76000000 9.36714332
19.77000000 9.34476919
19.78000000 9.11299231
19.79000000 8.67217511
19.80000000 8.03049575
19.81000000 7.20334545
19.82000000 6.21264617
19.83000000 5.08583520
19.84000000 3.85443762
19.85000000 2.55249789
19.86000000 1.21510428
19.87000000 -0.12444504
19.88000000 -1.43470138
19.89000000 -2.68868495
19.90000000 -3.86477155
19.91000000 -4.94750948
19.92000000 -5.92795007
19.93000000 -6.80348401
19.94000000 -7.57710170
19.95000000 -8.25677074
19.96000000 -8.85317139
19.97000000 -9.37870147
19.98000000 -9.84543082
19.99000000 -10.26368739
20.00000000 -10.64057824
