0.02000000 -0.02033603
0.03000000 -0.02973572
0.04000000 -0.03878224
0.05000000 -0.05070241
0.06000000 -0.06234888
0.07000000 -0.07454247
0.08000000 -0.08613025
0.09000000 -0.09718427
0.09999999 -0.10712462
0.11000000 -0.11601908
0.12000000 -0.12398160
0.13000000 -0.13134667
0.14000000 -0.13861405
0.15000000 -0.14635774
0.16000000 -0.15509295
0.17000000 -0.16527103
0.18000000 -0.17702157
0.19000000 -0.19026549
0.20000000 -0.20457348
0.21000000 -0.21933976
0.22000000 -0.23377432
0.23000000 -0.24710656
0.24000000 -0.25869108
0.25000000 -0.26814737
0.26000000 -0.27542859
0.27000000 -0.28087783
0.28000000 -0.28517506
0.29000000 -0.28926334
0.30000000 -0.29417308
0.31000000 -0.30088018
0.32000000 -0.31009830
0.33000000 -0.32217475
0.34000000 -0.33698461
0.35000000 -0.35392551
0.36000000 -0.37200787
0.37000000 -0.38998697
0.38000000 -0.40655302
0.39000000 -0.42056673
0.40000000 -0.43125143
0.41000000 -0.43834428
0.42000000 -0.44216185
0.43000000 -0.44359711
0.44000000 -0.44397350
0.45000000 -0.44487000
0.46000000 -0.44785516
0.47000000 -0.45422735
0.48000000 -0.46479812
0.49000000 -0.47971891
0.50000000 -0.49843038
0.51000000 -0.51971901
0.52000000 -0.54189933
0.53000000 -0.56304684
0.54000000 -0.58132510
0.55000000 -0.59528761
0.56000000 -0.60412463
0.57000000 -0.60782462
0.58000000 -0.60723397
0.59000000 -0.60392348
0.60000000 -0.59998374
0.61000000 -0.59770050
0.62000000 -0.59918330
0.63000000 -0.60602187
0.64000000 -0.61899559
0.65000000 -0.63791951
0.66000000 -0.66162683
0.67000000 -0.68812532
0.68000000 -0.71488595
0.69000000 -0.73922918
0.70000000 -0.75876197
0.71000000 -0.77176755
0.72000000 -0.77752947
0.73000000 -0.77646831
0.74000000 -0.77014155
0.75000000 -0.76101084
0.76000000 -0.75210578
0.77000000 -0.74654251
0.78000000 -0.74700674
0.79000000 -0.75533187
0.80000000 -0.77214194
0.81000000 -0.79671142
0.82000000 -0.82702657
0.83000000 -0.86005999
0.84000000 -0.89222480
0.85000000 -0.91992736
0.86000000 -0.94014493
0.87000000 -0.95096675
0.88000000 -0.95191313
0.89000000 -0.94410329
0.90000000 -0.93011641
0.91000000 -0.91365976
0.92000000 -0.89898510
0.93000000 -0.89022868
0.94000000 -0.89071170
0.95000000 -0.90235815
0.96000000 -0.92529428
0.97000000 -0.95770490
0.98000000 -0.99602857
0.98999990 -1.03539636
1.00000000 -1.07033573
1.01000000 -1.09559356
1.02000000 -1.10697796
1.03000000 -1.10205135
1.04000000 -1.08065069
1.05000000 -1.04500744
1.06000000 -0.99959248
1.07000000 -0.95051829
1.08000000 -0.90475967
1.09000000 -0.86913628
1.10000000 -0.84931032
1.11000000 -0.84891396
1.12000000 -0.86892075
1.13000000 -0.90739690
1.14000000 -0.95970411
1.15000000 -1.01906274
1.16000000 -1.07748427
1.17000000 -1.12691296
1.18000000 -1.16038146
1.19000000 -1.17310105
1.20000000 -1.16322751
1.21000000 -1.13221502
1.22000000 -1.08472764
1.23000000 -1.02805563
1.24000000 -0.97114247
1.25000000 -0.92336710
1.26000000 -0.89318046
1.27000000 -0.88691776
1.28000000 -0.90783269
1.29000000 -0.95558795
1.30000000 -1.02623425
1.31000000 -1.11272656
1.32000000 -1.20586333
1.33000000 -1.29556185
1.34000000 -1.37224866
1.35000000 -1.42820306
1.36000000 -1.45859564
1.37000000 -1.46217708
1.38000000 -1.44136044
1.39000000 -1.40184458
1.40000000 -1.35172299
1.41000000 -1.30025468
1.42000000 -1.25648599
1.43000000 -1.22791764
1.44000000 -1.21943385
1.45000000 -1.23260749
1.46000000 -1.26559375
1.47000000 -1.31346246
1.48000000 -1.36911123
1.49000000 -1.42441268
1.50000000 -1.47160245
1.51000000 -1.50453337
1.52000000 -1.51969280
1.53000000 -1.51675870
1.54000000 -1.49866338
1.55000000 -1.47104301
1.56000000 -1.44127360
1.57000000 -1.41716730
1.58000000 -1.40552984
1.59000000 -1.41091074
1.60000000 -1.43460813
1.61000000 -1.47433106
1.62000000 -1.52431564
1.63000000 -1.57623994
1.64000000 -1.62052947
1.65000000 -1.64812581
1.66000000 -1.65227584
1.67000000 -1.63019804
1.68000000 -1.58425340
1.69000000 -1.52250846
1.70000000 -1.45848881
1.71000000 -1.41007781
1.72000000 -1.39776055
1.73000000 -1.44226559
1.74000000 -1.56202188
1.75000000 -1.77064210
1.76000000 -2.07483483
1.77000000 -2.47302900
1.78000000 -2.95479805
1.79000000 -3.50138227
1.80000000 -4.08706380
1.81000000 -4.68144192
1.82000000 -5.25207784
1.83000000 -5.76758538
1.84000000 -6.20037764
1.85000000 -6.52916239
1.86000000 -6.74054123
1.87000000 -6.82988870
1.88000000 -6.80125392
1.89000000 -6.66637568
1.90000000 -6.44309728
1.91000000 -6.15329385
1.92000000 -5.82064108
1.93000000 -5.46855003
1.94000000 -5.11841758
1.95000000 -4.78846667
1.96000000 -4.49303383
1.97000000 -4.24262692
1.98000000 -4.04425805
1.99000000 -3.90200415
2.00000000 -3.81792356
2.01000000 -3.79250846
2.02000000 -3.82512867
2.03000000 -3.91402619
2.04000000 -4.05602636
2.05000000 -4.24601837
2.06000000 -4.47627357
2.07000000 -4.73602046
2.08000000 -5.01112585
2.09000000 -5.28438249
2.10000000 -5.53627509
2.11000000 -5.74620525
2.12000000 -5.89436228
2.13000000 -5.96364330
2.14000000 -5.94169597
2.15000000 -5.82261550
2.16000000 -5.60819363
2.17000000 -5.30829691
2.18000000 -4.94039655
2.19000000 -4.52817931
2.20000000 -4.09935072
2.21000000 -3.68285682
2.22000000 -3.30591663
2.23000000 -2.99108288
2.24000000 -2.75385082
2.25000000 -2.60100766
2.26000000 -2.53010631
2.27000000 -2.52991527
2.28000000 -2.58208024
2.29000000 -2.66353625
2.30000000 -2.74957436
2.31000000 -2.81700758
2.32000000 -2.84714054
2.33000000 -2.82810293
2.34000000 -2.75622079
2.35000000 -2.63633337
2.36000000 -2.48093318
2.37000000 -2.30829934
2.38000000 -2.13985967
2.39000000 -1.99723635
2.40000000 -1.89917947
2.41000000 -1.85902671
2.42000000 -1.88288998
2.43000000 -1.96882431
2.44000000 -2.10715109
2.45000000 -2.28176739
2.46000000 -2.47233045
2.47000000 -2.65697863
2.48000000 -2.81518978
2.49000000 -2.93033165
2.50000000 -2.99167806
2.51000000 -2.99543632
2.52000000 -2.94480821
2.53000000 -2.84887691
2.54000000 -2.72060927
2.55000000 -2.57425495
2.56000000 -2.42234119
2.57000000 -2.27281209
2.58000000 -2.12655802
2.59000000 -1.97587703
2.60000000 -1.80381420
2.61000000 -1.58473296
2.62000000 -1.28594854
2.63000000 -0.87025442
2.64000000 -0.29928194
2.65000000 0.46306958
2.66000000 1.44691504
2.67000000 2.67328278
2.68000000 4.15150038
2.69000000 5.87756622
2.70000000 7.83322925
2.71000000 9.98656503
2.72000000 12.29287738
2.73000000 14.69678596
2.74000000 17.13476271
2.75000000 19.53795471
2.76000000 21.83530178
2.77000000 23.95670461
2.78000000 25.83587168
2.79000000 27.41319398
2.80000000 28.63813817
2.81000000 29.47131014
2.82000000 29.88585016
2.83000000 29.86916437
2.84000000 29.42307098
2.85000000 28.56453163
2.86000000 27.32437124
2.87000000 25.74666979
2.88000000 23.88666337
2.89000000 21.80824505
2.90000000 19.58104278
2.91000000 17.27667702
2.92000000 14.96526622
2.93000000 12.71190910
2.94000000 10.57315346
2.95000000 8.59468387
2.96000000 6.80927932
2.97000000 5.23617107
2.98000000 3.88101524
2.99000000 2.73756327
3.00000000 1.78948259
3.01000000 1.01329914
3.02000000 0.38153237
3.03000000 -0.13431048
3.04000000 -0.56077597
3.05000000 -0.92038533
3.06000000 -1.23020250
3.07000000 -1.50131707
3.08000000 -1.73918620
3.09000000 -1.94478783
3.10000000 -2.11612954
3.11000000 -2.25018194
3.12000000 -2.34456479
3.13000000 -2.39908050
3.14000000 -2.41661237
3.15000000 -2.40346139
3.16000000 -2.36892775
3.17000000 -2.32447901
3.18000000 -2.28236681
3.19000000 -2.25417786
3.20000000 -2.24945480
3.21000000 -2.27460684
3.22000000 -2.33232465
3.23000000 -2.42157746
3.24000000 -2.53824021
3.25000000 -2.67610886
3.26000000 -2.82838335
3.27000000 -2.98905946
3.28000000 -3.15434230
3.29000000 -3.32349573
3.30000000 -3.49936995
3.31000000 -3.68798478
3.32000000 -3.89782380
3.33000000 -4.13831972
3.34000000 -4.41822474
3.35000000 -4.74377412
3.36000000 -5.11712113
3.37000000 -5.53508815
3.38000000 -5.98873855
3.39000000 -6.46351740
3.40000000 -6.94017264
3.41000000 -7.39638957
3.42000000 -7.80879776
3.43000000 -8.15524722
3.44000000 -8.41701897
3.45000000 -8.58063638
3.46000000 -8.63911280
3.47000000 -8.59262995
3.48000000 -8.44809564
3.49000000 -8.21839733
3.50000000 -7.92082000
3.51000000 -7.57512187
3.52000000 -7.20155201
3.53000000 -6.81886647
3.54000000 -6.44300408
3.55000000 -6.08589625
3.56000000 -5.75517940
3.57000000 -5.45434904
3.58000000 -5.18345343
3.59000000 -4.94015688
3.60000000 -4.72092877
3.61000000 -4.52216994
3.62000000 -4.34112003
3.63000000 -4.17647581
3.64000000 -4.02844424
3.65000000 -3.89855536
3.66000000 -3.78899391
3.67000000 -3.70188976
3.68000000 -3.63842028
3.69000000 -3.59816686
3.70000000 -3.57864236
3.71000000 -3.57510234
3.72000000 -3.58086909
3.73000000 -3.58776127
3.74000000 -3.58686801
3.75000000 -3.56932823
3.76000000 -3.52705323
3.77000000 -3.45320612
3.78000000 -3.34247592
3.79000000 -3.19086873
3.80000000 -2.99534345
3.81000000 -2.75314709
3.82000000 -2.46112253
3.83000000 -2.11511400
3.84000000 -1.70967583
3.85000000 -1.23815558
3.86000000 -0.69329557
3.87000000 -0.06829356
3.88000000 0.64173655
3.89000000 1.43805537
3.90000000 2.31660983
3.91000000 3.26661571
3.92000000 4.26962548
3.93000000 5.29932018
3.94000000 6.32221243
3.95000000 7.29914883
3.96000000 8.18775406
3.97000000 8.94541184
3.98000000 9.53258855
3.99000000 9.91623813
4.00000000 10.07281391
4.01000000 9.99047778
4.02000000 9.67057499
4.03000000 9.12767283
4.04000000 8.38855021
4.05000000 7.49029914
4.06000000 6.47701272
4.07000000 5.39641440
4.08000000 4.29584749
4.09000000 3.21890783
4.10000000 2.20193866
4.11000000 1.27213332
4.12000000 0.44612128
4.13000000 -0.27038504
4.14000000 -0.88141023
4.15000000 -1.39926796
4.16000000 -1.84199786
4.17000000 -2.23092574
4.18000000 -2.58787049
4.19000000 -2.93294181
4.20000000 -3.28262548
4.21000000 -3.64880505
4.22000000 -4.03822315
4.23000000 -4.45290683
4.24000000 -4.89080856
4.25000000 -5.34715850
4.26000000 -5.81563489
4.27000000 -6.28967110
4.28000000 -6.76341272
4.29000000 -7.23239080
4.30000000 -7.69363913
4.31000000 -8.14567747
4.32000000 -8.58787935
4.33000000 -9.01994102
4.34000000 -9.44099635
4.35000000 -9.84930766
4.36000000 -10.24169671
4.37000000 -10.61357986
4.38000000 -10.95924043
4.39000000 -11.27230754
4.40000000 -11.54664773
4.41000000 -11.77695278
4.42000000 -11.95978246
4.43000000 -12.09370792
4.44000000 -12.17999293
4.45000000 -12.22227482
4.46000000 -12.22619690
4.47000000 -12.19866259
4.48000000 -12.14699124
4.49000000 -12.07788180
4.50000000 -11.99649503
4.51000000 -11.90579820
4.52000000 -11.80610087
4.53000000 -11.69491410
4.54000000 -11.56744091
4.55000000 -11.41694875
4.56000000 -11.23582303
4.57000000 -11.01632985
4.58000000 -10.75152812
4.59000000 -10.43602253
4.60000000 -10.06616159
4.61000000 -9.64014312
4.62000000 -9.15776246
4.63000000 -8.61936805
4.64000000 -8.02530349
4.65000000 -7.37461087
4.66000000 -6.66418091
4.67000000 -5.88793722
4.68000000 -5.03664072
4.69000000 -4.09779476
4.70000000 -3.05666175
4.71000000 -1.89708576
4.72000000 -0.60358341
4.73000000 0.83714629
4.74000000 2.43365120
4.75000000 4.18826971
4.76000000 6.09489686
4.77000000 8.13841455
4.78000000 10.29354657
4.79000000 12.52570362
4.80000000 14.79137377
4.81000000 17.04062978
4.82000000 19.21869406
4.83000000 21.26922617
4.84000000 23.13701504
4.85000000 24.77124749
4.86000000 26.12762894
4.87000000 27.17154808
4.88000000 27.87845779
4.89000000 28.23607408
4.90000000 28.24344996
4.91000000 27.91106297
4.92000000 27.25939062
4.93000000 26.31708947
4.94000000 25.11932545
4.95000000 23.70531507
4.96000000 22.11636193
4.97000000 20.39397159
4.98000000 18.57808020
4.99000000 16.70631524
5.00000000 14.81255046
5.01000000 12.92727842
5.02000000 11.07661795
5.03000000 9.28349282
5.04000000 7.56714763
5.05000000 5.94403168
5.06000000 4.42768539
5.07000000 3.02944694
5.08000000 1.75800564
5.09000000 0.61977980
5.10000000 -0.38169953
5.11000000 -1.24556445
5.12000000 -1.97422809
5.13000000 -2.57326106
5.14000000 -3.05139519
5.15000000 -3.42043755
5.16000000 -3.69457261
5.17000000 -3.88994735
5.18000000 -4.02356931
5.19000000 -4.11250600
5.20000000 -4.17284844
5.21000000 -4.21878688
5.22000000 -4.26185342
5.23000000 -4.31036356
5.24000000 -4.36915673
5.25000000 -4.43971756
5.26000000 -4.52044425
5.27000000 -4.60732214
5.28000000 -4.69465028
5.29000000 -4.77600570
5.30000000 -4.84506930
5.31000000 -4.89647257
5.32000000 -4.92642255
5.33000000 -4.93310126
5.34000000 -4.91677090
5.35000000 -4.87961738
5.36000000 -4.82529739
5.37000000 -4.75838268
5.38000000 -4.68352336
5.39000000 -4.60461967
5.40000000 -4.52397330
5.41000000 -4.44158221
5.42000000 -4.35452367
5.43000000 -4.25671676
5.44000000 -4.13874283
5.45000000 -3.98811653
5.46000000 -3.78984950
5.47000000 -3.52718442
5.48000000 -3.18263916
5.49000000 -2.73933253
5.50000000 -2.18221500
5.51000000 -1.49968058
5.52000000 -0.68472786
5.53000000 0.26350509
5.54000000 1.33907457
5.55000000 2.52810951
5.56000000 3.80906796
5.57000000 5.15242355
5.58000000 6.52195383
5.59000000 7.87559319
5.60000000 9.16763153
5.61000000 10.35059558
5.62000000 11.37820993
5.63000000 12.20749449
5.64000000 12.80190292
5.65000000 13.13332928
5.66000000 13.18401861
5.67000000 12.94791815
5.68000000 12.43097111
5.69000000 11.65086504
5.70000000 10.63581952
5.71000000 9.42249111
5.72000000 8.05386657
5.73000000 6.57586748
5.74000000 5.03488240
5.75000000 3.47448833
5.76000000 1.93342723
5.77000000 0.44327287
5.78000000 -0.97209832
5.79000000 -2.29739605
5.80000000 -3.52482663
5.81000000 -4.65353450
5.82000000 -5.68742445
5.83000000 -6.63368672
5.84000000 -7.50050099
5.85000000 -8.29565356
5.86000000 -9.02490501
5.87000000 -9.69146745
5.88000000 -10.29572382
5.89000000 -10.83562349
5.90000000 -11.30751931
5.91000000 -11.70738490
5.92000000 -12.03207163
5.93000000 -12.28053936
5.94000000 -12.45451415
5.95000000 -12.55914186
5.96000000 -12.60277684
5.97000000 -12.59638144
5.98000000 -12.55239665
5.99000000 -12.48343657
6.00000000 -12.40077530
6.01000000 -12.31274787
6.02000000 -12.22350766
6.03000000 -12.13244660
6.04000000 -12.03359805
6.05000000 -11.91599040
6.06000000 -11.76442232
6.07000000 -11.56056487
6.08000000 -11.28444015
6.09000000 -10.91600330
6.10000000 -10.43644970
6.11000000 -9.82985364
6.12000000 -9.08369210
6.13000000 -8.18992298
6.14000000 -7.14472988
6.15000000 -5.94888229
6.16000000 -4.60742151
6.17000000 -3.12895772
6.18000000 -1.52595197
6.19000000 0.18616946
6.20000000 1.98838664
6.21000000 3.85871816
6.22000000 5.77132318
6.23000000 7.69717744
6.24000000 9.60311172
6.25000000 11.45313621
6.26000000 13.20803858
6.27000000 14.82737910
6.28000000 16.27036451
6.29000000 17.49812586
6.30000000 18.47557278
6.31000000 19.17397768
6.32000000 19.57256041
6.33000000 19.66051006
6.34000000 19.43774316
6.35000000 18.91532536
6.36000000 18.11480989
6.37000000 17.06681850
6.38000000 15.80927625
6.39000000 14.38428665
6.40000000 12.83590670
6.41000000 11.20656677
6.42000000 9.53527205
6.43000000 7.85514971
6.44000000 6.19225690
6.45000000 4.56539131
6.46000000 2.98616047
6.47000000 1.46046872
6.48000000 -0.01026782
6.49000000 -1.42672028
6.50000000 -2.79020502
6.51000000 -4.10047343
6.52000000 -5.35493354
6.53000000 -6.54749976
6.54000000 -7.66909837
6.55000000 -8.70771005
6.56000000 -9.65008333
6.57000000 -10.48268362
6.58000000 -11.19357113
6.59000000 -11.77363308
6.60000000 -12.21793596
6.61000000 -12.52608141
6.62000000 -12.70268652
6.63000000 -12.75658014
6.64000000 -12.70008992
6.65000000 -12.54774687
6.66000000 -12.31473339
6.67000000 -12.01548224
6.68000000 -11.66257766
6.69000000 -11.26552183
6.70000000 -10.83067314
6.71000000 -10.36092586
6.72000000 -9.85641300
6.73000000 -9.31516556
6.74000000 -8.73427468
6.75000000 -8.11084765
6.76000000 -7.44321069
6.77000000 -6.73172523
6.78000000 -5.97937743
6.79000000 -5.19192954
6.80000000 -4.37807235
6.81000000 -3.54882404
6.82000000 -2.71734840
6.83000000 -1.89798381
6.84000000 -1.10594025
6.85000000 -0.35643023
6.86000000 0.33547332
6.87000000 0.95548146
6.88000000 1.48999896
6.89000000 1.92653720
6.90000000 2.25369561
6.91000000 2.46148215
6.92000000 2.54150738
6.93000000 2.48744548
6.94000000 2.29558771
6.95000000 1.96535278
6.96000000 1.49980144
6.97000000 0.90627167
6.98000000 0.19633381
6.99000000 -0.61384933
7.00000000 -1.50430795
7.01000000 -2.45160418
7.02000000 -3.43017205
7.03000000 -4.41335374
7.04000000 -5.37511939
7.05000000 -6.29129436
7.06000000 -7.14115250
7.07000000 -7.90823961
7.08000000 -8.58146558
7.09000000 -9.15496563
7.10000000 -9.62830918
7.11000000 -10.00575007
7.12000000 -10.29517465
7.13000000 -10.50692106
7.14000000 -10.65249853
7.15000000 -10.74300744
7.16000000 -10.78796414
7.17000000 -10.79427657
7.18000000 -10.76537692
7.19000000 -10.70075537
7.20000000 -10.59580804
7.21000000 -10.44199691
7.22000000 -10.22719768
7.23000000 -9.93609328
7.24000000 -9.55098038
7.25000000 -9.05236198
7.26000000 -8.41988443
7.27000000 -7.63298270
7.28000000 -6.67209114
7.29000000 -5.51927312
7.30000000 -4.15966532
7.31000000 -2.58229557
7.32000000 -0.78173370
7.33000000 1.24120961
7.34000000 3.47775169
7.35000000 5.91080222
7.36000000 8.51369536
7.37000000 11.25068753
7.38000000 14.07638242
7.39000000 16.93767664
7.40000000 19.77415963
7.41000000 22.52130351
7.42000000 25.11190903
7.43000000 27.47990486
7.44000000 29.56297246
7.45000000 31.30531651
7.46000000 32.66083809
7.47000000 33.59515981
7.48000000 34.08714513
7.49000000 34.12967192
7.50000000 33.73005068
7.51000000 32.90919935
7.52000000 31.69982143
7.53000000 30.14508633
7.54000000 28.29599585
7.55000000 26.20884019
7.56000000 23.94234402
7.57000000 21.55592665
7.58000000 19.10651951
7.59000000 16.64775031
7.60000000 14.22741233
7.61000000 11.88753622
7.62000000 9.66279443
7.63000000 7.58108823
7.64000000 5.66266959
7.65000000 3.92129933
7.66000000 2.36384307
7.67000000 0.99154351
7.68000000 -0.19983244
7.69000000 -1.21886368
7.70000000 -2.07780907
7.71000000 -2.79171734
7.72000000 -3.37729278
7.73000000 -3.85202814
7.74000000 -4.23316431
7.75000000 -4.53679717
7.76000000 -4.77694393
7.77000000 -4.96502271
7.78000000 -5.10941604
7.79000000 -5.21520921
7.80000000 -5.28445839
7.81000000 -5.31662563
7.82000000 -5.30917871
7.83000000 -5.25856694
7.84000000 -5.16117765
7.85000000 -5.01443560
7.86000000 -4.81761767
7.87000000 -4.57277720
7.88000000 -4.28513215
7.89000000 -3.96334779
7.90000000 -3.61943496
7.91000000 -3.26823445
7.92000000 -2.92681237
7.93000000 -2.61342201
7.94000000 -2.34658080
7.95000000 -2.14393889
7.96000000 -2.02121267
7.97000000 -1.99146161
7.98000000 -2.06422265
7.99000000 -2.24527747
8.00000000 -2.53641352
8.01000000 -2.93541309
8.02000000 -3.43644547
8.03000000 -4.03064375
8.04000000 -4.70638202
8.05000000 -5.45009707
8.05999900 -6.24684963
8.07000000 -7.08110365
8.08000000 -7.93689838
8.09000000 -8.79853418
8.09999900 -9.65069288
8.11000000 -10.47916546
8.12000000 -11.27034563
8.13000000 -12.01181686
8.13999900 -12.69218309
8.15000000 -13.30142690
8.16000000 -13.83043316
8.17000000 -14.27143806
8.17999900 -14.61757346
8.19000000 -14.86327310
8.20000000 -15.00386188
8.21000000 -15.03559071
8.22000000 -14.95547670
8.23000000 -14.76116513
8.24000000 -14.45076748
8.25000000 -14.02284247
8.26000000 -13.47607928
8.27000000 -12.80934791
8.28000000 -12.02181820
8.29000000 -11.11286311
8.30000000 -10.08245849
8.30999900 -8.93161066
8.32000000 -7.66222902
8.33000000 -6.27844845
8.34000000 -4.78659669
8.34999900 -3.19612567
8.36000000 -1.51946505
8.37000000 0.22663937
8.38000000 2.02153323
8.38999900 3.84023934
8.40000000 5.65443559
8.41000000 7.43191346
8.42000000 9.13798212
8.42999900 10.73634487
8.44000000 12.19085400
8.45000000 13.46605580
8.46000000 14.52938444
8.47000000 15.35242931
8.48000000 15.91231869
8.49000000 16.19316181
8.50000000 16.18639936
8.51000000 15.89174092
8.52000000 15.31722218
8.53000000 14.47870105
8.54000000 13.39927445
8.55000000 12.10839689
8.55999900 10.64051236
8.57000000 9.03302749
8.58000000 7.32565843
8.59000000 5.55844017
8.59999900 3.77033604
8.61000000 1.99772067
8.62000000 0.27423267
8.63000000 -1.37052490
8.63999900 -2.91096561
8.65000000 -4.32629405
8.66000000 -5.59942548
8.67000000 -6.71727087
8.67999900 -7.67011749
8.69000000 -8.45138612
8.70000000 -9.05665800
8.71000000 -9.48350552
8.72000000 -9.73095699
8.73000000 -9.79925949
8.74000000 -9.68954165
8.75000000 -9.40385469
8.76000000 -8.94514682
8.77000000 -8.31750454
8.78000000 -7.52629659
8.79000000 -6.57892460
8.80000000 -5.48512841
8.80999900 -4.25782289
8.82000000 -2.91320169
8.83000000 -1.47201452
8.84000000 0.04039911
8.84999900 1.59368191
8.86000000 3.15305860
8.87000000 4.67897648
8.88000000 6.12852313
8.88999900 7.45649771
8.90000000 8.61783260
8.91000000 9.56872404
8.92000000 10.26977508
8.92999900 10.68809374
8.94000000 10.79984741
8.95000000 10.59198056
8.96000000 10.06367738
8.97000000 9.22719933
8.98000000 8.10762422
8.99000000 6.74143448
9.00000000 5.17521921
9.01000000 3.46261584
9.02000000 1.66137261
9.03000000 -0.17078063
9.04000000 -1.97850003
9.05000000 -3.71254643
9.05999900 -5.33189500
9.07000000 -6.80599743
9.08000000 -8.11434036
9.09000000 -9.24683895
9.09999900 -10.20224846
9.11000000 -10.98659012
9.12000000 -11.61006306
9.13000000 -12.08493688
9.13999900 -12.42288428
9.15000000 -12.63320763
9.16000000 -12.72123476
9.17000000 -12.68811896
9.17999900 -12.53101783
9.19000000 -12.24421380
9.20000000 -11.82090755
9.21000000 -11.25517808
9.22000000 -10.54408709
9.23000000 -9.68958904
9.24000000 -8.69961320
9.25000000 -7.58913156
9.26000000 -6.37984330
9.27000000 -5.09952202
9.28000000 -3.77996836
9.29000000 -2.45585529
9.30000000 -1.16202656
9.30999900 0.06838600
9.32000000 1.20633046
9.33000000 2.22746648
9.34000000 3.11347505
9.34999900 3.85203662
9.36000000 4.43673708
9.37000000 4.86576155
9.38000000 5.14110363
9.38999900 5.26740311
9.40000000 5.25089272
9.41000000 5.09864334
9.42000000 4.81832425
9.42999900 4.41823985
9.44000000 3.90758598
9.45000000 3.29733117
9.46000000 2.60062978
9.46999900 1.83351880
9.48000000 1.01482251
9.49000000 0.16637916
9.50000000 -0.68788455
9.51000000 -1.52291866
9.52000000 -2.31386220
9.53000000 -3.03785793
9.54000000 -3.67499440
9.55000000 -4.20978820
9.55999900 -4.63181156
9.57000000 -4.93588782
9.58000000 -5.12146341
9.59000000 -5.19172273
9.59999900 -5.15219853
9.61000000 -5.00916353
9.62000000 -4.76812992
9.63000000 -4.43279744
9.63999900 -4.00441995
9.65000000 -3.48186815
9.66000000 -2.86262690
9.67000000 -2.14426369
9.67999900 -1.32652238
9.69000000 -0.41319827
9.70000000 0.58527115
9.71000000 1.65055150
9.71999900 2.75537420
9.73000000 3.86414849
9.74000000 4.93366702
9.75000000 5.91579838
9.76000000 6.76069043
9.77000000 7.42059942
9.78000000 7.85407851
9.79000000 8.02933645
9.80000000 7.92769361
9.80999900 7.54554606
9.82000000 6.89490942
9.83000000 6.00297919
9.84000000 4.91007087
9.84999900 3.66657764
9.86000000 2.32864795
9.87000000 0.95470215
9.88000000 -0.39913743
9.88999900 -1.68223701
9.90000000 -2.85256273
9.91000000 -3.87725464
9.92000000 -4.73338547
9.92999900 -5.40659155
9.94000000 -5.88961742
9.95000000 -6.17930942
9.96000000 -6.27426288
9.96999900 -6.17245299
9.98000000 -5.86941396
9.99000000 -5.35740167
10.00000000 -4.62578018
10.01000000 -3.66206563
10.02000000 -2.45430042
10.03000000 -0.99327258
10.04000000 0.72387950
10.05000000 2.69130278
10.06000000 4.89205837
10.07000000 7.29745853
10.08000000 9.86592307
10.09000000 12.54453067
10.10000000 15.27059957
10.11000000 17.97611669
10.12000000 20.58925244
10.13000000 23.03944509
10.14000000 25.26072337
10.15000000 27.19558685
10.16000000 28.79617606
10.17000000 30.02695690
10.18000000 30.86476218
10.19000000 31.29885301
10.20000000 31.32964839
10.21000000 30.96739679
10.22000000 30.23014737
10.23000000 29.14235172
10.24000000 27.73305506
10.25000000 26.03485152
10.26000000 24.08305478
10.27000000 21.91534768
10.28000000 19.57098572
10.29000000 17.09174347
10.30000000 14.52125865
10.31000000 11.90496953
10.32000000 9.28843088
10.33000000 6.71791196
10.34000000 4.23795273
10.35000000 1.89008444
10.36000000 -0.28980573
10.37000000 -2.27200360
10.38000000 -4.03518629
10.39000000 -5.56729353
10.40000000 -6.86645065
10.41000000 -7.93992529
10.42000000 -8.80382963
10.43000000 -9.48148703
10.44000000 -10.00163063
10.45000000 -10.39593197
10.46000000 -10.69684733
10.47000000 -10.93557205
10.48000000 -11.14014781
10.49000000 -11.33416115
10.50000000 -11.53593735
10.51000000 -11.75831950
10.52000000 -12.00902150
10.53000000 -12.29116538
10.54000000 -12.60426720
10.55000000 -12.94511994
10.56000000 -13.30901745
10.57000000 -13.69037414
10.58000000 -14.08345528
10.59000000 -14.48244504
10.60000000 -14.88160539
10.61000000 -15.27571721
10.62000000 -15.65881292
10.63000000 -16.02447776
10.64000000 -16.36543315
10.65000000 -16.67326501
10.66000000 -16.93842594
10.67000000 -17.15006765
10.68000000 -17.29674175
10.69000000 -17.36612316
10.70000000 -17.34590970
10.71000000 -17.22401369
10.72000000 -16.98903680
10.73000000 -16.63070640
10.74000000 -16.14011090
10.75000000 -15.51020435
10.76000000 -14.73592516
10.77000000 -13.81467381
10.78000000 -12.74629369
10.79000000 -11.53393962
10.80000000 -10.18390216
10.81000000 -8.70648009
10.82000000 -7.11543532
10.83000000 -5.42927690
10.84000000 -3.67050352
10.85000000 -1.86585955
10.86000000 -0.04514837
10.87000000 1.75849786
10.88000000 3.51026546
10.89000000 5.17459929
10.90000000 6.71715608
10.91000000 8.10540610
10.92000000 9.31059324
10.93000000 10.30878293
10.94000000 11.08223797
10.95000000 11.61961922
10.96000000 11.91653162
10.97000000 11.97562064
10.98000000 11.80600077
10.99000000 11.42259442
11.00000000 10.84528344
11.01000000 10.09769916
11.02000000 9.20628702
11.03000000 8.19884630
11.04000000 7.10405881
11.05000000 5.95021242
11.06000000 4.76482958
11.07000000 3.57365270
11.08000000 2.40084229
11.09000000 1.26839242
11.10000000 0.19601153
11.11000000 -0.79938557
11.12000000 -1.70326480
11.13000000 -2.50406186
11.14000000 -3.19319906
11.15000000 -3.76556303
11.16000000 -4.21923447
11.17000000 -4.55594441
11.18000000 -4.78100502
11.19000000 -4.90330689
11.20000000 -4.93506004
11.21000000 -4.89151255
11.22000000 -4.79045612
11.23000000 -4.65163187
11.24000000 -4.49596188
11.25000000 -4.34481638
11.26000000 -4.21904146
11.27000000 -4.13811000
11.28000000 -4.11917399
11.29000000 -4.17633675
11.30000000 -4.31972838
11.31000000 -4.55507828
11.32000000 -4.88308202
11.33000000 -5.29930231
11.34000000 -5.79402052
11.35000000 -6.35251100
11.36000000 -6.95564482
11.37000000 -7.58044214
11.38000000 -8.20096614
11.39000000 -8.78974054
11.40000000 -9.31886136
11.41000000 -9.76120746
11.42000000 -10.09184516
11.43000000 -10.28906702
11.44000000 -10.33556351
11.45000000 -10.21885191
11.46000000 -9.93184454
11.47000000 -9.47302084
11.48000000 -8.84596939
11.49000000 -8.05931416
11.50000000 -7.12579089
11.51000000 -6.06184111
11.52000000 -4.88639413
11.53000000 -3.62079271
11.54000000 -2.28790366
11.55000000 -0.91180095
11.56000000 0.48234400
11.57000000 1.86887817
11.58000000 3.22097400
11.59000000 4.51117089
11.60000000 5.71131020
11.61000000 6.79327354
11.62000000 7.72906323
11.63000000 8.49167096
11.64000000 9.05640804
11.65000000 9.40212816
11.66000000 9.51229604
11.67000000 9.37654277
11.68000000 8.99189650
11.69000000 8.36342245
11.70000000 7.50508440
11.71000000 6.43949523
11.72000000 5.19764292
11.73000000 3.81733678
11.74000000 2.34245236
11.75000000 0.82051111
11.76000000 -0.69908036
11.77000000 -2.16785167
11.78000000 -3.53951545
11.79000000 -4.77242423
11.80000000 -5.83104464
11.81000000 -6.68706335
11.82000000 -7.32040566
11.83000000 -7.71905941
11.84000000 -7.87938477
11.85000000 -7.80564607
11.86000000 -7.50931975
11.87000000 -7.00828920
11.88000000 -6.32609130
11.89000000 -5.49103759
11.90000000 -4.53495013
11.91000000 -3.49275135
11.92000000 -2.40124907
11.93000000 -1.29826896
11.94000000 -0.22126926
11.95000000 0.79319275
11.96000000 1.71111831
11.97000000 2.50208664
11.98000000 3.14091222
11.99000000 3.60830630
12.00000000 3.89233905
12.01000000 3.98908363
12.02000000 3.90318071
12.03000000 3.64783869
12.04000000 3.24456197
12.05000000 2.72228605
12.06000000 2.11630703
12.07000000 1.46642343
12.08000000 0.81549564
12.09000000 0.20728597
12.10000000 -0.31546145
12.11000000 -0.71309772
12.12000000 -0.95044140
12.13000000 -0.99845034
12.14000000 -0.83524982
12.15000000 -0.44684718
12.16000000 0.17239741
12.17000000 1.01978651
12.18000000 2.08428464
12.19000000 3.34752643
12.20000000 4.78392206
12.21000000 6.36179068
12.22000000 8.04425956
12.23000000 9.79097223
12.24000000 11.55835118
12.25000000 13.30160564
12.26000000 14.97577436
12.27000000 16.53786971
12.28000000 17.94698279
12.29000000 19.16662112
12.30000000 20.16558450
12.31000000 20.91906260
12.32000000 21.40967732
12.33000000 21.62738011
12.34000000 21.57045109
12.35000000 21.24487821
12.36000000 20.66423071
12.37000000 19.84891246
12.38000000 18.82516848
12.39000000 17.62440276
12.40000000 16.28088570
12.41000000 14.83187493
12.42000000 13.31533455
12.43000000 11.76938833
12.44000000 10.23023146
12.45000000 8.73219565
12.46000000 7.30615090
12.47000000 5.97885462
12.48000000 4.77190551
12.49000000 3.70167352
12.50000000 2.77849327
12.51000000 2.00635716
12.52000000 1.38264414
12.53000000 0.89852376
12.54000000 0.53906685
12.55000000 0.28393592
12.56000000 0.10836264
12.57000000 -0.01577989
12.58000000 -0.11829200
12.59000000 -0.22919278
12.60000000 -0.37688238
12.61000000 -0.58657532
12.62000000 -0.87865087
12.63000000 -1.26746550
12.64000000 -1.76032990
12.65000000 -2.35730451
12.66000000 -3.05093591
12.67000000 -3.82684907
12.68000000 -4.66455170
12.69000000 -5.53903738
12.70000000 -6.42175424
12.71000000 -7.28247429
12.72000000 -8.09080563
12.73000000 -8.81791070
12.74000000 -9.43739697
12.75000000 -9.92652354
12.76000000 -10.26698876
12.77000000 -10.44538788
12.78000000 -10.45332536
12.79000000 -10.28754255
12.80000000 -9.94980846
12.81000000 -9.44661249
12.82000000 -8.78896627
12.83000000 -7.99221977
12.84000000 -7.07553468
12.85000000 -6.06172378
12.86000000 -4.97640762
12.87000000 -3.84801503
12.88000000 -2.70668607
12.89000000 -1.58377210
12.90000000 -0.51027733
12.91000000 0.48345090
12.92000000 1.36935874
12.93000000 2.12261415
12.94000000 2.72294847
12.95000000 3.15514224
12.96000000 3.40996101
12.97000000 3.48449691
12.98000000 3.38230790
12.99000000 3.11304731
13.00000000 2.69205333
13.01000000 2.13960441
13.02000000 1.47971099
13.03000000 0.73941316
13.04000000 -0.05267891
13.05000000 -0.86729019
13.06000000 -1.67597102
13.07000000 -2.45158182
13.08000000 -3.16955812
13.09000000 -3.80864170
13.10000000 -4.35150952
13.11000000 -4.78553809
13.12000000 -5.10305470
13.13000000 -5.30177409
13.14000000 -5.38492484
13.15000000 -5.36125487
13.16000000 -5.24466869
13.17000000 -5.05371029
13.18000000 -4.81075891
13.19000000 -4.54079255
13.20000000 -4.27013398
13.21000000 -4.02491099
13.22000000 -3.82933566
13.23000000 -3.70418234
13.24000000 -3.66541608
13.25000000 -3.72292935
13.26000000 -3.87986802
13.27000000 -4.13240261
13.28000000 -4.46986489
13.29000000 -4.87549467
13.30000000 -5.32764561
13.31000000 -5.80133122
13.32000000 -6.26974122
13.33000000 -6.70609199
13.34000000 -7.08524309
13.35000000 -7.38499466
13.36000000 -7.58734874
13.37000000 -7.67883365
13.38000000 -7.65097434
13.39000000 -7.50015210
13.40000000 -7.22714004
13.41000000 -6.83644017
13.42000000 -6.33592440
13.43000000 -5.73587801
13.44000000 -5.04854800
13.45000000 -4.28795489
13.46000000 -3.46959522
13.47000000 -2.61041778
13.48000000 -1.72858135
13.49000000 -0.84387225
13.50000000 0.02269015
13.51000000 0.84901750
13.52000000 1.61279023
13.53000000 2.29173729
13.54000000 2.86495779
13.55000000 3.31389748
13.56000000 3.62370213
13.57000000 3.78395083
13.58000000 3.78972570
13.59000000 3.64216592
13.60000000 3.34839663
13.61000000 2.92116343
13.62000000 2.37827798
13.63000000 1.74115112
13.64000000 1.03354715
13.65000000 0.27975627
13.66000000 -0.49668710
13.67000000 -1.27460578
13.68000000 -2.03615834
13.69000000 -2.76788107
13.70000000 -3.46055077
13.71000000 -4.10931215
13.72000000 -4.71317928
13.73000000 -5.27435285
13.74000000 -5.79698004
13.75000000 -6.28640151
13.76000000 -6.74812908
13.77000000 -7.18710679
13.78000000 -7.60707431
13.79000000 -8.01008191
13.80000000 -8.39654116
13.81000000 -8.76512550
13.82000000 -9.11296329
13.83000000 -9.43567034
13.84000000 -9.72769902
13.85000000 -9.98230019
13.86000000 -10.19167397
13.87000000 -10.34692114
13.88000000 -10.43791657
13.89000000 -10.45346175
13.90000000 -10.38118412
13.91000000 -10.20792353
13.92000000 -9.91998101
13.93000000 -9.50385268
13.94000000 -8.94685333
13.95000000 -8.23823563
13.96000000 -7.37018400
13.97000000 -6.33886069
13.98000000 -5.14508164
13.99000000 -3.79553080
14.00000000 -2.30298318
14.01000000 -0.68667719
14.02000000 1.02846753
14.03000000 2.81147751
14.04000000 4.62677347
14.05000000 6.43495560
14.06000000 8.19486914
14.07000000 9.86401293
14.08000000 11.40084351
14.09000000 12.76588552
14.10000000 13.92341445
14.11000000 14.84292486
14.12000000 15.49978685
14.13000000 15.87666829
14.14000000 15.96410225
14.15000000 15.76111234
14.16000000 15.27536792
14.17000000 14.52315898
14.18000000 13.52916195
14.19000000 12.32510391
14.20000000 10.94952227
14.21000000 9.44568191
14.22000000 7.86022329
14.23000000 6.24047762
14.24000000 4.63330850
14.25000000 3.08224183
14.26000000 1.62591374
14.27000000 0.29557327
14.28000000 -0.88525231
14.29000000 -1.90226911
14.30000000 -2.75036913
14.31000000 -3.43356420
14.32000000 -3.96353890
14.33000000 -4.35847870
14.34000000 -4.64104269
14.35000000 -4.83632360
14.36000000 -4.96961867
14.37000000 -5.06430553
14.38000000 -5.14008610
14.39000000 -5.21162442
14.40000000 -5.28759449
14.41000000 -5.37029431
14.42000000 -5.45586723
14.43000000 -5.53476219
14.44000000 -5.59286944
14.45000000 -5.61244680
14.46000000 -5.57376534
14.47000000 -5.45630592
14.48000000 -5.24004314
14.49000000 -4.90669200
14.50000000 -4.44065648
14.51000000 -3.82985093
14.52000000 -3.06617706
14.53000000 -2.14620675
14.54000000 -1.07138811
14.55000000 0.15161493
14.56000000 1.51135928
14.57000000 2.99093688
14.58000000 4.56859020
14.59000000 6.21781747
14.60000000 7.90861805
14.61000000 9.60722246
14.62000000 11.27775909
14.63000000 12.88341076
14.64000000 14.38744663
14.65000000 15.75550970
14.66000000 16.95602822
14.67000000 17.96238584
14.68000000 18.75390444
14.69000000 19.31727788
14.70000000 19.64627982
14.71000000 19.74298658
14.72000000 19.61714063
14.73000000 19.28572828
14.74000000 18.77197682
14.75000000 18.10462245
14.76000000 17.31603051
14.77000000 16.44093144
14.78000000 15.51510810
14.79000000 14.57385985
14.80000000 13.65031511
14.81000000 12.77463862
14.82000000 11.97266796
14.83000000 11.26527265
14.84000000 10.66734650
14.85000000 10.18745190
14.86000000 9.82753585
14.87000000 9.58298056
14.88000000 9.44249372
14.89000000 9.38894862
14.90000000 9.39993513
14.91000000 9.44898636
14.92000000 9.50692747
14.93000000 9.54340589
14.94000000 9.52885307
14.95000000 9.43599909
14.96000000 9.24186336
14.97000000 8.92918011
14.98000000 8.48750592
14.99000000 7.91405212
15.00000000 7.21385759
15.01000000 6.39949075
15.02000000 5.48980642
15.03000000 4.50899276
15.04000000 3.48458074
15.05000000 2.44551949
15.06000000 1.41981511
15.07000000 0.43318099
15.08000000 -0.49294210
15.09000000 -1.34252770
15.10000000 -2.10597365
15.11000000 -2.77986527
15.12000000 -3.36705838
15.13000000 -3.87591717
15.14000000 -4.31921765
15.15000000 -4.71319240
15.16000000 -5.07583025
15.17000000 -5.42587668
15.18000000 -5.78159622
15.19000000 -6.15986103
15.20000000 -6.57524182
15.21000000 -7.03952384
15.22000000 -7.56132552
15.23000000 -8.14606250
15.24000000 -8.79551819
15.25000000 -9.50810873
15.26000000 -10.27869666
15.27000000 -11.09932585
15.28000000 -11.95863182
15.29000000 -12.84291139
15.30000000 -13.73608474
15.31000000 -14.62099565
15.32000000 -15.47959877
15.33000000 -16.29425574
15.34000000 -17.04846119
15.35000000 -17.72836782
15.36000000 -18.32305013
15.37000000 -18.82545160
15.38000000 -19.23280867
15.39000000 -19.54650151
15.40000000 -19.77181808
15.41000000 -19.91691532
15.42000000 -19.99171730
15.43000000 -20.00663927
15.44000000 -19.97102487
15.45000000 -19.89183206
15.46000000 -19.77223654
15.47000000 -19.61093906
15.48000000 -19.40202173
15.49000000 -19.13468678
15.50000000 -18.79428780
15.51000000 -18.36340456
15.52000000 -17.82305320
15.53000000 -17.15489203
15.54000000 -16.34241156
15.55000000 -15.37313883
15.56000000 -14.23892598
15.57000000 -12.93819539
15.58000000 -11.47537758
15.59000000 -9.86165899
15.60000000 -8.11376661
15.61000000 -6.25432061
15.62000000 -4.31018930
15.63000000 -2.31172299
15.64000000 -0.29185745
15.65000000 1.71572178
15.66000000 3.67625593
15.67000000 5.55546521
15.68000000 7.32000010
15.69000000 8.93852130
15.70000000 10.38158309
15.71000000 11.62276555
15.72000000 12.63922454
15.73000000 13.41278433
15.74000000 13.93004529
15.75000000 14.18358986
15.76000000 14.17243485
15.77000000 13.90223770
15.78000000 13.38536401
15.79000000 12.64059871
15.80000000 11.69235971
15.81000000 10.56922545
15.82000000 9.30312477
15.83000000 7.92721811
15.84000000 6.47461040
15.85000000 4.97615661
15.86000000 3.46003393
15.87000000 1.95039321
15.88000000 0.46695628
15.89000000 -0.97470647
15.90000000 -2.36324549
15.91000000 -3.68978984
15.92000000 -4.94738928
15.93000000 -6.12968162
15.94000000 -7.23014823
15.95000000 -8.24075903
15.96000000 -9.15182839
15.97000000 -9.95184068
15.98000000 -10.62807057
15.99000000 -11.16688072
16.00000000 -11.55485161
16.01000000 -11.77987782
16.02000000 -11.83211277
16.03000000 -11.70494213
16.04000000 -11.39533726
16.05000000 -10.90445576
16.06000000 -10.23740540
16.07000000 -9.40304346
16.08000000 -8.41339945
16.09000000 -7.28318425
16.10000000 -6.02916442
16.11000000 -4.67003729
16.12000000 -3.22503616
16.13000000 -1.71547427
16.14000000 -0.16380666
16.15000000 1.40596211
16.16000000 2.96812742
16.17000000 4.49525246
16.18000000 5.95845386
16.19000000 7.32787097
16.20000000 8.57347429
16.21000000 9.66740447
16.22000000 10.58383596
16.23000000 11.30188342
16.24000000 11.80695641
16.25000000 12.09218279
16.26000000 12.15937446
16.27000000 12.01948533
16.28000000 11.69241567
16.29000000 11.20568012
16.30000000 10.59318271
16.31000000 9.89281838
16.32000000 9.14396953
16.33000000 8.38478479
16.34000000 7.64973664
16.35000000 6.96736268
16.36000000 6.35878557
16.37000000 5.83632417
16.38000000 5.40399709
16.39000000 5.05759391
16.40000000 4.78588968
16.41000000 4.57244416
16.42000000 4.39735918
16.43000000 4.23954259
16.44000000 4.07851246
16.45000000 3.89611097
16.46000000 3.67767510
16.47000000 3.41314691
16.48000000 3.09718467
16.49000000 2.72930682
16.50000000 2.31338833
16.51000000 1.85707418
16.52000000 1.37094744
16.53000000 0.86774287
16.54000000 0.36115174
16.55000000 -0.13452794
16.56000000 -0.60538791
16.57000000 -1.03858607
16.58000000 -1.42287877
16.59000000 -1.74914370
16.60000000 -2.01085244
16.61000000 -2.20437024
16.62000000 -2.32941345
16.63000000 -2.38889806
16.64000000 -2.38910770
16.65000000 -2.33932623
16.66000000 -2.25140175
16.67000000 -2.13894255
16.68000000 -2.01648380
16.69000000 -1.89831712
16.70000000 -1.79746334
16.71000000 -1.72450224
16.72000000 -1.68678050
16.73000000 -1.68777620
16.74000000 -1.72672398
16.75000000 -1.79885723
16.76000000 -1.89582726
16.77000000 -2.00660641
16.78000000 -2.11854429
16.79000000 -2.21871633
16.80000000 -2.29500671
16.81000000 -2.33728087
16.82000000 -2.33822212
16.83000000 -2.29377303
16.84000000 -2.20328229
16.85000000 -2.06914108
16.86000000 -1.89628887
16.87000000 -1.69117922
16.88000000 -1.46101030
16.89000000 -1.21268078
16.90000000 -0.95192280
16.91000000 -0.68269581
16.92000000 -0.40680094
16.93000000 -0.12370171
16.94000000 0.16926834
16.95000000 0.47663738
16.96000000 0.80456596
16.97000000 1.16002048
16.98000000 1.55065047
16.99000000 1.98427349
17.00000000 2.46865860
17.01000000 3.01124227
17.02000000 3.61891014
17.03000000 4.29757736
17.04000000 5.05238643
17.05000000 5.88626540
17.06000000 6.80000502
17.07000000 7.79109620
17.08000000 8.85304953
17.09000000 9.97451125
17.10000000 11.13871183
17.11000000 12.32294626
17.12000000 13.49958213
17.13000000 14.63565853
17.14000000 15.69446932
17.15000000 16.63787592
17.16000000 17.42778587
17.17000000 18.02908631
17.18000000 18.41182867
17.19000000 18.55358971
17.20000000 18.44141866
17.21000000 18.07274348
17.22000000 17.45592514
17.23000000 16.60979888
17.24000000 15.56221509
17.25000000 14.34845647
17.26000000 13.00810768
17.27000000 11.58281250
17.28000000 10.11336166
17.29000000 8.63631219
17.30000000 7.18353327
17.31000000 5.77976231
17.32000000 4.44229511
17.33000000 3.18116829
17.34000000 1.99997246
17.35000000 0.89717917
17.36000000 -0.13190197
17.37000000 -1.09427294
17.38000000 -1.99637028
17.39000000 -2.84351883
17.40000000 -3.63889499
17.41000000 -4.38302827
17.42000000 -5.07385182
17.43000000 -5.70716035
17.44000000 -6.27728043
17.45000000 -6.77779429
17.46000000 -7.20282510
17.47000000 -7.54710883
17.48000000 -7.80695370
17.49000000 -7.98049532
17.50000000 -8.06759202
17.51000000 -8.06997419
17.52000000 -7.99086090
17.53000000 -7.83486258
17.54000000 -7.60763883
17.55000000 -7.31616507
17.56000000 -6.96843446
17.57000000 -6.57388518
17.58000000 -6.14341648
17.59000000 -5.68959663
17.60000000 -5.22671247
17.61000000 -4.77058748
17.62000000 -4.33782153
17.63000000 -3.94562675
17.64000000 -3.61045067
17.65000000 -3.34702266
17.66000000 -3.16722894
17.67000000 -3.07902192
17.68000000 -3.08566266
17.69000000 -3.18529944
17.70000000 -3.37097235
17.71000000 -3.63124399
17.72000000 -3.95105489
17.73000000 -4.31305722
17.74000000 -4.69928204
17.75000000 -5.09268515
17.76000000 -5.47864058
17.77000000 -5.84619134
17.78000000 -6.18860621
17.79000000 -6.50391743
17.80000000 -6.79424554
17.81000000 -7.06507485
17.82000000 -7.32399967
17.83000000 -7.57949616
17.84000000 -7.83909628
17.85000000 -8.10821266
17.86000000 -8.38909114
17.87000000 -8.68032290
17.88000000 -8.97655165
17.89000000 -9.26894377
17.90000000 -9.54624012
17.91000000 -9.79565831
17.92000000 -10.00457396
17.93000000 -10.16166539
17.94000000 -10.25841436
17.95000000 -10.28988411
17.96000000 -10.25537645
17.97000000 -10.15866061
17.98000000 -10.00761850
17.99000000 -9.81362735
18.00000000 -9.59071414
18.01000000 -9.35433042
18.02000000 -9.12015328
18.03000000 -8.90308036
18.04000000 -8.71601982
18.05000000 -8.56918116
18.06000000 -8.46965637
18.07000000 -8.42074237
18.08000000 -8.42209561
18.09000000 -8.46978766
18.10000000 -8.55656362
18.11000000 -8.67217788
18.12000000 -8.80414553
18.13000000 -8.93818831
18.14000000 -9.05883350
18.15000000 -9.15040673
18.16000000 -9.19755571
18.17000000 -9.18623413
18.18000000 -9.10428179
18.19000000 -8.94217814
18.20000000 -8.69362140
18.21000000 -8.35575018
18.22000000 -7.92948388
18.23000000 -7.41937025
18.24000000 -6.83305808
18.25000000 -6.18071623
18.26000000 -5.47419970
18.27000000 -4.72590810
18.28000000 -3.94799018
18.29000000 -3.15062112
18.30000000 -2.34212280
18.31000000 -1.52773452
18.32000000 -0.70951824
18.33000000 0.11353320
18.34000000 0.94507772
18.35000000 1.79062593
18.36000000 2.65647192
18.37000000 3.54924804
18.38000000 4.47379658
18.39000000 5.43296624
18.40000000 6.42659508
18.41000000 7.45110473
18.42000000 8.49925599
18.43000000 9.56037413
18.44000000 10.62059308
18.45000000 11.66329968
18.46000000 12.67050363
18.47000000 13.62239870
18.48000000 14.49902705
18.49000000 15.28049673
18.50000000 15.94774484
18.51000000 16.48277608
18.52000000 16.86952034
18.53000000 17.09400170
18.54000000 17.14507222
18.55000000 17.01480215
18.56000000 16.69890767
18.57000000 16.19765416
18.58000000 15.51616028
18.59000000 14.66472128
18.60000000 13.65891424
18.61000000 12.51968524
18.62000000 11.27182820
18.63000000 9.94450716
18.64000000 8.56903538
18.65000000 7.17767238
18.66000000 5.80212422
18.67000000 4.47170884
18.68000000 3.21239587
18.69000000 2.04547638
18.70000000 0.98747679
18.71000000 0.04911737
18.72000000 -0.76281226
18.73000000 -1.44540483
18.74000000 -1.99822180
18.75000000 -2.42198570
18.76000000 -2.71730315
18.77000000 -2.88380587
18.78000000 -2.91962996
18.79000000 -2.82160011
18.80000000 -2.58579088
18.81000000 -2.20887463
18.82000000 -1.68959757
18.83000000 -1.03055813
18.84000000 -0.23980228
18.85000000 0.66787953
18.86000000 1.67010319
18.87000000 2.73767304
18.88000000 3.83432483
18.89000000 4.91913659
18.90000000 5.94861325
18.91000000 6.87946474
18.92000000 7.67144874
18.93000000 8.29014806
18.94000000 8.70906879
18.95000000 8.91167066
18.96000000 8.89133765
18.97000000 8.65179526
18.98000000 8.20575902
18.99000000 7.57326151
19.00000000 6.77941459
19.01000000 5.85194043
19.02000000 4.81899353
19.03000000 3.70744286
19.04000000 2.54066268
19.05000000 1.33932736
19.06000000 0.12054342
19.07000000 -1.10115458
19.08000000 -2.31274502
19.09000000 -3.50135890
19.10000000 -4.65308210
19.11000000 -5.75177826
19.12000000 -6.77950161
19.13000000 -7.71538805
19.14000000 -8.53714710
19.15000000 -9.22232919
19.16000000 -9.74971735
19.17000000 -10.10119558
19.18000000 -10.26337270
19.19000000 -10.22893802
19.20000000 -9.99739543
19.21000000 -9.57527540
19.22000000 -8.97572879
19.23000000 -8.21758490
19.24000000 -7.32381544
19.25000000 -6.32001437
19.26000000 -5.23271042
19.27000000 -4.08798832
19.28000000 -2.91067739
19.29000000 -1.72285204
19.30000000 -0.54507884
19.31000000 0.60415810
19.32000000 1.70761296
19.33000000 2.74871214
19.34000000 3.71085737
19.35000000 4.57720733
19.36000000 5.33062001
19.37000000 5.95477407
19.38000000 6.43434221
19.39000000 6.75689750
19.40000000 6.91404460
19.41000000 6.90316430
19.42000000 6.72809575
19.43000000 6.39989703
19.44000000 5.93688276
19.45000000 5.36342069
19.46000000 4.70899186
19.47000000 4.00594812
19.48000000 3.28732002
19.49000000 2.58442660
19.50000000 1.92468839
19.51000000 1.33012327
19.52000000 0.81618263
19.53000000 0.39167693
19.54000000 0.05896962
19.55000000 -0.18431967
19.56000000 -0.34399843
19.57000000 -0.42728312
19.58000000 -0.44096883
19.59000000 -0.38990113
19.60000000 -0.27604169
19.61000000 -0.09818749
19.62000000 0.14766165
19.63000000 0.46701129
19.64000000 0.86535484
19.65000000 1.34622704
19.66000000 1.90934794
19.67000000 2.54904901
19.68000000 3.25325475
19.69000000 4.00294453
19.70000000 4.77335345
19.71000000 5.53422876
19.72000000 6.25241034
19.73000000 6.89393478
19.74000000 7.42666913
19.75000000 7.82260375
19.76000000 8.05995796
19.77000000 8.12451580
19.78000000 8.01044147
19.79000000 7.72004797
19.80000000 7.26307908
19.81000000 6.65538615
19.82000000 5.91713388
19.83000000 5.07084480
19.84000000 4.13961318
19.85000000 3.14558631
19.86000000 2.10896760
19.87000000 1.04670464
19.88000000 -0.02653941
19.89000000 -1.09878800
19.90000000 -2.16001953
19.91000000 -3.20137681
19.92000000 -4.21448159
19.93000000 -5.19084693
19.94000000 -6.12143255
19.95000000 -6.99734271
19.96000000 -7.80905651
19.97000000 -8.54773013
19.98000000 -9.20562815
19.99000000 -9.77686233
20.00000000 -10.25788710
