0.02000000 -0.04766458
0.03000000 -0.06501845
0.04000000 -0.07624628
0.05000000 -0.08444521
0.06000000 -0.08685948
0.07000000 -0.08588639
0.08000000 -0.08245302
0.09000000 -0.07909602
0.09999999 -0.07754485
0.11000000 -0.07974027
0.12000000 -0.08688212
0.13000000 -0.09944500
0.14000000 -0.11708526
0.15000000 -0.13870231
0.16000000 -0.16257023
0.17000000 -0.18669284
0.18000000 -0.20893740
0.19000000 -0.22752967
0.20000000 -0.24116583
0.21000000 -0.24934808
0.22000000 -0.25234114
0.23000000 -0.25122885
0.24000000 -0.24769824
0.25000000 -0.24380963
0.26000000 -0.24168593
0.27000000 -0.24319271
0.28000000 -0.24965770
0.29000000 -0.26167987
0.30000000 -0.27901440
0.31000000 -0.30062848
0.32000000 -0.32483606
0.33000000 -0.34955700
0.34000000 -0.37261439
0.35000000 -0.39207569
0.36000000 -0.40653173
0.37000000 -0.41531159
0.38000000 -0.41859552
0.39000000 -0.41738204
0.40000000 -0.41335314
0.41000000 -0.40862637
0.42000000 -0.40544145
0.43000000 -0.40582006
0.44000000 -0.41127391
0.45000000 -0.42256755
0.46000000 -0.43960081
0.47000000 -0.46141275
0.48000000 -0.48632060
0.49000000 -0.51216109
0.50000000 -0.53660851
0.51000000 -0.55752605
0.52000000 -0.57326535
0.53000000 -0.58294589
0.54000000 -0.58656622
0.55000000 -0.58503391
0.56000000 -0.58003573
0.57000000 -0.57379072
0.58000000 -0.56874613
0.59000000 -0.56719468
0.60000000 -0.57094736
0.61000000 -0.58106086
0.62000000 -0.59765654
0.63000000 -0.61990710
0.64000000 -0.64612394
0.65000000 -0.67400138
0.66000000 -0.70094802
0.67000000 -0.72446657
0.68000000 -0.74250234
0.69000000 -0.75377862
0.70000000 -0.75798679
0.71000000 -0.75584835
0.72000000 -0.74904481
0.73000000 -0.73997176
0.74000000 -0.73143091
0.75000000 -0.72621110
0.76000000 -0.72668791
0.77000000 -0.73447085
0.78000000 -0.75015077
0.79000000 -0.77317905
0.80000000 -0.80191444
0.81000000 -0.83384145
0.82000000 -0.86588342
0.83000000 -0.89484980
0.84000000 -0.91786332
0.85000000 -0.93279904
0.86000000 -0.93861218
0.87000000 -0.93551120
0.88000000 -0.92499265
0.89000000 -0.90968124
0.90000000 -0.89299941
0.91000000 -0.87874533
0.92000000 -0.87058468
0.93000000 -0.87154272
0.94000000 -0.88358679
0.95000000 -0.90731404
0.96000000 -0.94180452
0.97000000 -0.98470453
0.98000000 -1.03245597
0.98999990 -1.08071321
1.00000000 -1.12484205
1.01000000 -1.16050945
1.02000000 -1.18419357
1.03000000 -1.19364592
1.04000000 -1.18818158
1.05000000 -1.16876484
1.06000000 -1.13793402
1.07000000 -1.09949029
1.08000000 -1.05805434
1.09000000 -1.01852786
1.10000000 -0.98549376
1.11000000 -0.96270918
1.12000000 -0.95265161
1.13000000 -0.95626630
1.14000000 -0.97288372
1.15000000 -1.00035038
1.16000000 -1.03531578
1.17000000 -1.07370208
1.18000000 -1.11121273
1.19000000 -1.14388045
1.20000000 -1.16852640
1.21000000 -1.18315594
1.22000000 -1.18712721
1.23000000 -1.18119421
1.24000000 -1.16734365
1.25000000 -1.14847278
1.26000000 -1.12794875
1.27000000 -1.10917606
1.28000000 -1.09511120
1.29000000 -1.08789838
1.30000000 -1.08862072
1.31000000 -1.09721902
1.32000000 -1.11256270
1.33000000 -1.13270473
1.34000000 -1.15521657
1.35000000 -1.17758461
1.36000000 -1.19766047
1.37000000 -1.21396592
1.38000000 -1.22594349
1.39000000 -1.23403207
1.40000000 -1.23958371
1.41000000 -1.24461332
1.42000000 -1.25146983
1.43000000 -1.26235894
1.44000000 -1.27897374
1.45000000 -1.30211212
1.46000000 -1.33143380
1.47000000 -1.36540545
1.48000000 -1.40141382
1.49000000 -1.43608432
1.50000000 -1.46569420
1.51000000 -1.48672090
1.52000000 -1.49639118
1.53000000 -1.49314986
1.54000000 -1.47699525
1.55000000 -1.44962898
1.56000000 -1.41436135
1.57000000 -1.37582699
1.58000000 -1.33942459
1.59000000 -1.31071960
1.60000000 -1.29473547
1.61000000 -1.29529784
1.62000000 -1.31454887
1.63000000 -1.35265571
1.64000000 -1.40778637
1.65000000 -1.47641140
1.66000000 -1.55386267
1.67000000 -1.63505997
1.68000000 -1.71539134
1.69000000 -1.79156736
1.70000000 -1.86234844
1.71000000 -1.92904391
1.72000000 -1.99564985
1.73000000 -2.06863587
1.74000000 -2.15632697
1.75000000 -2.26799801
1.76000000 -2.41268469
1.77000000 -2.59792693
1.78000000 -2.82857936
1.79000000 -3.10577075
1.80000000 -3.42632301
1.81000000 -3.78252769
1.82000000 -4.16243636
1.83000000 -4.55071163
1.84000000 -4.92986039
1.85000000 -5.28173707
1.86000000 -5.58923999
1.87000000 -5.83794340
1.88000000 -6.01751118
1.89000000 -6.12262048
1.90000000 -6.15358460
1.91000000 -6.11613611
1.92000000 -6.02088557
1.93000000 -5.88215625
1.94000000 -5.71646283
1.95000000 -5.54087880
1.96000000 -5.37138120
1.97000000 -5.22127200
1.98000000 -5.10016693
1.99000000 -5.01329973
2.00000000 -4.96134842
2.01000000 -4.94091893
2.02000000 -4.94525881
2.03000000 -4.96549531
2.04000000 -4.99188654
2.05000000 -5.01511079
2.06000000 -5.02732709
2.07000000 -5.02308341
2.08000000 -4.99960061
2.09000000 -4.95675496
2.10000000 -4.89677180
2.11000000 -4.82340722
2.12000000 -4.74113400
2.13000000 -4.65422832
2.14000000 -4.56594578
2.15000000 -4.47798484
2.16000000 -4.39024347
2.17000000 -4.30089820
2.18000000 -4.20684428
2.19000000 -4.10442072
2.20000000 -3.99009907
2.21000000 -3.86143479
2.22000000 -3.71767596
2.23000000 -3.56023540
2.24000000 -3.39277439
2.25000000 -3.22102161
2.26000000 -3.05215351
2.27000000 -2.89396533
2.28000000 -2.75393178
2.29000000 -2.63821025
2.30000000 -2.55079907
2.31000000 -2.49294639
2.32000000 -2.46294230
2.33000000 -2.45627326
2.34000000 -2.46615414
2.35000000 -2.48440977
2.36000000 -2.50249845
2.37000000 -2.51264103
2.38000000 -2.50883266
2.39000000 -2.48762428
2.40000000 -2.44852440
2.41000000 -2.39410632
2.42000000 -2.32955574
2.43000000 -2.26196148
2.44000000 -2.19929990
2.45000000 -2.14930504
2.46000000 -2.11832566
2.47000000 -2.11037796
2.48000000 -2.12643291
2.49000000 -2.16408836
2.50000000 -2.21759899
2.51000000 -2.27825411
2.52000000 -2.33506345
2.53000000 -2.37555890
2.54000000 -2.38667031
2.55000000 -2.35549613
2.56000000 -2.26992955
2.57000000 -2.11895061
2.58000000 -1.89275582
2.59000000 -1.58259021
2.60000000 -1.18044083
2.61000000 -0.67868706
2.62000000 -0.06988533
2.63000000 0.65337420
2.64000000 1.49815399
2.65000000 2.47072513
2.66000000 3.57558538
2.67000000 4.81446684
2.68000000 6.18500194
2.69000000 7.67959844
2.70000000 9.28426454
2.71000000 10.97824534
2.72000000 12.73358455
2.73000000 14.51590924
2.74000000 16.28522124
2.75000000 17.99768288
2.76000000 19.60774184
2.77000000 21.07040128
2.78000000 22.34387808
2.79000000 23.39170985
2.80000000 24.18480963
2.81000000 24.70291947
2.82000000 24.93544430
2.83000000 24.88177213
2.84000000 24.55038447
2.85000000 23.95827154
2.86000000 23.12913852
2.87000000 22.09207544
2.88000000 20.87942219
2.89000000 19.52539300
2.90000000 18.06439524
2.91000000 16.53000992
2.92000000 14.95401441
2.93000000 13.36605006
2.94000000 11.79303546
2.95000000 10.25917407
2.96000000 8.78591939
2.97000000 7.39176847
2.98000000 6.09216941
2.99000000 4.89933106
3.00000000 3.82190651
3.01000000 2.86479235
3.02000000 2.02886606
3.03000000 1.31100485
3.04000000 0.70426151
3.05000000 0.19828457
3.06000000 -0.21983934
3.07000000 -0.56472912
3.08000000 -0.85146462
3.09000000 -1.09447904
3.10000000 -1.30637952
3.11000000 -1.49709167
3.12000000 -1.67329339
3.13000000 -1.83824756
3.14000000 -1.99208587
3.15000000 -2.13249144
3.16000000 -2.25570507
3.17000000 -2.35769737
3.18000000 -2.43540954
3.19000000 -2.48779545
3.20000000 -2.51665228
3.21000000 -2.52693363
3.22000000 -2.52668451
3.23000000 -2.52646738
3.24000000 -2.53837158
3.25000000 -2.57477158
3.26000000 -2.64694971
3.27000000 -2.76378714
3.28000000 -2.93068514
3.29000000 -3.14892909
3.30000000 -3.41543565
3.31000000 -3.72310239
3.32000000 -4.06157846
3.33000000 -4.41834933
3.34000000 -4.78020226
3.35000000 -5.13449271
3.36000000 -5.47044786
3.37000000 -5.78002293
3.38000000 -6.05849999
3.39000000 -6.30436881
3.40000000 -6.51891031
3.41000000 -6.70544880
3.42000000 -6.86810872
3.43000000 -7.01082806
3.44000000 -7.13611334
3.45000000 -7.24442951
3.46000000 -7.33374864
3.47000000 -7.39956493
3.48000000 -7.43550845
3.49000000 -7.43422359
3.50000000 -7.38851394
3.51000000 -7.29267930
3.52000000 -7.14357486
3.53000000 -6.94165333
3.54000000 -6.69127147
3.55000000 -6.40081513
3.56000000 -6.08202580
3.57000000 -5.74914493
3.58000000 -5.41747509
3.59000000 -5.10190805
3.60000000 -4.81537424
3.61000000 -4.56760223
3.62000000 -4.36420207
3.63000000 -4.20618817
3.64000000 -4.09013963
3.65000000 -4.00876385
3.66000000 -3.95198257
3.67000000 -3.90828250
3.68000000 -3.86603603
3.69000000 -3.81492766
3.70000000 -3.74699471
3.71000000 -3.65727625
3.72000000 -3.54396008
3.73000000 -3.40815536
3.74000000 -3.25308356
3.75000000 -3.08307644
3.76000000 -2.90234886
3.77000000 -2.71390523
3.78000000 -2.51851007
3.79000000 -2.31411948
3.80000000 -2.09575526
3.81000000 -1.85578934
3.82000000 -1.58477335
3.83000000 -1.27253340
3.84000000 -0.90953631
3.85000000 -0.48831297
3.86000000 -0.00467441
3.87000000 0.54128014
3.88000000 1.14462083
3.89000000 1.79549454
3.90000000 2.47957956
3.91000000 3.17888758
3.92000000 3.87299257
3.93000000 4.54043349
3.94000000 5.16015818
3.95000000 5.71283039
3.96000000 6.18198554
3.97000000 6.55487226
3.98000000 6.82272785
3.99000000 6.98096696
4.00000000 7.02888945
4.01000000 6.96913882
4.02000000 6.80706120
4.03000000 6.55007775
4.04000000 6.20695609
4.05000000 5.78736870
4.06000000 5.30144055
4.07000000 4.75968952
4.08000000 4.17265339
4.09000000 3.55119395
4.10000000 2.90618968
4.11000000 2.24862747
4.12000000 1.58939224
4.13000000 0.93881437
4.14000000 0.30648282
4.15000000 -0.29950811
4.16000000 -0.87286346
4.17000000 -1.40979458
4.18000000 -1.90913896
4.19000000 -2.37270386
4.20000000 -2.80496949
4.21000000 -3.21286808
4.22000000 -3.60501411
4.23000000 -3.99095274
4.24000000 -4.38010249
4.25000000 -4.78095046
4.26000000 -5.19993521
4.27000000 -5.64094101
4.28000000 -6.10479657
4.29000000 -6.58922288
4.30000000 -7.08899828
4.31000000 -7.59660282
4.32000000 -8.10293099
4.33000000 -8.59823654
4.34000000 -9.07305626
4.35000000 -9.51911748
4.36000000 -9.92994088
4.37000000 -10.30134067
4.38000000 -10.63152035
4.39000000 -10.92080728
4.40000000 -11.17138331
4.41000000 -11.38640524
4.42000000 -11.56956433
4.43000000 -11.72408301
4.44000000 -11.85220351
4.45000000 -11.95483138
4.46000000 -12.03121370
4.47000000 -12.07896426
4.48000000 -12.09456434
4.49000000 -12.07373383
4.50000000 -12.01196198
4.51000000 -11.90548383
4.52000000 -11.75139094
4.53000000 -11.54853955
4.54000000 -11.29736084
4.55000000 -11.00011512
4.56000000 -10.66028954
4.57000000 -10.28238703
4.58000000 -9.87093428
4.59000000 -9.42992736
4.60000000 -8.96184047
4.61000000 -8.46724015
4.62000000 -7.94411623
4.63000000 -7.38765885
4.64000000 -6.79060466
4.65000000 -6.14326652
4.66000000 -5.43449582
4.67000000 -4.65228063
4.68000000 -3.78497212
4.69000000 -2.82206653
4.70000000 -1.75548149
4.71000000 -0.58011483
4.72000000 0.70512356
4.73000000 2.09726560
4.74000000 3.58864131
4.75000000 5.16739051
4.76000000 6.81725826
4.77000000 8.51856597
4.78000000 10.24821926
4.79000000 11.98106590
4.80000000 13.68991410
4.81000000 15.34692071
4.82000000 16.92389905
4.83000000 18.39318555
4.84000000 19.72820347
4.85000000 20.90444777
4.86000000 21.89962801
4.87000000 22.69472103
4.88000000 23.27439438
4.89000000 23.62750168
4.90000000 23.74777129
4.91000000 23.63402066
4.92000000 23.29065302
4.93000000 22.72740435
4.94000000 21.95925144
4.95000000 21.00626483
4.96000000 19.89268987
4.97000000 18.64597223
4.98000000 17.29576612
4.99000000 15.87278342
5.00000000 14.40705920
5.01000000 12.92738663
5.02000000 11.45949836
5.03000000 10.02567823
5.04000000 8.64376004
5.05000000 7.32727502
5.06000000 6.08510483
5.07000000 4.92234046
5.08000000 3.84045368
5.09000000 2.83862526
5.10000000 1.91424810
5.11000000 1.06420913
5.12000000 0.28528175
5.13000000 -0.42500531
5.14000000 -1.06822955
5.15000000 -1.64512302
5.16000000 -2.15569154
5.17000000 -2.59981112
5.18000000 -2.97769858
5.19000000 -3.29066637
5.20000000 -3.54150169
5.21000000 -3.73500530
5.22000000 -3.87794555
5.23000000 -3.97894541
5.24000000 -4.04805928
5.25000000 -4.09599694
5.26000000 -4.13327543
5.27000000 -4.16934719
5.28000000 -4.21159035
5.29000000 -4.26473320
5.30000000 -4.33027813
5.31000000 -4.40647551
5.32000000 -4.48848001
5.33000000 -4.56896103
5.34000000 -4.63894265
5.35000000 -4.68871316
5.36000000 -4.70895443
5.37000000 -4.69161974
5.38000000 -4.63069952
5.39000000 -4.52261331
5.40000000 -4.36634035
5.41000000 -4.16308177
5.42000000 -3.91565331
5.43000000 -3.62776183
5.44000000 -3.30296537
5.45000000 -2.94393911
5.46000000 -2.55169776
5.47000000 -2.12532994
5.48000000 -1.66192022
5.49000000 -1.15706823
5.50000000 -0.60556221
5.51000000 -0.00263439
5.52000000 0.65499733
5.53000000 1.36767372
5.54000000 2.13197115
5.55000000 2.93971519
5.56000000 3.77791620
5.57000000 4.62881956
5.58000000 5.47081694
5.59000000 6.27948856
5.60000000 7.02933320
5.61000000 7.69532982
5.62000000 8.25478624
5.63000000 8.68879298
5.64000000 8.98350962
5.65000000 9.13067133
5.66000000 9.12790572
5.67000000 8.97833448
5.68000000 8.68964607
5.69000000 8.27293467
5.70000000 7.74148169
5.71000000 7.10918215
5.72000000 6.38957774
5.73000000 5.59486835
5.74000000 4.73557833
5.75000000 3.82035485
5.76000000 2.85665774
5.77000000 1.85101489
5.78000000 0.81030182
5.79000000 -0.25783390
5.80000000 -1.34385498
5.81000000 -2.43638014
5.82000000 -3.52172772
5.83000000 -4.58471508
5.84000000 -5.60903444
5.85000000 -6.57869490
5.86000000 -7.47888095
5.87000000 -8.29750100
5.88000000 -9.02587123
5.89000000 -9.65967527
5.90000000 -10.19906726
5.91000000 -10.64853409
5.92000000 -11.01608004
5.93000000 -11.31226359
5.94000000 -11.54871444
5.95000000 -11.73671963
5.96000000 -11.88584486
5.97000000 -12.00273491
5.98000000 -12.09048982
5.99000000 -12.14829726
6.00000000 -12.17161772
6.01000000 -12.15296174
6.02000000 -12.08282904
6.03000000 -11.95084064
6.04000000 -11.74698269
6.05000000 -11.46279558
6.06000000 -11.09202571
6.07000000 -10.63117743
6.08000000 -10.07941675
6.09000000 -9.43840805
6.10000000 -8.71150393
6.11000000 -7.90315375
6.12000000 -7.01783507
6.13000000 -6.05964338
6.14000000 -5.03175987
6.15000000 -3.93652440
6.16000000 -2.77579040
6.17000000 -1.55143398
6.18000000 -0.26672325
6.19000000 1.07306166
6.20000000 2.45908165
6.21000000 3.87868470
6.22000000 5.31434545
6.23000000 6.74440653
6.24000000 8.14295444
6.25000000 9.48149843
6.26000000 10.73014970
6.27000000 11.85952600
6.28000000 12.84252666
6.29000000 13.65626037
6.30000000 14.28335408
6.31000000 14.71293955
6.32000000 14.94108416
6.33000000 14.97068479
6.34000000 14.81071266
6.35000000 14.47488339
6.36000000 13.98019526
6.37000000 13.34548472
6.38000000 12.58982390
6.39000000 11.73100964
6.40000000 10.78511900
6.41000000 9.76558870
6.42000000 8.68370431
6.43000000 7.54872165
6.44000000 6.36859017
6.45000000 5.15126584
6.46000000 3.90496444
6.47000000 2.63950346
6.48000000 1.36625045
6.49000000 0.09867608
6.50000000 -1.14840232
6.51000000 -2.35895999
6.52000000 -3.51711697
6.53000000 -4.60770354
6.54000000 -5.61765187
6.55000000 -6.53652781
6.56000000 -7.35736253
6.57000000 -8.07667130
6.58000000 -8.69461312
6.59000000 -9.21409255
6.60000000 -9.64051761
6.61000000 -9.98041751
6.62000000 -10.24073666
6.63000000 -10.42787148
6.64000000 -10.54693653
6.65000000 -10.60148102
6.66000000 -10.59322237
6.67000000 -10.52241674
6.68000000 -10.38825390
6.69000000 -10.18952770
6.70000000 -9.92536652
6.71000000 -9.59594400
6.72000000 -9.20298824
6.73000000 -8.75003252
6.74000000 -8.24274096
6.75000000 -7.68843904
6.76000000 -7.09592295
6.77000000 -6.47488918
6.78000000 -5.83533885
6.79000000 -5.18701932
6.80000000 -4.53910136
6.81000000 -3.89974382
6.82000000 -3.27630777
6.83000000 -2.67519202
6.84000000 -2.10246982
6.85000000 -1.56392581
6.86000000 -1.06579454
6.87000000 -0.61467918
6.88000000 -0.21802673
6.89000000 0.11622320
6.90000000 0.37967924
6.91000000 0.56419467
6.92000000 0.66237159
6.93000000 0.66832935
6.94000000 0.57836988
6.95000000 0.39151215
6.96000000 0.10982623
6.97000000 -0.26134088
6.98000000 -0.71375095
6.99000000 -1.23651068
7.00000000 -1.81695955
7.01000000 -2.44123087
7.02000000 -3.09532095
7.03000000 -3.76566774
7.04000000 -4.43995145
7.05000000 -5.10738558
7.06000000 -5.75897995
7.07000000 -6.38733913
7.08000000 -6.98653586
7.09000000 -7.55137774
7.10000000 -8.07724826
7.11000000 -8.55925595
7.12000000 -8.99215992
7.13000000 -9.36981741
7.14000000 -9.68546570
7.15000000 -9.93161546
7.16000000 -10.10056406
7.17000000 -10.18469978
7.18000000 -10.17708437
7.19000000 -10.07171555
7.20000000 -9.86383289
7.21000000 -9.55002283
7.22000000 -9.12815169
7.23000000 -8.59684652
7.24000000 -7.95547271
7.25000000 -7.20314215
7.26000000 -6.33879682
7.27000000 -5.36045783
7.28000000 -4.26561473
7.29000000 -3.05106611
7.30000000 -1.71388508
7.31000000 -0.25180236
7.32000000 1.33519592
7.33000000 3.04429936
7.34000000 4.86804673
7.35000000 6.79404337
7.36000000 8.80363231
7.37000000 10.87239489
7.38000000 12.96967764
7.39000000 15.06018334
7.40000000 17.10447110
7.41000000 19.06154130
7.42000000 20.88997741
7.43000000 22.55070201
7.44000000 24.00835257
7.45000000 25.23350933
7.46000000 26.20372517
7.47000000 26.90432869
7.48000000 27.32871944
7.49000000 27.47798110
7.50000000 27.36025559
7.51000000 26.98932283
7.52000000 26.38359697
7.53000000 25.56447121
7.54000000 24.55490079
7.55000000 23.37867877
7.56000000 22.05937941
7.57000000 20.62015519
7.58000000 19.08318994
7.59000000 17.47037715
7.60000000 15.80318298
7.61000000 14.10333001
7.62000000 12.39240168
7.63000000 10.69279198
7.64000000 9.02664487
7.65000000 7.41606222
7.66000000 5.88173410
7.67000000 4.44269536
7.68000000 3.11468554
7.69000000 1.90980974
7.70000000 0.83547122
7.71000000 -0.10606749
7.72000000 -0.91740819
7.73000000 -1.60603794
7.74000000 -2.18299351
7.75000000 -2.66218186
7.76000000 -3.05859034
7.77000000 -3.38707272
7.78000000 -3.66078739
7.79000000 -3.89021921
7.80000000 -4.08233038
7.81000000 -4.24038101
7.82000000 -4.36414245
7.83000000 -4.45070433
7.84000000 -4.49553494
7.85000000 -4.49394149
7.86000000 -4.44248981
7.87000000 -4.34034991
7.88000000 -4.19036405
7.89000000 -3.99966021
7.90000000 -3.77977309
7.91000000 -3.54610479
7.92000000 -3.31703380
7.93000000 -3.11250385
7.94000000 -2.95236116
7.95000000 -2.85472749
7.96000000 -2.83437172
7.97000000 -2.90153652
7.98000000 -3.06109078
7.99000000 -3.31232539
8.00000000 -3.64935492
8.01000000 -4.06179458
8.02000000 -4.53615350
8.03000000 -5.05741689
8.04000000 -5.61033376
8.05000000 -6.18104323
8.05999900 -6.75808771
8.07000000 -7.33328508
8.08000000 -7.90153118
8.09000000 -8.46078604
8.09999900 -9.01106046
8.11000000 -9.55357405
8.12000000 -10.08918604
8.13000000 -10.61729571
8.13999900 -11.13466549
8.15000000 -11.63502786
8.16000000 -12.10835300
8.17000000 -12.54140430
8.17999900 -12.91829281
8.19000000 -13.22168564
8.20000000 -13.43396519
8.21000000 -13.53877194
8.22000000 -13.52233868
8.23000000 -13.37449004
8.24000000 -13.08933939
8.25000000 -12.66579785
8.26000000 -12.10708211
8.27000000 -11.42029153
8.28000000 -10.61528778
8.29000000 -9.70390638
8.30000000 -8.69861396
8.30999900 -7.61178861
8.32000000 -6.45452130
8.33000000 -5.23698708
8.34000000 -3.96805901
8.34999900 -2.65602484
8.36000000 -1.30883826
8.37000000 0.06423407
8.38000000 1.45217230
8.38999900 2.84116561
8.40000000 4.21457339
8.41000000 5.55206570
8.42000000 6.83046490
8.42999900 8.02426463
8.44000000 9.10726234
8.45000000 10.05330123
8.46000000 10.83840712
8.47000000 11.44213597
8.48000000 11.84903663
8.49000000 12.04976441
8.50000000 12.04151798
8.51000000 11.82831205
8.52000000 11.42074978
8.53000000 10.83489732
8.54000000 10.09154415
8.55000000 9.21465224
8.55999900 8.23019652
8.57000000 7.16434662
8.58000000 6.04288483
8.59000000 4.88996470
8.59999900 3.72773251
8.61000000 2.57553199
8.62000000 1.45058544
8.63000000 0.36773117
8.63999900 -0.66003908
8.65000000 -1.62161997
8.66000000 -2.50681172
8.67000000 -3.30647967
8.67999900 -4.01216095
8.69000000 -4.61637390
8.70000000 -5.11218709
8.71000000 -5.49371472
8.72000000 -5.75620094
8.73000000 -5.89624636
8.74000000 -5.91205963
8.75000000 -5.80348129
8.76000000 -5.57224168
8.77000000 -5.22206904
8.78000000 -4.75853790
8.79000000 -4.18943763
8.80000000 -3.52465356
8.80999900 -2.77635914
8.82000000 -1.95881288
8.83000000 -1.08873944
8.84000000 -0.18507307
8.84999900 0.73111705
8.86000000 1.63728682
8.87000000 2.50942250
8.88000000 3.32308788
8.88999900 4.05418179
8.90000000 4.68018373
8.91000000 5.18081479
8.92000000 5.53935147
8.92999900 5.74341468
8.94000000 5.78571780
8.95000000 5.66424723
8.96000000 5.38241278
8.97000000 4.94861686
8.98000000 4.37563041
8.99000000 3.67938144
9.00000000 2.87823883
9.01000000 1.99161025
9.02000000 1.03907959
9.03000000 0.03917524
9.04000000 -0.99059724
9.05000000 -2.03436270
9.05999900 -3.07755199
9.07000000 -4.10694237
9.08000000 -5.10949595
9.09000000 -6.07218236
9.09999900 -6.98124404
9.11000000 -7.82229785
9.12000000 -8.57970026
9.13000000 -9.23732540
9.13999900 -9.77911059
9.15000000 -10.19009894
9.16000000 -10.45746327
9.17000000 -10.57179234
9.17999900 -10.52815019
9.19000000 -10.32685333
9.20000000 -9.97390071
9.21000000 -9.48091695
9.22000000 -8.86459855
9.23000000 -8.14575302
9.24000000 -7.34766008
9.25000000 -6.49494456
9.26000000 -5.61168517
9.27000000 -4.72008323
9.28000000 -3.83905528
9.29000000 -2.98393401
9.30000000 -2.16604129
9.30999900 -1.39297137
9.32000000 -0.66910116
9.33000000 0.00303186
9.34000000 0.62187709
9.34999900 1.18564028
9.36000000 1.69159543
9.37000000 2.13524791
9.38000000 2.51041840
9.38999900 2.80941748
9.40000000 3.02397142
9.41000000 3.14601997
9.42000000 3.16904312
9.42999900 3.08920639
9.44000000 2.90633166
9.45000000 2.62460922
9.46000000 2.25281915
9.46999900 1.80414910
9.48000000 1.29542760
9.49000000 0.74625590
9.50000000 0.17762516
9.51000000 -0.38941464
9.52000000 -0.93500981
9.53000000 -1.44177566
9.54000000 -1.89521158
9.55000000 -2.28432232
9.55999900 -2.60147016
9.57000000 -2.84213577
9.58000000 -3.00418796
9.59000000 -3.08721073
9.59999900 -3.09188762
9.61000000 -3.01936207
9.62000000 -2.87095230
9.63000000 -2.64814411
9.63999900 -2.35282736
9.65000000 -1.98766432
9.66000000 -1.55685465
9.67000000 -1.06666786
9.67999900 -0.52600383
9.69000000 0.05351139
9.70000000 0.65723611
9.71000000 1.26803003
9.71999900 1.86689258
9.73000000 2.43406746
9.74000000 2.94982138
9.75000000 3.39586310
9.76000000 3.75636605
9.77000000 4.01878716
9.78000000 4.17459454
9.79000000 4.21939393
9.80000000 4.15295006
9.80999900 3.97890894
9.82000000 3.70405806
9.83000000 3.33793294
9.84000000 2.89200419
9.84999900 2.37932712
9.86000000 1.81396062
9.87000000 1.21110526
9.88000000 0.58693657
9.88999900 -0.04104393
9.90000000 -0.65412848
9.91000000 -1.23184763
9.92000000 -1.75224614
9.92999900 -2.19206577
9.94000000 -2.52749362
9.95000000 -2.73474274
9.96000000 -2.79140630
9.96999900 -2.67766656
9.98000000 -2.37756004
9.99000000 -1.88027742
10.00000000 -1.18108470
10.01000000 -0.28190086
10.02000000 0.80838435
10.03000000 2.07471850
10.04000000 3.49589244
10.05000000 5.04617544
10.06000000 6.69620668
10.07000000 8.41517246
10.08000000 10.17108654
10.09000000 11.93268691
10.10000000 13.66971759
10.11000000 15.35429405
10.12000000 16.96003128
10.13000000 18.46240976
10.14000000 19.83863589
10.15000000 21.06725232
10.16000000 22.12761638
10.17000000 23.00023394
10.18000000 23.66655560
10.19000000 24.11045226
10.20000000 24.31775672
10.21000000 24.27823821
10.22000000 23.98637442
10.23000000 23.44210794
10.24000000 22.65233068
10.25000000 21.63023358
10.26000000 20.39636456
10.27000000 18.97707111
10.28000000 17.40377115
10.29000000 15.71171444
10.30000000 13.93777595
10.31000000 12.11880308
10.32000000 10.28919338
10.33000000 8.48022281
10.34000000 6.71804026
10.35000000 5.02339841
10.36000000 3.41063032
10.37000000 1.88900274
10.38000000 0.46269133
10.39000000 -0.86791996
10.40000000 -2.10557826
10.41000000 -3.25430862
10.42000000 -4.31889836
10.43000000 -5.30390949
10.44000000 -6.21363749
10.45000000 -7.05141649
10.46000000 -7.82010953
10.47000000 -8.52232928
10.48000000 -9.16118276
10.49000000 -9.74028050
10.50000000 -10.26430790
10.51000000 -10.73929288
10.52000000 -11.17224058
10.53000000 -11.57122215
10.54000000 -11.94448427
10.55000000 -12.30005558
10.56000000 -12.64507247
10.57000000 -12.98521050
10.58000000 -13.32401361
10.59000000 -13.66263445
10.60000000 -13.99990106
10.61000000 -14.33219548
10.62000000 -14.65397188
10.63000000 -14.95777052
10.64000000 -15.23516255
10.65000000 -15.47695258
10.66000000 -15.67361482
10.67000000 -15.81560591
10.68000000 -15.89371521
10.69000000 -15.89905082
10.70000000 -15.82314833
10.71000000 -15.65799191
10.72000000 -15.39635966
10.73000000 -15.03159356
10.74000000 -14.55832872
10.75000000 -13.97259135
10.76000000 -13.27234398
10.77000000 -12.45806137
10.78000000 -11.53287963
10.79000000 -10.50342637
10.80000000 -9.37957484
10.81000000 -8.17459740
10.82000000 -6.90455618
10.83000000 -5.58824721
10.84000000 -4.24608607
10.85000000 -2.89953772
10.86000000 -1.56962300
10.87000000 -0.27685966
10.88000000 0.95997081
10.89000000 2.12413407
10.90000000 3.20168995
10.91000000 4.18088000
10.92000000 5.05246584
10.93000000 5.80923647
10.94000000 6.44605001
10.95000000 6.95897242
10.96000000 7.34536925
10.97000000 7.60379312
10.98000000 7.73406463
10.99000000 7.73737527
11.00000000 7.61670401
11.01000000 7.37721455
11.02000000 7.02654645
11.03000000 6.57485875
11.04000000 6.03506892
11.05000000 5.42237694
11.06000000 4.75387373
11.07000000 4.04753867
11.08000000 3.32171033
11.09000000 2.59383577
11.10000000 1.87970334
11.11000000 1.19236605
11.12000000 0.54204168
11.13000000 -0.06442144
11.14000000 -0.62330485
11.15000000 -1.13391593
11.16000000 -1.59758147
11.17000000 -2.01722360
11.18000000 -2.39644928
11.19000000 -2.73908644
11.20000000 -3.04848229
11.21000000 -3.32747360
11.22000000 -3.57831055
11.23000000 -3.80311494
11.24000000 -4.00416646
11.25000000 -4.18449759
11.26000000 -4.34833022
11.27000000 -4.50143385
11.28000000 -4.65101165
11.29000000 -4.80553275
11.30000000 -4.97398556
11.31000000 -5.16511045
11.32000000 -5.38629716
11.33000000 -5.64244417
11.34000000 -5.93494561
11.35000000 -6.26093248
11.36000000 -6.61313901
11.37000000 -6.97961542
11.38000000 -7.34457444
11.39000000 -7.68926361
11.40000000 -7.99352829
11.41000000 -8.23699996
11.42000000 -8.40097684
11.43000000 -8.46960641
11.44000000 -8.43115606
11.45000000 -8.27862256
11.46000000 -8.00991498
11.47000000 -7.62767569
11.48000000 -7.13839159
11.49000000 -6.55178130
11.50000000 -5.87948029
11.51000000 -5.13415642
11.52000000 -4.32840468
11.53000000 -3.47458033
11.54000000 -2.58436491
11.55000000 -1.66898984
11.56000000 -0.73978252
11.57000000 0.19156652
11.58000000 1.11178463
11.59000000 2.00591937
11.60000000 2.85685087
11.61000000 3.64580474
11.62000000 4.35243645
11.63000000 4.95610366
11.64000000 5.43712224
11.65000000 5.77840628
11.66000000 5.96671573
11.67000000 5.99423141
11.68000000 5.85944980
11.69000000 5.56771522
11.70000000 5.13109976
11.71000000 4.56785720
11.72000000 3.90120651
11.73000000 3.15755629
11.74000000 2.36511192
11.75000000 1.55180638
11.76000000 0.74379782
11.77000000 -0.03605444
11.78000000 -0.76862413
11.79000000 -1.43912102
11.80000000 -2.03685358
11.81000000 -2.55467610
11.82000000 -2.98832152
11.83000000 -3.33524537
11.84000000 -3.59407163
11.85000000 -3.76386360
11.86000000 -3.84397679
11.87000000 -3.83409625
11.88000000 -3.73467417
11.89000000 -3.54771284
11.90000000 -3.27743248
11.91000000 -2.93108021
11.92000000 -2.51948577
11.93000000 -2.05720520
11.94000000 -1.56205225
11.95000000 -1.05458736
11.96000000 -0.55674339
11.97000000 -0.09031866
11.98000000 0.32493047
11.99000000 0.67268619
12.00000000 0.94179450
12.01000000 1.12725847
12.02000000 1.23086236
12.03000000 1.26099906
12.04000000 1.23208296
12.05000000 1.16336808
12.06000000 1.07731044
12.07000000 0.99776800
12.08000000 0.94822730
12.09000000 0.95011611
12.10000000 1.02151163
12.11000000 1.17628228
12.12000000 1.42371308
12.13000000 1.76859377
12.14000000 2.21162916
12.15000000 2.75038848
12.16000000 3.37985355
12.17000000 4.09332816
12.18000000 4.88300521
12.19000000 5.74052470
12.20000000 6.65667218
12.21000000 7.62136334
12.22000000 8.62314872
12.23000000 9.64902814
12.24000000 10.68354329
12.25000000 11.70894825
12.26000000 12.70493555
12.27000000 13.64962580
12.28000000 14.51959773
12.29000000 15.29178855
12.30000000 15.94424441
12.31000000 16.45791387
12.32000000 16.81800246
12.33000000 17.01487395
12.34000000 17.04501634
12.35000000 16.91121235
12.36000000 16.62238287
12.37000000 16.19262813
12.38000000 15.64047059
12.39000000 14.98708458
12.40000000 14.25467547
12.41000000 13.46522860
12.42000000 12.63889868
12.43000000 11.79312340
12.44000000 10.94169637
12.45000000 10.09481326
12.46000000 9.25917959
12.47000000 8.43848622
12.48000000 7.63396082
12.49000000 6.84560867
12.50000000 6.07272314
12.51000000 5.31461980
12.52000000 4.57099292
12.53000000 3.84244597
12.54000000 3.13015054
12.55000000 2.43575002
12.56000000 1.76097924
12.57000000 1.10703539
12.58000000 0.47451419
12.59000000 -0.13710556
12.60000000 -0.72940324
12.61000000 -1.30518657
12.62000000 -1.86780755
12.63000000 -2.42097116
12.64000000 -2.96803188
12.65000000 -3.51158612
12.66000000 -4.05270609
12.67000000 -4.59057174
12.68000000 -5.12225914
12.69000000 -5.64276833
12.70000000 -6.14492788
12.71000000 -6.61987057
12.72000000 -7.05740766
12.73000000 -7.44682371
12.74000000 -7.77709468
12.75000000 -8.03772308
12.76000000 -8.21922369
12.77000000 -8.31366799
12.78000000 -8.31479951
12.79000000 -8.21871858
12.80000000 -8.02372691
12.81000000 -7.73063187
12.82000000 -7.34290723
12.83000000 -6.86663687
12.84000000 -6.31050214
12.85000000 -5.68578944
12.86000000 -5.00598738
12.87000000 -4.28683939
12.88000000 -3.54572013
12.89000000 -2.80124424
12.90000000 -2.07233755
12.91000000 -1.37791744
12.92000000 -0.73578393
12.93000000 -0.16197287
12.94000000 0.33024838
12.95000000 0.73065248
12.96000000 1.03269884
12.97000000 1.23373904
12.98000000 1.33501658
12.99000000 1.34127379
13.00000000 1.26035690
13.01000000 1.10249990
13.02000000 0.87955386
13.03000000 0.60413593
13.04000000 0.28891531
13.05000000 -0.05407095
13.06000000 -0.41410900
13.07000000 -0.78190063
13.08000000 -1.14983981
13.09000000 -1.51201793
13.10000000 -1.86398995
13.11000000 -2.20267441
13.12000000 -2.52591184
13.13000000 -2.83227357
13.14000000 -3.12084529
13.15000000 -3.39117350
13.16000000 -3.64302437
13.17000000 -3.87652035
13.18000000 -4.09216482
13.19000000 -4.29095745
13.20000000 -4.47431838
13.21000000 -4.64419351
13.22000000 -4.80294097
13.23000000 -4.95319110
13.24000000 -5.09757704
13.25000000 -5.23845640
13.26000000 -5.37765890
13.27000000 -5.51612088
13.28000000 -5.65367592
13.29000000 -5.78887719
13.30000000 -5.91892726
13.31000000 -6.03978158
13.32000000 -6.14618433
13.33000000 -6.23209838
13.34000000 -6.29088580
13.35000000 -6.31575914
13.36000000 -6.30016526
13.37000000 -6.23815248
13.38000000 -6.12467764
13.39000000 -5.95602502
13.40000000 -5.72983364
13.41000000 -5.44553950
13.42000000 -5.10433615
13.43000000 -4.70931313
13.44000000 -4.26543265
13.45000000 -3.77960120
13.46000000 -3.26051554
13.47000000 -2.71858200
13.48000000 -2.16544493
13.49000000 -1.61400315
13.50000000 -1.07777829
13.51000000 -0.57047392
13.52000000 -0.10528458
13.53000000 0.30544365
13.54000000 0.65097813
13.55000000 0.92270059
13.56000000 1.11452241
13.57000000 1.22313519
13.58000000 1.24810104
13.59000000 1.19182317
13.60000000 1.05918247
13.61000000 0.85713240
13.62000000 0.59409147
13.63000000 0.27931961
13.64000000 -0.07764928
13.65000000 -0.46782523
13.66000000 -0.88294400
13.67000000 -1.31594760
13.68000000 -1.76103981
13.69000000 -2.21383069
13.70000000 -2.67089786
13.71000000 -3.12967171
13.72000000 -3.58796975
13.73000000 -4.04390506
13.74000000 -4.49526150
13.75000000 -4.93943446
13.76000000 -5.37334709
13.77000000 -5.79354729
13.78000000 -6.19604403
13.79000000 -6.57666557
13.80000000 -6.93115095
13.81000000 -7.25536258
13.82000000 -7.54531659
13.83000000 -7.79705849
13.84000000 -8.00678700
13.85000000 -8.17062753
13.86000000 -8.28426867
13.87000000 -8.34293070
13.88000000 -8.34120857
13.89000000 -8.27293884
13.90000000 -8.13139346
13.91000000 -7.90948268
13.92000000 -7.60029358
13.93000000 -7.19758316
13.94000000 -6.69631723
13.95000000 -6.09358287
13.96000000 -5.38899485
13.97000000 -4.58530133
13.98000000 -3.68842669
13.99000000 -2.70792230
14.00000000 -1.65648876
14.01000000 -0.54980142
14.02000000 0.59454042
14.03000000 1.75711146
14.04000000 2.91782431
14.05000000 4.05643631
14.06000000 5.15380668
14.07000000 6.19158294
14.08000000 7.15319913
14.09000000 8.02385473
14.10000000 8.79061793
14.11000000 9.44266796
14.12000000 9.97081743
14.13000000 10.36775415
14.14000000 10.62802000
14.15000000 10.74811486
14.16000000 10.72661477
14.17000000 10.56437403
14.18000000 10.26509014
14.19000000 9.83510484
14.20000000 9.28388735
14.21000000 8.62400347
14.22000000 7.87077739
14.23000000 7.04188215
14.24000000 6.15681647
14.25000000 5.23614156
14.26000000 4.30037869
14.27000000 3.36894407
14.28000000 2.45962613
14.29000000 1.58752738
14.30000000 0.76466179
14.31000000 -0.00058865
14.32000000 -0.70299321
14.33000000 -1.34044140
14.34000000 -1.91330058
14.35000000 -2.42362727
14.36000000 -2.87455416
14.37000000 -3.26912143
14.38000000 -3.60979364
14.39000000 -3.89783461
14.40000000 -4.13306579
14.41000000 -4.31357117
14.42000000 -4.43596451
14.43000000 -4.49569732
14.44000000 -4.48736679
14.45000000 -4.40536112
14.46000000 -4.24422798
14.47000000 -3.99921922
14.48000000 -3.66650940
14.49000000 -3.24356320
14.50000000 -2.72920683
14.51000000 -2.12379796
14.52000000 -1.42890603
14.53000000 -0.64777714
14.54000000 0.21496138
14.55000000 1.15298198
14.56000000 2.15867423
14.57000000 3.22229081
14.58000000 4.33229664
14.59000000 5.47507638
14.60000000 6.63540045
14.61000000 7.79591756
14.62000000 8.93795140
14.63000000 10.04205643
14.64000000 11.08843223
14.65000000 12.05834632
14.66000000 12.93426757
14.67000000 13.70141148
14.68000000 14.34822530
14.69000000 14.86722124
14.70000000 15.25517799
14.71000000 15.51337195
14.72000000 15.64734687
14.73000000 15.66646555
14.74000000 15.58317029
14.75000000 15.41197959
14.76000000 15.16881398
14.77000000 14.86982613
14.78000000 14.53031323
14.79000000 14.16439448
14.80000000 13.78428048
14.81000000 13.39967054
14.82000000 13.01816600
14.83000000 12.64484087
14.84000000 12.28265574
14.85000000 11.93262552
14.86000000 11.59433813
14.87000000 11.26597882
14.88000000 10.94480756
14.89000000 10.62730217
14.90000000 10.30925803
14.91000000 9.98610793
14.92000000 9.65292085
14.93000000 9.30462067
14.94000000 8.93608838
14.95000000 8.54251424
14.96000000 8.11948698
14.97000000 7.66355365
14.98000000 7.17209053
14.99000000 6.64401224
15.00000000 6.07965919
15.01000000 5.48096434
15.02000000 4.85125211
15.03000000 4.19536104
15.04000000 3.51910245
15.05000000 2.82904203
15.06000000 2.13173345
15.07000000 1.43368866
15.08000000 0.74066711
15.09000000 0.05748054
15.10000000 -0.61253491
15.11000000 -1.26721072
15.12000000 -1.90585261
15.13000000 -2.52903161
15.14000000 -3.13832660
15.15000000 -3.73627263
15.16000000 -4.32576575
15.17000000 -4.90994054
15.18000000 -5.49192201
15.19000000 -6.07463915
15.20000000 -6.66056009
15.21000000 -7.25158160
15.22000000 -7.84890459
15.23000000 -8.45323974
15.24000000 -9.06426567
15.25000000 -9.68095197
15.26000000 -10.30125875
15.27000000 -10.92256508
15.28000000 -11.54114357
15.29000000 -12.15249602
15.30000000 -12.75160927
15.31000000 -13.33311893
15.32000000 -13.89151682
15.33000000 -14.42139798
15.34000000 -14.91807273
15.35000000 -15.37765247
15.36000000 -15.79726350
15.37000000 -16.17503485
15.38000000 -16.51027963
15.39000000 -16.80300676
15.40000000 -17.05372902
15.41000000 -17.26258986
15.42000000 -17.42933006
15.43000000 -17.55234476
15.44000000 -17.62837898
15.45000000 -17.65235543
15.46000000 -17.61738838
15.47000000 -17.51475203
15.48000000 -17.33486701
15.49000000 -17.06765355
15.50000000 -16.70367649
15.51000000 -16.23508303
15.52000000 -15.65624826
15.53000000 -14.96477543
15.54000000 -14.16184182
15.55000000 -13.25243679
15.56000000 -12.24473138
15.57000000 -11.15017118
15.58000000 -9.98225955
15.59000000 -8.75587567
15.60000000 -7.48585762
15.61000000 -6.18691324
15.62000000 -4.87243111
15.63000000 -3.55438878
15.64000000 -2.24350625
15.65000000 -0.94903910
15.66000000 0.31982884
15.67000000 1.55373649
15.68000000 2.74222146
15.69000000 3.87350248
15.70000000 4.93359520
15.71000000 5.90667536
15.72000000 6.77550527
15.73000000 7.52264935
15.74000000 8.13093726
15.75000000 8.58553683
15.76000000 8.87495189
15.77000000 8.99259664
15.78000000 8.93730706
15.79000000 8.71390071
15.80000000 8.33330424
15.81000000 7.81128442
15.82000000 7.16785764
15.83000000 6.42528285
15.84000000 5.60659118
15.85000000 4.73353416
15.86000000 3.82562971
15.87000000 2.89869036
15.88000000 1.96456202
15.89000000 1.03120488
15.90000000 0.10310265
15.91000000 -0.81710064
15.92000000 -1.72755612
15.93000000 -2.62549074
15.94000000 -3.50624196
15.95000000 -4.36173447
15.96000000 -5.18032386
15.97000000 -5.94676823
15.98000000 -6.64319282
15.99000000 -7.24989665
16.00000000 -7.74705910
16.01000000 -8.11660854
16.02000000 -8.34363241
16.03000000 -8.41787756
16.04000000 -8.33460424
16.05000000 -8.09489957
16.06000000 -7.70547500
16.07000000 -7.17784292
16.08000000 -6.52722649
16.09000000 -5.77107988
16.10000000 -4.92767892
16.11000000 -4.01505745
16.12000000 -3.04937324
16.13000000 -2.04555290
16.14000000 -1.01651936
16.15000000 0.02612941
16.16000000 1.07147740
16.17000000 2.10837196
16.18000000 3.12470675
16.19000000 4.10691507
16.20000000 5.03955189
16.21000000 5.90651354
16.22000000 6.69065366
16.23000000 7.37577180
16.24000000 7.94787598
16.25000000 8.39667336
16.26000000 8.71682675
16.27000000 8.90878465
16.28000000 8.97921455
16.29000000 8.94039836
16.30000000 8.80941742
16.31000000 8.60630973
16.32000000 8.35225237
16.33000000 8.06724015
16.34000000 7.76823711
16.35000000 7.46738529
16.36000000 7.17115474
16.37000000 6.87982783
16.38000000 6.58841300
16.39000000 6.28770681
16.40000000 5.96616484
16.41000000 5.61203732
16.42000000 5.21560935
16.43000000 4.77106213
16.44000000 4.27779221
16.45000000 3.74113798
16.46000000 3.17176753
16.47000000 2.58527441
16.48000000 2.00017005
16.49000000 1.43585272
16.50000000 0.91042324
16.51000000 0.43865482
16.52000000 0.03044207
16.53000000 -0.31005770
16.54000000 -0.58478132
16.55000000 -0.80061486
16.56000000 -0.96829323
16.57000000 -1.10045810
16.58000000 -1.20956537
16.59000000 -1.30589585
16.60000000 -1.39601182
16.61000000 -1.48180158
16.62000000 -1.56035767
16.63000000 -1.62458116
16.64000000 -1.66458053
16.65000000 -1.66955135
16.66000000 -1.62991127
16.67000000 -1.53930695
16.68000000 -1.39631218
16.69000000 -1.20538313
16.70000000 -0.97710230
16.71000000 -0.72726828
16.72000000 -0.47566542
16.73000000 -0.24372522
16.74000000 -0.05210544
16.75000000 0.08182671
16.76000000 0.14616170
16.77000000 0.13602482
16.78000000 0.05428093
16.79000000 -0.08873916
16.80000000 -0.27631823
16.81000000 -0.48729762
16.82000000 -0.69849810
16.83000000 -0.88739242
16.84000000 -1.03452610
16.85000000 -1.12557799
16.86000000 -1.15258892
16.87000000 -1.11435993
16.88000000 -1.01588738
16.89000000 -0.86702325
16.90000000 -0.68049688
16.91000000 -0.46958423
16.92000000 -0.24579882
16.93000000 -0.01689690
16.94000000 0.21447088
16.95000000 0.45139356
16.96000000 0.70253206
16.97000000 0.98077276
16.98000000 1.30176624
16.99000000 1.68158346
17.00000000 2.13448052
17.01000000 2.67080568
17.02000000 3.29533366
17.03000000 4.00617906
17.04000000 4.79514489
17.05000000 5.64746970
17.06000000 6.54363396
17.07000000 7.46100534
17.08000000 8.37574127
17.09000000 9.26473185
17.10000000 10.10731449
17.11000000 10.88635629
17.12000000 11.58917209
17.13000000 12.20698263
17.14000000 12.73452216
17.15000000 13.16930792
17.16000000 13.51031742
17.17000000 13.75671157
17.18000000 13.90717746
17.19000000 13.95930256
17.20000000 13.90941954
17.21000000 13.75327848
17.22000000 13.48667071
17.23000000 13.10669764
17.24000000 12.61263775
17.25000000 12.00724002
17.26000000 11.29737787
17.27000000 10.49407807
17.28000000 9.61253273
17.29000000 8.67063446
17.30000000 7.68862744
17.31000000 6.68700681
17.32000000 5.68517600
17.33000000 4.69987811
17.34000000 3.74423485
17.35000000 2.82715683
17.36000000 1.95331429
17.37000000 1.12314189
17.38000000 0.33466927
17.39000000 -0.41580641
17.40000000 -1.13223922
17.41000000 -1.81752253
17.42000000 -2.47248027
17.43000000 -3.09530320
17.44000000 -3.68147281
17.45000000 -4.22409448
17.46000000 -4.71516606
17.47000000 -5.14608236
17.48000000 -5.50928442
17.49000000 -5.79939233
17.50000000 -6.01399500
17.51000000 -6.15423107
17.52000000 -6.22477158
17.53000000 -6.23335847
17.54000000 -6.19000396
17.55000000 -6.10586674
17.56000000 -5.99206390
17.57000000 -5.85859953
17.58000000 -5.71351585
17.59000000 -5.56246441
17.60000000 -5.40866472
17.61000000 -5.25345744
17.62000000 -5.09675399
17.63000000 -4.93844656
17.64000000 -4.77903147
17.65000000 -4.62067660
17.66000000 -4.46767860
17.67000000 -4.32661292
17.68000000 -4.20598087
17.69000000 -4.11548916
17.70000000 -4.06494108
17.71000000 -4.06294486
17.72000000 -4.11578127
17.73000000 -4.22638212
17.74000000 -4.39363288
17.75000000 -4.61235603
17.76000000 -4.87369193
17.77000000 -5.16612475
17.78000000 -5.47655378
17.79000000 -5.79226617
17.80000000 -6.10194288
17.81000000 -6.39721010
17.82000000 -6.67343136
17.83000000 -6.93001566
17.84000000 -7.17009254
17.85000000 -7.39957621
17.86000000 -7.62585304
17.87000000 -7.85630668
17.88000000 -8.09651877
17.89000000 -8.34903087
17.90000000 -8.61231322
17.91000000 -8.88047723
17.92000000 -9.14370143
17.93000000 -9.38909009
17.94000000 -9.60231679
17.95000000 -9.76944790
17.96000000 -9.87902620
17.97000000 -9.92350678
17.98000000 -9.90095382
17.99000000 -9.81537939
18.00000000 -9.67674410
18.01000000 -9.50012316
18.02000000 -9.30395313
18.03000000 -9.10814188
18.04000000 -8.93150803
18.05000000 -8.78988879
18.06000000 -8.69399688
18.07000000 -8.64821052
18.08000000 -8.65013517
18.09000000 -8.69083876
18.10000000 -8.75595845
18.11000000 -8.82751161
18.12000000 -8.88602775
18.13000000 -8.91266443
18.14000000 -8.89155625
18.15000000 -8.81116145
18.16000000 -8.66539881
18.17000000 -8.45394287
18.18000000 -8.18153659
18.19000000 -7.85685161
18.20000000 -7.49097318
18.21000000 -7.09515588
18.22000000 -6.67947894
18.23000000 -6.25096012
18.24000000 -5.81274679
18.25000000 -5.36372908
18.26000000 -4.89880958
18.27000000 -4.40998482
18.28000000 -3.88773353
18.29000000 -3.32233952
18.30000000 -2.70605792
18.31000000 -2.03417214
18.32000000 -1.30598968
18.33000000 -0.52520578
18.34000000 0.30034562
18.35000000 1.15952199
18.36000000 2.03901136
18.37000000 2.92544562
18.38000000 3.80589662
18.39000000 4.66982733
18.40000000 5.50971263
18.41000000 6.32142706
18.42000000 7.10387437
18.43000000 7.85812728
18.44000000 8.58627471
18.45000000 9.28983060
18.46000000 9.96878995
18.47000000 10.61972069
18.48000000 11.23559118
18.49000000 11.80550632
18.50000000 12.31520568
18.51000000 12.74818119
18.52000000 13.08723474
18.53000000 13.31625925
18.54000000 13.42226207
18.55000000 13.39655724
18.56000000 13.23630771
18.57000000 12.94497874
18.58000000 12.53199005
18.59000000 12.01216602
18.60000000 11.40434419
18.61000000 10.72959536
18.62000000 10.00907253
18.63000000 9.26278550
18.64000000 8.50780432
18.65000000 7.75746400
18.66000000 7.02082311
18.67000000 6.30336708
18.68000000 5.60740206
18.69000000 4.93360601
18.70000000 4.28241961
18.71000000 3.65490893
18.72000000 3.05464169
18.73000000 2.48782266
18.74000000 1.96348463
18.75000000 1.49301736
18.76000000 1.08916084
18.77000000 0.76468200
18.78000000 0.53078918
18.79000000 0.39555987
18.80000000 0.36289872
18.81000000 0.43158465
18.82000000 0.59512780
18.83000000 0.84203290
18.84000000 1.15672927
18.85000000 1.52091103
18.86000000 1.91499265
18.87000000 2.31995828
18.88000000 2.71832713
18.89000000 3.09545587
18.90000000 3.44006575
18.91000000 3.74414020
18.92000000 4.00261775
18.93000000 4.21243349
18.94000000 4.37148310
18.95000000 4.47775098
18.96000000 4.52811926
18.97000000 4.51814133
18.98000000 4.44185212
18.99000000 4.29223014
19.00000000 4.06210875
19.01000000 3.74531429
19.02000000 3.33812517
19.03000000 2.84056749
19.04000000 2.25698566
19.05000000 1.59723199
19.06000000 0.87623203
19.07000000 0.11339872
19.08000000 -0.66849481
19.09000000 -1.44507764
19.10000000 -2.19217522
19.11000000 -2.88755297
19.12000000 -3.51313832
19.13000000 -4.05538671
19.14000000 -4.50639836
19.15000000 -4.86384853
19.16000000 -5.13012178
19.17000000 -5.31123834
19.18000000 -5.41522918
19.19000000 -5.45047198
19.20000000 -5.42420099
19.21000000 -5.34127252
19.22000000 -5.20359451
19.23000000 -5.01014522
19.24000000 -4.75754367
19.25000000 -4.44123787
19.26000000 -4.05705985
19.27000000 -3.60277043
19.28000000 -3.07974503
19.29000000 -2.49364972
19.30000000 -1.85557211
19.31000000 -1.18156521
19.32000000 -0.49183517
19.33000000 0.19068274
19.34000000 0.84222537
19.35000000 1.44037674
19.36000000 1.96602738
19.37000000 2.40548623
19.38000000 2.75102748
19.39000000 3.00187686
19.40000000 3.16367726
19.41000000 3.24753347
19.42000000 3.26825307
19.43000000 3.24244841
19.44000000 3.18636545
19.45000000 3.11397324
19.46000000 3.03546779
19.47000000 2.95655506
19.48000000 2.87813339
19.49000000 2.79721874
19.50000000 2.70800673
19.51000000 2.60372339
19.52000000 2.47853910
19.53000000 2.32937331
19.54000000 2.15716772
19.55000000 1.96795225
19.56000000 1.77276198
19.57000000 1.58701592
19.58000000 1.42900957
19.59000000 1.31807587
19.60000000 1.27224017
19.61000000 1.30600284
19.62000000 1.42846176
19.63000000 1.64173748
19.64000000 1.94053123
19.65000000 2.31208668
19.66000000 2.73736770
19.67000000 3.19264526
19.68000000 3.65172682
19.69000000 4.08838584
19.70000000 4.47893409
19.71000000 4.80375693
19.72000000 5.04910488
19.73000000 5.20772842
19.74000000 5.27866198
19.75000000 5.26656126
19.76000000 5.18010733
19.77000000 5.03036700
19.78000000 4.82877924
19.79000000 4.58527146
19.80000000 4.30706992
19.81000000 3.99768149
19.82000000 3.65674803
19.83000000 3.28038707
19.84000000 2.86225417
19.85000000 2.39492041
19.86000000 1.87150744
19.87000000 1.28689835
19.88000000 0.63953779
19.89000000 -0.06802022
19.90000000 -0.82867203
19.91000000 -1.63103449
19.92000000 -2.46017736
19.93000000 -3.29879623
19.94000000 -4.12850656
19.95000000 -4.93184071
19.96000000 -5.69283039
19.97000000 -6.39856327
19.98000000 -7.03970461
19.99000000 -7.61082030
20.00000000 -8.10997627
