0.02000000 -0.02885900
0.03000000 -0.04082673
0.04000000 -0.05070997
0.05000000 -0.06163849
0.06000000 -0.07058930
0.07000000 -0.07881300
0.08000000 -0.08576918
0.09000000 -0.09224988
0.09999999 -0.09838323
0.11000000 -0.10482988
0.12000000 -0.11208304
0.13000000 -0.12059074
0.14000000 -0.13067058
0.15000000 -0.14246222
0.16000000 -0.15585482
0.17000000 -0.17057806
0.18000000 -0.18605753
0.19000000 -0.20163502
0.20000000 -0.21652491
0.21000000 -0.23002908
0.22000000 -0.24155149
0.23000000 -0.25077294
0.24000000 -0.25768553
0.25000000 -0.26262436
0.26000000 -0.26624358
0.27000000 -0.26945120
0.28000000 -0.27327288
0.29000000 -0.27872331
0.30000000 -0.28662464
0.31000000 -0.29749274
0.32000000 -0.31140262
0.33000000 -0.32798315
0.34000000 -0.34641379
0.35000000 -0.36554438
0.36000000 -0.38404594
0.37000000 -0.40060388
0.38000000 -0.41413535
0.39000000 -0.42396070
0.40000000 -0.42993422
0.41000000 -0.43251902
0.42000000 -0.43271503
0.43000000 -0.43196707
0.44000000 -0.43192972
0.45000000 -0.43424947
0.46000000 -0.44028111
0.47000000 -0.45087061
0.48000000 -0.46619039
0.49000000 -0.48567811
0.50000000 -0.50808900
0.51000000 -0.53165601
0.52000000 -0.55434290
0.53000000 -0.57414764
0.54000000 -0.58942899
0.55000000 -0.59917387
0.56000000 -0.60319692
0.57000000 -0.60220048
0.58000000 -0.59771782
0.59000000 -0.59190656
0.60000000 -0.58722834
0.61000000 -0.58608898
0.62000000 -0.59045400
0.63000000 -0.60150077
0.64000000 -0.61941530
0.65000000 -0.64329905
0.66000000 -0.67127976
0.67000000 -0.70073545
0.68000000 -0.72869507
0.69000000 -0.75228271
0.70000000 -0.76917588
0.71000000 -0.77799736
0.72000000 -0.77858899
0.73000000 -0.77208310
0.74000000 -0.76077876
0.75000000 -0.74786401
0.76000000 -0.73692456
0.77000000 -0.73140610
0.78000000 -0.73408221
0.79000000 -0.74655606
0.80000000 -0.76896973
0.81000000 -0.79990053
0.82000000 -0.83650271
0.83000000 -0.87489321
0.84000000 -0.91069613
0.85000000 -0.93971142
0.86000000 -0.95857573
0.87000000 -0.96534860
0.88000000 -0.95987786
0.89000000 -0.94392899
0.90000000 -0.92101429
0.91000000 -0.89596776
0.92000000 -0.87422963
0.93000000 -0.86109016
0.94000000 -0.86082408
0.95000000 -0.87599228
0.96000000 -0.90692870
0.97000000 -0.95155846
0.98000000 -1.00551233
0.98999990 -1.06265929
1.00000000 -1.11586897
1.01000000 -1.15796846
1.02000000 -1.18277722
1.03000000 -1.18601520
1.04000000 -1.16599466
1.05000000 -1.12400447
1.06000000 -1.06423689
1.07000000 -0.99334843
1.08000000 -0.91965671
1.09000000 -0.85207282
1.10000000 -0.79894231
1.11000000 -0.76691964
1.12000000 -0.76007490
1.13000000 -0.77932478
1.14000000 -0.82230019
1.15000000 -0.88365140
1.16000000 -0.95580127
1.17000000 -1.02995029
1.18000000 -1.09733164
1.19000000 -1.15037732
1.20000000 -1.18377075
1.21000000 -1.19516360
1.22000000 -1.18545964
1.23000000 -1.15864624
1.24000000 -1.12116353
1.25000000 -1.08097135
1.26000000 -1.04632825
1.27000000 -1.02463072
1.28000000 -1.02130827
1.29000000 -1.03905021
1.30000000 -1.07744938
1.31000000 -1.13306774
1.32000000 -1.20000192
1.33000000 -1.27075244
1.34000000 -1.33736278
1.35000000 -1.39258147
1.36000000 -1.43094198
1.37000000 -1.44949910
1.38000000 -1.44826219
1.39000000 -1.43006231
1.40000000 -1.40010661
1.41000000 -1.36507823
1.42000000 -1.33204324
1.43000000 -1.30736153
1.44000000 -1.29563939
1.45000000 -1.29905663
1.46000000 -1.31702326
1.47000000 -1.34632837
1.48000000 -1.38172130
1.49000000 -1.41681892
1.50000000 -1.44523486
1.51000000 -1.46169669
1.52000000 -1.46302954
1.53000000 -1.44878398
1.54000000 -1.42146127
1.55000000 -1.38616883
1.56000000 -1.34992215
1.57000000 -1.32053606
1.58000000 -1.30533053
1.59000000 -1.30986965
1.60000000 -1.33693130
1.61000000 -1.38588234
1.62000000 -1.45254440
1.63000000 -1.52971086
1.64000000 -1.60815065
1.65000000 -1.67803908
1.66000000 -1.73062670
1.67000000 -1.75989372
1.68000000 -1.76392842
1.69000000 -1.74584708
1.70000000 -1.71400530
1.71000000 -1.68157936
1.72000000 -1.66533035
1.73000000 -1.68386497
1.74000000 -1.75543950
1.75000000 -1.89565505
1.76000000 -2.11534057
1.77000000 -2.41886996
1.78000000 -2.80310641
1.79000000 -3.25717144
1.80000000 -3.76309648
1.81000000 -4.29724645
1.82000000 -4.83238625
1.83000000 -5.34006326
1.84000000 -5.79328017
1.85000000 -6.16876904
1.86000000 -6.44901589
1.87000000 -6.62353344
1.88000000 -6.68939245
1.89000000 -6.65104180
1.90000000 -6.51942807
1.91000000 -6.31060669
1.92000000 -6.04384244
1.93000000 -5.74001227
1.94000000 -5.41969714
1.95000000 -5.10193376
1.96000000 -4.80312854
1.97000000 -4.53651828
1.98000000 -4.31216673
1.99000000 -4.13704392
2.00000000 -4.01548163
2.01000000 -3.94956206
2.02000000 -3.93951603
2.03000000 -3.98387383
2.04000000 -4.07949075
2.05000000 -4.22126159
2.06000000 -4.40196250
2.07000000 -4.61189260
2.08000000 -4.83878421
2.09000000 -5.06810285
2.10000000 -5.28347309
2.11000000 -5.46769995
2.12000000 -5.60397651
2.13000000 -5.67752544
2.14000000 -5.67701744
2.15000000 -5.59606156
2.16000000 -5.43421953
2.17000000 -5.19750584
2.18000000 -4.89818090
2.19000000 -4.55390869
2.20000000 -4.18618729
2.21000000 -3.81828845
2.22000000 -3.47295589
2.23000000 -3.17006583
2.24000000 -2.92458064
2.25000000 -2.74500465
2.26000000 -2.63268355
2.27000000 -2.58186340
2.28000000 -2.58059977
2.29000000 -2.61252656
2.30000000 -2.65898667
2.31000000 -2.70149484
2.32000000 -2.72414992
2.33000000 -2.71557279
2.34000000 -2.67028952
2.35000000 -2.58924600
2.36000000 -2.47948222
2.37000000 -2.35296001
2.38000000 -2.22477661
2.39000000 -2.11093849
2.40000000 -2.02611709
2.41000000 -1.98153621
2.42000000 -1.98345123
2.43000000 -2.03229420
2.44000000 -2.12262076
2.45000000 -2.24390034
2.46000000 -2.38193599
2.47000000 -2.52081349
2.48000000 -2.64490619
2.49000000 -2.74089868
2.50000000 -2.79926606
2.51000000 -2.81517810
2.52000000 -2.78864065
2.53000000 -2.72380575
2.54000000 -2.62756473
2.55000000 -2.50769020
2.56000000 -2.37064419
2.57000000 -2.21945695
2.58000000 -2.05196587
2.59000000 -1.85964366
2.60000000 -1.62717611
2.61000000 -1.33290817
2.62000000 -0.95023854
2.63000000 -0.44956948
2.64000000 0.19905131
2.65000000 1.02315139
2.66000000 2.04502041
2.67000000 3.27911773
2.68000000 4.73013623
2.69000000 6.39175763
2.70000000 8.24571821
2.71000000 10.26264090
2.72000000 12.40246069
2.73000000 14.61641566
2.74000000 16.84882498
2.75000000 19.03970278
2.76000000 21.12719041
2.77000000 23.05011092
2.78000000 24.75071846
2.79000000 26.17672025
2.80000000 27.28389575
2.81000000 28.03719420
2.82000000 28.41310372
2.83000000 28.40028063
2.84000000 28.00043845
2.85000000 27.22824391
2.86000000 26.11134616
2.87000000 24.68908611
2.88000000 23.01091960
2.89000000 21.13392699
2.90000000 19.12026755
2.91000000 17.03384173
2.92000000 14.93691453
2.93000000 12.88699716
2.94000000 10.93376968
2.95000000 9.11666960
2.96000000 7.46372773
2.97000000 5.99052694
2.98000000 4.70084378
2.99000000 3.58800304
3.00000000 2.63702931
3.01000000 1.82727945
3.02000000 1.13551569
3.03000000 0.53861622
3.04000000 0.01621486
3.05000000 -0.44756348
3.06000000 -0.86311725
3.07000000 -1.23523335
3.08000000 -1.56384066
3.09000000 -1.84546259
3.10000000 -2.07505862
3.11000000 -2.24804102
3.12000000 -2.36213446
3.13000000 -2.41876654
3.14000000 -2.42384928
3.15000000 -2.38776074
3.16000000 -2.32461914
3.17000000 -2.25095905
3.18000000 -2.18388746
3.19000000 -2.13917031
3.20000000 -2.12947706
3.21000000 -2.16294576
3.22000000 -2.24245537
3.23000000 -2.36558251
3.24000000 -2.52534977
3.25000000 -2.71152987
3.26000000 -2.91249355
3.27000000 -3.11714048
3.28000000 -3.31678322
3.29000000 -3.50659719
3.30000000 -3.68641180
3.31000000 -3.86085359
3.32000000 -4.03862542
3.33000000 -4.23112993
3.34000000 -4.45055703
3.35000000 -4.70779570
3.36000000 -5.01041931
3.37000000 -5.36090345
3.38000000 -5.75563211
3.39000000 -6.18454433
3.40000000 -6.63163062
3.41000000 -7.07633035
3.42000000 -7.49540486
3.43000000 -7.86516975
3.44000000 -8.16401175
3.45000000 -8.37448822
3.46000000 -8.48508957
3.47000000 -8.49117948
3.48000000 -8.39524608
3.49000000 -8.20655261
3.50000000 -7.93967054
3.51000000 -7.61296168
3.52000000 -7.24649061
3.53000000 -6.86015839
3.54000000 -6.47193911
3.55000000 -6.09659304
3.56000000 -5.74497184
3.57000000 -5.42378193
3.58000000 -5.13600029
3.59000000 -4.88161889
3.60000000 -4.65865526
3.61000000 -4.46411389
3.62000000 -4.29495950
3.63000000 -4.14868038
3.64000000 -4.02359491
3.65000000 -3.91878222
3.66000000 -3.83374087
3.67000000 -3.76779398
3.68000000 -3.71955744
3.69000000 -3.68643670
3.70000000 -3.66435134
3.71000000 -3.64765219
3.72000000 -3.62949613
3.73000000 -3.60235773
3.74000000 -3.55869546
3.75000000 -3.49165141
3.76000000 -3.39571505
3.77000000 -3.26697055
3.78000000 -3.10326113
3.79000000 -2.90376326
3.80000000 -2.66852397
3.81000000 -2.39757683
3.82000000 -2.09015195
3.83000000 -1.74398824
3.84000000 -1.35494265
3.85000000 -0.91705024
3.86000000 -0.42306114
3.87000000 0.13445948
3.88000000 0.76168004
3.89000000 1.46182482
3.90000000 2.23339817
3.91000000 3.06879557
3.92000000 3.95330590
3.93000000 4.86486372
3.94000000 5.77461524
3.95000000 6.64836684
3.96000000 7.44874108
3.97000000 8.13795492
3.98000000 8.68082795
3.99000000 9.04787915
4.00000000 9.21789230
4.01000000 9.18000705
4.02000000 8.93465952
4.03000000 8.49368445
4.04000000 7.87927440
4.05000000 7.12209044
4.06000000 6.25842620
4.07000000 5.32739645
4.08000000 4.36745836
4.09000000 3.41384093
4.10000000 2.49581600
4.11000000 1.63547548
4.12000000 0.84674663
4.13000000 0.13554183
4.14000000 -0.49918381
4.15000000 -1.06419325
4.16000000 -1.56998325
4.17000000 -2.02909707
4.18000000 -2.45427108
4.19000000 -2.85731634
4.20000000 -3.24801334
4.21000000 -3.63398892
4.22000000 -4.02055774
4.23000000 -4.41132431
4.24000000 -4.80858036
4.25000000 -5.21402676
4.26000000 -5.62902813
4.27000000 -6.05497512
4.28000000 -6.49303391
4.29000000 -6.94393669
4.30000000 -7.40733218
4.31000000 -7.88128603
4.32000000 -8.36183793
4.33000000 -8.84282446
4.34000000 -9.31583153
4.35000000 -9.77090367
4.36000000 -10.19716750
4.37000000 -10.58403728
4.38000000 -10.92253516
4.39000000 -11.20615531
4.40000000 -11.43201612
4.41000000 -11.60110551
4.42000000 -11.71844223
4.43000000 -11.79243413
4.44000000 -11.83376947
4.45000000 -11.85394757
4.46000000 -11.86384629
4.47000000 -11.87193213
4.48000000 -11.88316783
4.49000000 -11.89802907
4.50000000 -11.91242749
4.51000000 -11.91798318
4.52000000 -11.90314899
4.53000000 -11.85471065
4.54000000 -11.75939633
4.55000000 -11.60585615
4.56000000 -11.38590225
4.57000000 -11.09579179
4.58000000 -10.73632128
4.59000000 -10.31275032
4.60000000 -9.83349975
4.61000000 -9.30864220
4.62000000 -8.74802596
4.63000000 -8.15900427
4.64000000 -7.54482404
4.65000000 -6.90307664
4.66000000 -6.22534860
4.67000000 -5.49711837
4.68000000 -4.69913386
4.69000000 -3.80893563
4.70000000 -2.80359563
4.71000000 -1.66200507
4.72000000 -0.36799806
4.73000000 1.08774176
4.74000000 2.70544260
4.75000000 4.47577625
4.76000000 6.37917671
4.77000000 8.38732668
4.78000000 10.46393108
4.79000000 12.56754710
4.80000000 14.65342800
4.81000000 16.67657599
4.82000000 18.59358897
4.83000000 20.36477683
4.84000000 21.95546279
4.85000000 23.33684797
4.86000000 24.48614640
4.87000000 25.38650583
4.88000000 26.02636137
4.89000000 26.39887649
4.90000000 26.50176612
4.91000000 26.33645652
4.92000000 25.90814253
4.93000000 25.22597074
4.94000000 24.30327304
4.95000000 23.15806003
4.96000000 21.81295021
4.97000000 20.29573204
4.98000000 18.63858286
4.99000000 16.87762561
5.00000000 15.05158639
5.01000000 13.20035173
5.02000000 11.36304516
5.03000000 9.57626829
5.04000000 7.87188557
5.05000000 6.27614156
5.06000000 4.80790881
5.07000000 3.47881210
5.08000000 2.29287628
5.09000000 1.24778982
5.10000000 0.33562341
5.11000000 -0.45518855
5.12000000 -1.13842270
5.13000000 -1.72821127
5.14000000 -2.23776728
5.15000000 -2.67841585
5.16000000 -3.05893452
5.17000000 -3.38568498
5.18000000 -3.66281286
5.19000000 -3.89312098
5.20000000 -4.07875146
5.21000000 -4.22221028
5.22000000 -4.32697173
5.23000000 -4.39787667
5.24000000 -4.44129606
5.25000000 -4.46481324
5.26000000 -4.47663448
5.27000000 -4.48488288
5.28000000 -4.49662353
5.29000000 -4.51721774
5.30000000 -4.54958577
5.31000000 -4.59398167
5.32000000 -4.64794710
5.33000000 -4.70672796
5.34000000 -4.76386179
5.35000000 -4.81199757
5.36000000 -4.84370474
5.37000000 -4.85235731
5.38000000 -4.83259516
5.39000000 -4.78066904
5.40000000 -4.69439649
5.41000000 -4.57279411
5.42000000 -4.41546326
5.43000000 -4.22182555
5.44000000 -3.99038225
5.45000000 -3.71806216
5.46000000 -3.39974950
5.47000000 -3.02839107
5.48000000 -2.59519082
5.49000000 -2.09053328
5.50000000 -1.50489357
5.51000000 -0.83037669
5.52000000 -0.06188726
5.53000000 0.80124853
5.54000000 1.75446921
5.55000000 2.78691185
5.56000000 3.88148065
5.57000000 5.01471447
5.58000000 6.15797444
5.59000000 7.27826611
5.60000000 8.34026955
5.61000000 9.30784630
5.62000000 10.14634613
5.63000000 10.82423646
5.64000000 11.31503699
5.65000000 11.59859784
5.66000000 11.66223515
5.67000000 11.50105987
5.68000000 11.11830932
5.69000000 10.52465922
5.70000000 9.73773478
5.71000000 8.78075269
5.72000000 7.68122117
5.73000000 6.46929400
5.74000000 5.17654649
5.75000000 3.83388604
5.76000000 2.47079791
5.77000000 1.11358062
5.78000000 -0.21497226
5.79000000 -1.49665169
5.80000000 -2.71753470
5.81000000 -3.86836125
5.82000000 -4.94366378
5.83000000 -5.94148183
5.84000000 -6.86217102
5.85000000 -7.70788282
5.86000000 -8.48120404
5.87000000 -9.18493865
5.88000000 -9.82095409
5.89000000 -10.39036625
5.90000000 -10.89315530
5.91000000 -11.32857203
5.92000000 -11.69564130
5.93000000 -11.99359043
5.94000000 -12.22259216
5.95000000 -12.38441978
5.96000000 -12.48269818
5.97000000 -12.52310680
5.98000000 -12.51308543
5.99000000 -12.46132526
6.00000000 -12.37696596
6.01000000 -12.26832448
6.02000000 -12.14198345
6.03000000 -12.00135548
6.04000000 -11.84599835
6.05000000 -11.67084875
6.06000000 -11.46629238
6.07000000 -11.21824886
6.08000000 -10.90924269
6.09000000 -10.51963168
6.10000000 -10.02918123
6.11000000 -9.41901845
6.12000000 -8.67306893
6.13000000 -7.78004552
6.14000000 -6.73419403
6.15000000 -5.53641024
6.16000000 -4.19427962
6.17000000 -2.72159505
6.18000000 -1.13795448
6.19000000 0.53283904
6.20000000 2.26353596
6.21000000 4.02540066
6.22000000 5.78872662
6.23000000 7.52460637
6.24000000 9.20484747
6.25000000 10.80304129
6.26000000 12.29405018
6.27000000 13.65456061
6.28000000 14.86245167
6.29000000 15.89712678
6.30000000 16.73938466
6.31000000 17.37192699
6.32000000 17.77995146
6.33000000 17.95206097
6.34000000 17.88123735
6.35000000 17.56567433
6.36000000 17.01008018
6.37000000 16.22549756
6.38000000 15.23014212
6.39000000 14.04824116
6.40000000 12.70968379
6.41000000 11.24790551
6.42000000 9.69856552
6.43000000 8.09718255
6.44000000 6.47704557
6.45000000 4.86784598
6.46000000 3.29376453
6.47000000 1.77325571
6.48000000 0.31839162
6.49000000 -1.06402277
6.50000000 -2.37198281
6.51000000 -3.60622066
6.52000000 -4.76910167
6.53000000 -5.86254106
6.54000000 -6.88714540
6.55000000 -7.84090181
6.56000000 -8.71923126
6.57000000 -9.51487391
6.58000000 -10.21912042
6.59000000 -10.82252640
6.60000000 -11.31665470
6.61000000 -11.69522238
6.62000000 -11.95532229
6.63000000 -12.09807631
6.64000000 -12.12891029
6.65000000 -12.05714572
6.66000000 -11.89500675
6.67000000 -11.65652905
6.68000000 -11.35568534
6.69000000 -11.00518109
6.70000000 -10.61500846
6.71000000 -10.19154209
6.72000000 -9.73721350
6.73000000 -9.25079991
6.74000000 -8.72813611
6.75000000 -8.16355123
6.76000000 -7.55142666
6.77000000 -6.88766656
6.78000000 -6.17158385
6.79000000 -5.40653223
6.80000000 -4.60100550
6.81000000 -3.76824677
6.82000000 -2.92592454
6.83000000 -2.09477270
6.84000000 -1.29728253
6.85000000 -0.55577655
6.86000000 0.10907665
6.87000000 0.67983612
6.88000000 1.14322007
6.89000000 1.49075093
6.90000000 1.71862623
6.91000000 1.82733215
6.92000000 1.82075078
6.93000000 1.70502124
6.94000000 1.48754051
6.95000000 1.17596248
6.96000000 0.77746831
6.97000000 0.29858477
6.98000000 -0.25479813
6.99000000 -0.87688781
7.00000000 -1.56148082
7.01000000 -2.30088038
7.02000000 -3.08552898
7.03000000 -3.90318937
7.04000000 -4.73918708
7.05000000 -5.57632794
7.06000000 -6.39601215
7.07000000 -7.17894662
7.08000000 -7.90678247
7.09000000 -8.56322837
7.10000000 -9.13548177
7.11000000 -9.61509822
7.12000000 -9.99838579
7.13000000 -10.28652133
7.14000000 -10.48490412
7.15000000 -10.60196751
7.16000000 -10.64788679
7.17000000 -10.63274681
7.18000000 -10.56495981
7.19000000 -10.44975553
7.20000000 -10.28801505
7.21000000 -10.07569320
7.22000000 -9.80374113
7.23000000 -9.45840611
7.24000000 -9.02255128
7.25000000 -8.47651323
7.26000000 -7.80008063
7.27000000 -6.97367766
7.28000000 -5.98034683
7.29000000 -4.80649549
7.30000000 -3.44348042
7.31000000 -1.88769275
7.32000000 -0.14155182
7.33000000 1.78697023
7.34000000 3.88377534
7.35000000 6.12952171
7.36000000 8.49904171
7.37000000 10.96233915
7.38000000 13.48414452
7.39000000 16.02495409
7.40000000 18.54063939
7.41000000 20.98409781
7.42000000 23.30510307
7.43000000 25.45285350
7.44000000 27.37644471
7.45000000 29.02742337
7.46000000 30.36236876
7.47000000 31.34437298
7.48000000 31.94569299
7.49000000 32.14983527
7.50000000 31.95221358
7.51000000 31.36170344
7.52000000 30.39986070
7.53000000 29.10039930
7.54000000 27.50710966
7.55000000 25.67181924
7.56000000 23.65089643
7.57000000 21.50304918
7.58000000 19.28503719
7.59000000 17.05006236
7.60000000 14.84436340
7.61000000 12.70669751
7.62000000 10.66647920
7.63000000 8.74481885
7.64000000 6.95424222
7.65000000 5.30081910
7.66000000 3.78501561
7.67000000 2.40417243
7.68000000 1.15352496
7.69000000 0.02802426
7.70000000 -0.97683534
7.71000000 -1.86464770
7.72000000 -2.63783410
7.73000000 -3.29827830
7.74000000 -3.84769228
7.75000000 -4.28868481
7.76000000 -4.62529738
7.77000000 -4.86362971
7.78000000 -5.01205296
7.79000000 -5.08113232
7.80000000 -5.08315226
7.81000000 -5.03131600
7.82000000 -4.93887802
7.83000000 -4.81807548
7.84000000 -4.67928385
7.85000000 -4.53033879
7.86000000 -4.37627343
7.87000000 -4.21930189
7.88000000 -4.05947343
7.89000000 -3.89535736
7.90000000 -3.72527226
7.91000000 -3.54835372
7.92000000 -3.36574539
7.93000000 -3.18151784
7.94000000 -3.00314297
7.95000000 -2.84166053
7.96000000 -2.71124859
7.97000000 -2.62836890
7.98000000 -2.61047091
7.99000000 -2.67451797
8.00000000 -2.83534235
8.01000000 -3.10404518
8.02000000 -3.48669647
8.03000000 -3.98358516
8.04000000 -4.58853419
8.05000000 -5.28932968
8.05999900 -6.06809833
8.07000000 -6.90305593
8.08000000 -7.76941866
8.09000000 -8.64155009
8.09999900 -9.49453322
8.11000000 -10.30620670
8.12000000 -11.05784000
8.13000000 -11.73550553
8.13999900 -12.33019630
8.15000000 -12.83790685
8.16000000 -13.25850026
8.17000000 -13.59495875
8.17999900 -13.85197998
8.19000000 -14.03430338
8.20000000 -14.14545588
8.21000000 -14.18652417
8.22000000 -14.15530970
8.23000000 -14.04601136
8.24000000 -13.84927814
8.25000000 -13.55301221
8.26000000 -13.14340030
8.27000000 -12.60639837
8.28000000 -11.92913444
8.29000000 -11.10180670
8.30000000 -10.11895973
8.30999900 -8.98071724
8.32000000 -7.69310529
8.33000000 -6.26885488
8.34000000 -4.72669247
8.34999900 -3.09073087
8.36000000 -1.38871114
8.37000000 0.34852552
8.38000000 2.08918423
8.38999900 3.80172377
8.40000000 5.45681214
8.41000000 7.02722946
8.42000000 8.48921687
8.42999900 9.82237849
8.44000000 11.00991546
8.45000000 12.03749964
8.46000000 12.89319238
8.47000000 13.56669650
8.48000000 14.04875970
8.49000000 14.33119767
8.50000000 14.40669203
8.51000000 14.26931356
8.52000000 13.91541723
8.53000000 13.34430055
8.54000000 12.55980551
8.55000000 11.57082361
8.55999900 10.39260987
8.57000000 9.04667432
8.58000000 7.56126922
8.59000000 5.97047008
8.59999900 4.31315528
8.61000000 2.63067837
8.62000000 0.96578474
8.63000000 -0.64030195
8.63999900 -2.14973270
8.65000000 -3.53061914
8.66000000 -4.75753836
8.67000000 -5.81304696
8.67999900 -6.68758085
8.69000000 -7.37918783
8.70000000 -7.89183298
8.71000000 -8.23409957
8.72000000 -8.41712913
8.73000000 -8.45253329
8.74000000 -8.35083877
8.75000000 -8.11991758
8.76000000 -7.76449178
8.77000000 -7.28594956
8.78000000 -6.68299075
8.79000000 -5.95319677
8.80000000 -5.09460253
8.80999900 -4.10788129
8.82000000 -2.99797258
8.83000000 -1.77643444
8.84000000 -0.46222575
8.84999900 0.91751072
8.86000000 2.32822636
8.87000000 3.72838264
8.88000000 5.07178050
8.88999900 6.30982155
8.90000000 7.39485456
8.91000000 8.28251045
8.92000000 8.93496047
8.92999900 9.32331638
8.94000000 9.42950425
8.95000000 9.24722015
8.96000000 8.78223556
8.97000000 8.05179033
8.98000000 7.08327340
8.99000000 5.91192232
9.00000000 4.57890467
9.01000000 3.12846646
9.02000000 1.60559267
9.03000000 0.05312903
9.04000000 -1.48930209
9.05000000 -2.98724419
9.05999900 -4.41196845
9.07000000 -5.74131262
9.08000000 -6.95862737
9.09000000 -8.05269067
9.09999900 -9.01659077
9.11000000 -9.84694535
9.12000000 -10.54238576
9.13000000 -11.10279233
9.13999900 -11.52845096
9.15000000 -11.81962348
9.16000000 -11.97615266
9.17000000 -11.99748067
9.17999900 -11.88300786
9.19000000 -11.63250358
9.20000000 -11.24668772
9.21000000 -10.72796047
9.22000000 -10.08087016
9.23000000 -9.31290101
9.24000000 -8.43434704
9.25000000 -7.45906928
9.26000000 -6.40394986
9.27000000 -5.28902073
9.28000000 -4.13632657
9.29000000 -2.96999981
9.30000000 -1.81494560
9.30999900 -0.69620097
9.32000000 0.36247284
9.33000000 1.33876432
9.34000000 2.21302783
9.34999900 2.96878216
9.36000000 3.59339287
9.37000000 4.07793365
9.38000000 4.41752269
9.38999900 4.61116714
9.40000000 4.66153759
9.41000000 4.57449298
9.42000000 4.35876024
9.42999900 4.02548355
9.44000000 3.58762797
9.45000000 3.05978966
9.46000000 2.45768843
9.46999900 1.79799439
9.48000000 1.09772898
9.49000000 0.37441367
9.50000000 -0.35439227
9.51000000 -1.07134120
9.52000000 -1.75953307
9.53000000 -2.40305236
9.54000000 -2.98693615
9.55000000 -3.49778701
9.55999900 -3.92390030
9.57000000 -4.25574611
9.58000000 -4.48581493
9.59000000 -4.60886512
9.59999900 -4.62186256
9.61000000 -4.52381398
9.62000000 -4.31563770
9.63000000 -3.99993077
9.63999900 -3.58085842
9.65000000 -3.06394848
9.66000000 -2.45631084
9.67000000 -1.76668250
9.67999900 -1.00578163
9.69000000 -0.18638135
9.70000000 0.67592014
9.71000000 1.56267842
9.71999900 2.45234936
9.73000000 3.32075037
9.74000000 4.14098745
9.75000000 4.88463122
9.76000000 5.52280066
9.77000000 6.02758126
9.78000000 6.37388362
9.79000000 6.54097704
9.80000000 6.51431149
9.80999900 6.28691652
9.82000000 5.86035920
9.83000000 5.24524460
9.84000000 4.46108458
9.84999900 3.53557526
9.86000000 2.50281109
9.87000000 1.40207282
9.88000000 0.27527656
9.88999900 -0.83504668
9.90000000 -1.88829034
9.91000000 -2.84700994
9.92000000 -3.67861669
9.92999900 -4.35611167
9.94000000 -4.85852082
9.95000000 -5.17016834
9.96000000 -5.28025825
9.96999900 -5.18184040
9.98000000 -4.87065917
9.99000000 -4.34435086
10.00000000 -3.60176922
10.01000000 -2.64282778
10.02000000 -1.46881461
10.03000000 -0.08271519
10.04000000 1.50909753
10.05000000 3.29594558
10.06000000 5.26141530
10.07000000 7.38295438
10.08000000 9.63013068
10.09000000 11.96516814
10.10000000 14.34326799
10.11000000 16.71453991
10.12000000 19.02434542
10.13000000 21.21680583
10.14000000 23.23646968
10.15000000 25.03202275
10.16000000 26.55724717
10.17000000 27.77385308
10.18000000 28.65294763
10.19000000 29.17588223
10.20000000 29.33416312
10.21000000 29.12951153
10.22000000 28.57274996
10.23000000 27.68255107
10.24000000 26.48426947
10.25000000 25.00831354
10.26000000 23.28904150
10.27000000 21.36353986
10.28000000 19.27007172
10.29000000 17.04859704
10.30000000 14.73922284
10.31000000 12.38227402
10.32000000 10.01678408
10.33000000 7.68121823
10.34000000 5.41184574
10.35000000 3.24216971
10.36000000 1.20118402
10.37000000 -0.68650860
10.38000000 -2.40249243
10.39000000 -3.93491687
10.40000000 -5.27952688
10.41000000 -6.43879117
10.42000000 -7.42204915
10.43000000 -8.24439290
10.44000000 -8.92567781
10.45000000 -9.48844934
10.46000000 -9.95659868
10.47000000 -10.35349460
10.48000000 -10.70077686
10.49000000 -11.01689199
10.50000000 -11.31664802
10.51000000 -11.61087494
10.52000000 -11.90668252
10.53000000 -12.20809699
10.54000000 -12.51676772
10.55000000 -12.83288467
10.56000000 -13.15606414
10.57000000 -13.48589702
10.58000000 -13.82227068
10.59000000 -14.16529034
10.60000000 -14.51489712
10.61000000 -14.87045272
10.62000000 -15.22964817
10.63000000 -15.58796898
10.64000000 -15.93803402
10.65000000 -16.26954242
10.66000000 -16.56880263
10.67000000 -16.81977366
10.68000000 -17.00440763
10.69000000 -17.10415514
10.70000000 -17.10104514
10.71000000 -16.97917368
10.72000000 -16.72555901
10.73000000 -16.33132051
10.74000000 -15.79202492
10.75000000 -15.10787180
10.76000000 -14.28325988
10.77000000 -13.32630644
10.78000000 -12.24751299
10.79000000 -11.05943533
10.80000000 -9.77537465
10.81000000 -8.40912730
10.82000000 -6.97392436
10.83000000 -5.48325829
10.84000000 -3.95075058
10.85000000 -2.39091502
10.86000000 -0.81927997
10.87000000 0.74607273
10.88000000 2.28465854
10.89000000 3.77317116
10.90000000 5.18627457
10.91000000 6.49662310
10.92000000 7.67647140
10.93000000 8.69897150
10.94000000 9.54031468
10.95000000 10.18071334
10.96000000 10.60645332
10.97000000 10.81072976
10.98000000 10.79458420
10.99000000 10.56659522
11.00000000 10.14261028
11.01000000 9.54461127
11.02000000 8.79924907
11.03000000 7.93579607
11.04000000 6.98488956
11.05000000 5.97637855
11.06000000 4.93823391
11.07000000 3.89502876
11.08000000 2.86798789
11.09000000 1.87451500
11.10000000 0.92855652
11.11000000 0.04074936
11.12000000 -0.78032451
11.13000000 -1.52798475
11.14000000 -2.19675036
11.15000000 -2.78236928
11.16000000 -3.28146246
11.17000000 -3.69205636
11.18000000 -4.01400638
11.19000000 -4.24962800
11.20000000 -4.40414313
11.21000000 -4.48612785
11.22000000 -4.50768689
11.23000000 -4.48413304
11.24000000 -4.43349142
11.25000000 -4.37546532
11.26000000 -4.33033464
11.27000000 -4.31743349
11.28000000 -4.35385773
11.29000000 -4.45308368
11.30000000 -4.62402881
11.31000000 -4.87026190
11.32000000 -5.18989032
11.33000000 -5.57567382
11.34000000 -6.01555758
11.35000000 -6.49363279
11.36000000 -6.99140023
11.37000000 -7.48867881
11.38000000 -7.96494707
11.39000000 -8.40040085
11.40000000 -8.77677046
11.41000000 -9.07770184
11.42000000 -9.28922267
11.43000000 -9.39977547
11.44000000 -9.40011045
11.45000000 -9.28309122
11.46000000 -9.04358374
11.47000000 -8.67827033
11.48000000 -8.18566223
11.49000000 -7.56625082
11.50000000 -6.82280416
11.51000000 -5.96060968
11.52000000 -4.98780286
11.53000000 -3.91601113
11.54000000 -2.76033493
11.55000000 -1.53961313
11.56000000 -0.27636299
11.57000000 1.00398347
11.58000000 2.27290914
11.59000000 3.50006992
11.60000000 4.65400012
11.61000000 5.70371864
11.62000000 6.61907375
11.63000000 7.37259682
11.64000000 7.94035988
11.65000000 8.30332947
11.66000000 8.44792596
11.67000000 8.36712416
11.68000000 8.06092887
11.69000000 7.53663450
11.70000000 6.80887930
11.71000000 5.89943516
11.72000000 4.83668558
11.73000000 3.65431770
11.74000000 2.39067596
11.75000000 1.08697044
11.76000000 -0.21421594
11.77000000 -1.47124128
11.78000000 -2.64444205
11.79000000 -3.69835984
11.80000000 -4.60310473
11.81000000 -5.33555277
11.82000000 -5.88033815
11.83000000 -6.22980395
11.84000000 -6.38414299
11.85000000 -6.35078545
11.86000000 -6.14339771
11.87000000 -5.78063841
11.88000000 -5.28486828
11.89000000 -4.68070631
11.90000000 -3.99358681
11.91000000 -3.24896734
11.92000000 -2.47132323
11.93000000 -1.68377767
11.94000000 -0.90756350
11.95000000 -0.16243147
11.96000000 0.53349600
11.97000000 1.16352975
11.98000000 1.71262716
11.99000000 2.16716380
12.00000000 2.51562639
12.01000000 2.74916416
12.02000000 2.86248514
12.03000000 2.85467418
12.04000000 2.73023958
12.05000000 2.49977445
12.06000000 2.18044365
12.07000000 1.79583310
12.08000000 1.37559669
12.09000000 0.95422290
12.10000000 0.56949820
12.11000000 0.26029699
12.12000000 0.06446760
12.13000000 0.01636242
12.14000000 0.14447505
12.15000000 0.46966231
12.16000000 1.00353653
12.17000000 1.74779410
12.18000000 2.69388752
12.19000000 3.82402459
12.20000000 5.11172939
12.21000000 6.52389277
12.22000000 8.02246109
12.23000000 9.56702187
12.24000000 11.11615262
12.25000000 12.62966610
12.26000000 14.06977145
12.27000000 15.40297574
12.28000000 16.59963173
12.29000000 17.63528130
12.30000000 18.49025423
12.31000000 19.14956714
12.32000000 19.60314844
12.33000000 19.84501107
12.34000000 19.87357207
12.35000000 19.69148862
12.36000000 19.30531121
12.37000000 18.72605796
12.38000000 17.96890445
12.39000000 17.05312736
12.40000000 16.00145125
12.41000000 14.84015971
12.42000000 13.59793881
12.43000000 12.30487361
12.44000000 10.99128091
12.45000000 9.68665867
12.46000000 8.41806763
12.47000000 7.20942333
12.48000000 6.07982907
12.49000000 5.04374032
12.50000000 4.11007449
12.51000000 3.28245887
12.52000000 2.55927077
12.53000000 1.93458835
12.54000000 1.39875209
12.55000000 0.93920013
12.56000000 0.54148028
12.57000000 0.18984731
12.58000000 -0.13175268
12.59000000 -0.43920377
12.60000000 -0.74770469
12.61000000 -1.07142303
12.62000000 -1.42295571
12.63000000 -1.81304854
12.64000000 -2.25012461
12.65000000 -2.73993724
12.66000000 -3.28491417
12.67000000 -3.88373642
12.68000000 -4.53091018
12.69000000 -5.21669677
12.70000000 -5.92675066
12.71000000 -6.64260800
12.72000000 -7.34214519
12.73000000 -8.00078821
12.74000000 -8.59244886
12.75000000 -9.09112131
12.76000000 -9.47251251
12.77000000 -9.71571041
12.78000000 -9.80453743
12.79000000 -9.72868176
12.80000000 -9.48466426
12.81000000 -9.07591928
12.82000000 -8.51284819
12.83000000 -7.81206549
12.84000000 -6.99532877
12.85000000 -6.08847108
12.86000000 -5.11942169
12.87000000 -4.11737752
12.88000000 -3.11105134
12.89000000 -2.12768749
12.90000000 -1.19190089
12.91000000 -0.32564241
12.92000000 0.45241934
12.93000000 1.12679541
12.94000000 1.68531354
12.95000000 2.11853620
12.96000000 2.41991117
12.97000000 2.58565554
12.98000000 2.61484285
12.99000000 2.50950344
13.00000000 2.27498039
13.01000000 1.92021054
13.02000000 1.45776369
13.03000000 0.90409959
13.04000000 0.27921140
13.05000000 -0.39385162
13.06000000 -1.09006379
13.07000000 -1.78318300
13.08000000 -2.44737593
13.09000000 -3.05866310
13.10000000 -3.59633706
13.11000000 -4.04450682
13.12000000 -4.39276689
13.13000000 -4.63716325
13.14000000 -4.78016253
13.15000000 -4.83050613
13.16000000 -4.80229346
13.17000000 -4.71379582
13.18000000 -4.58606822
13.19000000 -4.44125424
13.20000000 -4.30100249
13.21000000 -4.18494058
13.22000000 -4.10947321
13.23000000 -4.08687226
13.24000000 -4.12470721
13.25000000 -4.22579999
13.26000000 -4.38833058
13.27000000 -4.60646051
13.28000000 -4.87086526
13.29000000 -5.16960977
13.30000000 -5.48893392
13.31000000 -5.81413564
13.32000000 -6.12994154
13.33000000 -6.42133594
13.34000000 -6.67389467
13.35000000 -6.87405611
13.36000000 -7.00956007
13.37000000 -7.06956303
13.38000000 -7.04501273
13.39000000 -6.92888500
13.40000000 -6.71655586
13.41000000 -6.40615416
13.42000000 -5.99880902
13.43000000 -5.49904211
13.44000000 -4.91463510
13.45000000 -4.25694015
13.46000000 -3.54043721
13.47000000 -2.78247444
13.48000000 -2.00236153
13.49000000 -1.22100203
13.50000000 -0.45979103
13.51000000 0.26025466
13.52000000 0.91964894
13.53000000 1.50083813
13.54000000 1.98917074
13.55000000 2.37330478
13.56000000 2.64561953
13.57000000 2.80204283
13.58000000 2.84207763
13.59000000 2.76845489
13.60000000 2.58674498
13.61000000 2.30480682
13.62000000 1.93231492
13.63000000 1.48027083
13.64000000 0.96056599
13.65000000 0.38539522
13.66000000 -0.23282271
13.67000000 -0.88182692
13.68000000 -1.54973808
13.69000000 -2.22547118
13.70000000 -2.89857447
13.71000000 -3.55969761
13.72000000 -4.20057426
13.73000000 -4.81451539
13.74000000 -5.39613053
13.75000000 -5.94164436
13.76000000 -6.44879732
13.77000000 -6.91690516
13.78000000 -7.34645620
13.79000000 -7.73880414
13.80000000 -8.09588403
13.81000000 -8.41974658
13.82000000 -8.71189101
13.83000000 -8.97285711
13.84000000 -9.20179916
13.85000000 -9.39605122
13.86000000 -9.55101994
13.87000000 -9.66000463
13.88000000 -9.71433693
13.89000000 -9.70367514
13.90000000 -9.61639672
13.91000000 -9.44021933
13.92000000 -9.16280250
13.93000000 -8.77251347
13.94000000 -8.25903609
13.95000000 -7.61434257
13.96000000 -6.83311430
13.97000000 -5.91357726
13.98000000 -4.85756149
13.99000000 -3.67137506
14.00000000 -2.36571980
14.01000000 -0.95593108
14.02000000 0.53863064
14.03000000 2.09404910
14.04000000 3.68284933
14.05000000 5.27421413
14.06000000 6.83549919
14.07000000 8.33218539
14.08000000 9.72966953
14.09000000 10.99405277
14.10000000 12.09365242
14.11000000 13.00029832
14.12000000 13.69021899
14.13000000 14.14550018
14.14000000 14.35473048
14.15000000 14.31383023
14.16000000 14.02631388
14.17000000 13.50342810
14.18000000 12.76373357
14.19000000 11.83212761
14.20000000 10.73919716
14.21000000 9.51962028
14.22000000 8.21089589
14.23000000 6.85096444
14.24000000 5.47744015
14.25000000 4.12541307
14.26000000 2.82626393
14.27000000 1.60599760
14.28000000 0.48512584
14.29000000 -0.52231599
14.30000000 -1.40861070
14.31000000 -2.17244611
14.32000000 -2.81771862
14.33000000 -3.35297742
14.34000000 -3.79016661
14.35000000 -4.14330561
14.36000000 -4.42728526
14.37000000 -4.65634711
14.38000000 -4.84312099
14.39000000 -4.99758943
14.40000000 -5.12638696
14.41000000 -5.23230887
14.42000000 -5.31424259
14.43000000 -5.36722067
14.44000000 -5.38290932
14.45000000 -5.35022240
14.46000000 -5.25602886
14.47000000 -5.08619704
14.48000000 -4.82643857
14.49000000 -4.46337772
14.50000000 -3.98541310
14.51000000 -3.38360280
14.52000000 -2.65210277
14.53000000 -1.78897636
14.54000000 -0.79636488
14.55000000 0.31925699
14.56000000 1.54748084
14.57000000 2.87355773
14.58000000 4.27913488
14.59000000 5.74247120
14.60000000 7.23957250
14.61000000 8.74394022
14.62000000 10.22801265
14.63000000 11.66356381
14.64000000 13.02259246
14.65000000 14.27860326
14.66000000 15.40659771
14.67000000 16.38450536
14.68000000 17.19388582
14.69000000 17.82067677
14.70000000 18.25577194
14.71000000 18.49541353
14.72000000 18.54197641
14.73000000 18.40352621
14.74000000 18.09425830
14.75000000 17.63354824
14.76000000 17.04594029
14.77000000 16.35951162
14.78000000 15.60499898
14.79000000 14.81455869
14.80000000 14.01989679
14.81000000 13.25072602
14.82000000 12.53327478
14.83000000 11.88900842
14.84000000 11.33333084
14.85000000 10.87479124
14.86000000 10.51484203
14.87000000 10.24787326
14.88000000 10.06184630
14.89000000 9.93903236
14.90000000 9.85777818
14.91000000 9.79363473
14.92000000 9.72154521
14.93000000 9.61722103
14.94000000 9.45903668
14.95000000 9.22915432
14.96000000 8.91475571
14.97000000 8.50849996
14.98000000 8.00849788
14.99000000 7.41840383
15.00000000 6.74643278
15.01000000 6.00466822
15.02000000 5.20758559
15.03000000 4.37123384
15.04000000 3.51198548
15.05000000 2.64548844
15.06000000 1.78568770
15.07000000 0.94470117
15.08000000 0.13225088
15.09000000 -0.64429763
15.10000000 -1.38010923
15.11000000 -2.07226318
15.12000000 -2.71980692
15.13000000 -3.32347899
15.14000000 -3.88552875
15.15000000 -4.40984782
15.16000000 -4.90167188
15.17000000 -5.36780695
15.18000000 -5.81656595
15.19000000 -6.25777216
15.20000000 -6.70232835
15.21000000 -7.16182155
15.22000000 -7.64792304
15.23000000 -8.17160354
15.24000000 -8.74194285
15.25000000 -9.36531061
15.26000000 -10.04432804
15.27000000 -10.77739545
15.28000000 -11.55796581
15.29000000 -12.37492036
15.30000000 -13.21266638
15.31000000 -14.05276138
15.32000000 -14.87451992
15.33000000 -15.65701609
15.34000000 -16.38081755
15.35000000 -17.02977283
15.36000000 -17.59200855
15.37000000 -18.06123372
15.38000000 -18.43688789
15.39000000 -18.72396226
15.40000000 -18.93202587
15.41000000 -19.07360954
15.42000000 -19.16263949
15.43000000 -19.21179081
15.44000000 -19.23103110
15.45000000 -19.22561397
15.46000000 -19.19491175
15.47000000 -19.13174785
15.48000000 -19.02291211
15.49000000 -18.84992301
15.50000000 -18.59077444
15.51000000 -18.22212323
15.52000000 -17.72144253
15.53000000 -17.06958153
15.54000000 -16.25285652
15.55000000 -15.26443932
15.56000000 -14.10519640
15.57000000 -12.78404256
15.58000000 -11.31718406
15.59000000 -9.72697106
15.60000000 -8.03968974
15.61000000 -6.28442367
15.62000000 -4.49062586
15.63000000 -2.68663892
15.64000000 -0.89862871
15.65000000 0.85069342
15.66000000 2.54116565
15.67000000 4.15536860
15.68000000 5.67745043
15.69000000 7.09282856
15.70000000 8.38622093
15.71000000 9.54169013
15.72000000 10.54207043
15.73000000 11.36962803
15.74000000 12.00638392
15.75000000 12.43579866
15.76000000 12.64418504
15.77000000 12.62259062
15.78000000 12.36826913
15.79000000 11.88581625
15.80000000 11.18784447
15.81000000 10.29451164
15.82000000 9.23301672
15.83000000 8.03564813
15.84000000 6.73785576
15.85000000 5.37531971
15.86000000 3.98222241
15.87000000 2.58859494
15.88000000 1.21886938
15.89000000 -0.10889560
15.90000000 -1.38347838
15.91000000 -2.59895717
15.92000000 -3.75374989
15.93000000 -4.84837113
15.94000000 -5.88371890
15.95000000 -6.85839503
15.96000000 -7.76755731
15.97000000 -8.60164496
15.98000000 -9.34669027
15.99000000 -9.98426090
16.00000000 -10.49341426
16.01000000 -10.85247532
16.02000000 -11.04123320
16.03000000 -11.04335377
16.04000000 -10.84831460
16.05000000 -10.45268221
16.06000000 -9.86102819
16.07000000 -9.08564967
16.08000000 -8.14571088
16.09000000 -7.06564838
16.10000000 -5.87325900
16.11000000 -4.59776786
16.12000000 -3.26689533
16.13000000 -1.90676028
16.14000000 -0.53987840
16.15000000 0.81494273
16.16000000 2.14225674
16.17000000 3.42919209
16.18000000 4.66415442
16.19000000 5.83569575
16.20000000 6.93114724
16.21000000 7.93667914
16.22000000 8.83619861
16.23000000 9.61250596
16.24000000 10.24835959
16.25000000 10.72827875
16.26000000 11.04011345
16.27000000 11.17735497
16.28000000 11.14044785
16.29000000 10.93769094
16.30000000 10.58572555
16.31000000 10.10868027
16.32000000 9.53651153
16.33000000 8.90304931
16.34000000 8.24302500
16.35000000 7.58913649
16.36000000 6.96968064
16.37000000 6.40555035
16.38000000 5.90966500
16.39000000 5.48594829
16.40000000 5.12975153
16.41000000 4.82932576
16.42000000 4.56783132
16.43000000 4.32580644
16.44000000 4.08388706
16.45000000 3.82519742
16.46000000 3.53702223
16.47000000 3.21242016
16.48000000 2.85037094
16.49000000 2.45534004
16.50000000 2.03630722
16.51000000 1.60506202
16.52000000 1.17447687
16.53000000 0.75680628
16.54000000 0.36193117
16.55000000 -0.00310498
16.56000000 -0.33480381
16.57000000 -0.63284711
16.58000000 -0.89937391
16.59000000 -1.13788041
16.60000000 -1.35204574
16.61000000 -1.54457309
16.62000000 -1.71656183
16.63000000 -1.86696875
16.64000000 -1.99292673
16.65000000 -2.09036696
16.66000000 -2.15506377
16.67000000 -2.18382885
16.68000000 -2.17561322
16.69000000 -2.13249026
16.70000000 -2.06005192
16.71000000 -1.96722740
16.72000000 -1.86569057
16.73000000 -1.76849016
16.74000000 -1.68854345
16.75000000 -1.63680055
16.76000000 -1.62065726
16.77000000 -1.64270134
16.78000000 -1.69999467
16.79000000 -1.78415078
16.80000000 -1.88209376
16.81000000 -1.97751487
16.82000000 -2.05278177
16.83000000 -2.09114385
16.84000000 -2.07882794
16.85000000 -2.00679921
16.86000000 -1.87189248
16.87000000 -1.67708488
16.88000000 -1.43112951
16.89000000 -1.14714486
16.90000000 -0.84072134
16.91000000 -0.52759434
16.92000000 -0.22120764
16.93000000 0.06932614
16.94000000 0.34088163
16.95000000 0.59701565
16.96000000 0.84807357
16.97000000 1.10993974
16.98000000 1.40248684
16.99000000 1.74718548
17.00000000 2.16462213
17.01000000 2.67197465
17.02000000 3.28103046
17.03000000 3.99644850
17.04000000 4.81583864
17.05000000 5.72887048
17.06000000 6.71895847
17.07000000 7.76451732
17.08000000 8.84095962
17.09000000 9.92251602
17.10000000 10.98424649
17.11000000 12.00305080
17.12000000 12.95938841
17.13000000 13.83629681
17.14000000 14.61993764
17.15000000 15.29881461
17.16000000 15.86253371
17.17000000 16.30136827
17.18000000 16.60535016
17.19000000 16.76408352
17.20000000 16.76733462
17.21000000 16.60553922
17.22000000 16.27114019
17.23000000 15.76004809
17.24000000 15.07315766
17.25000000 14.21754778
17.26000000 13.20697379
17.27000000 12.06212421
17.28000000 10.81014869
17.29000000 9.48201163
17.30000000 8.11211236
17.31000000 6.73474311
17.32000000 5.38186096
17.33000000 4.08073300
17.34000000 2.85210104
17.35000000 1.70905546
17.36000000 0.65697897
17.37000000 -0.30652180
17.38000000 -1.18899730
17.39000000 -2.00192538
17.40000000 -2.75810884
17.41000000 -3.46929146
17.42000000 -4.14409743
17.43000000 -4.78651477
17.44000000 -5.39517833
17.45000000 -5.96337661
17.46000000 -6.48038724
17.47000000 -6.93242425
17.48000000 -7.30506628
17.49000000 -7.58522597
17.50000000 -7.76320531
17.51000000 -7.83420267
17.52000000 -7.79920918
17.53000000 -7.66522496
17.54000000 -7.44460641
17.55000000 -7.15405281
17.56000000 -6.81284635
17.57000000 -6.44106379
17.58000000 -6.05782676
17.59000000 -5.67980342
17.60000000 -5.32018537
17.61000000 -4.98840454
17.62000000 -4.68994246
17.63000000 -4.42743891
17.64000000 -4.20146826
17.65000000 -4.01172927
17.66000000 -3.85820422
17.67000000 -3.74189869
17.68000000 -3.66538431
17.69000000 -3.63268679
17.70000000 -3.64879304
17.71000000 -3.71876194
17.72000000 -3.84667722
17.73000000 -4.03455329
17.74000000 -4.28134538
17.75000000 -4.58248957
17.76000000 -4.92981093
17.77000000 -5.31195823
17.78000000 -5.71527485
17.79000000 -6.12545678
17.80000000 -6.52846835
17.81000000 -6.91231079
17.82000000 -7.26817919
17.83000000 -7.59117346
17.84000000 -7.88050728
17.85000000 -8.13907102
17.86000000 -8.37255831
17.87000000 -8.58818796
17.88000000 -8.79309320
17.89000000 -8.99281095
17.90000000 -9.19011752
17.91000000 -9.38421550
17.92000000 -9.57059184
17.93000000 -9.74135957
17.94000000 -9.88647421
17.95000000 -9.99497725
17.96000000 -10.05695967
17.97000000 -10.06502566
17.98000000 -10.01594133
17.99000000 -9.91143575
18.00000000 -9.75847106
18.01000000 -9.56908013
18.02000000 -9.35907327
18.03000000 -9.14639001
18.04000000 -8.94924178
18.05000000 -8.78399494
18.06000000 -8.66325598
18.07000000 -8.59442938
18.08000000 -8.57880147
18.09000000 -8.61143817
18.10000000 -8.68177378
18.11000000 -8.77472975
18.12000000 -8.87259330
18.13000000 -8.95675098
18.14000000 -9.00966846
18.15000000 -9.01642776
18.16000000 -8.96616981
18.17000000 -8.85247850
18.18000000 -8.67339476
18.19000000 -8.43089494
18.20000000 -8.12992778
18.21000000 -7.77670282
18.22000000 -7.37790311
18.23000000 -6.93906147
18.24000000 -6.46389292
18.25000000 -5.95377008
18.26000000 -5.40782426
18.27000000 -4.82346131
18.28000000 -4.19722548
18.29000000 -3.52546326
18.30000000 -2.80592183
18.31000000 -2.03814659
18.32000000 -1.22412993
18.33000000 -0.36838636
18.34000000 0.52236840
18.35000000 1.43987251
18.36000000 2.37506737
18.37000000 3.31986463
18.38000000 4.26686200
18.39000000 5.21082564
18.40000000 6.14860576
18.41000000 7.07912425
18.42000000 8.00251229
18.43000000 8.91928133
18.44000000 9.82894829
18.45000000 10.72858378
18.46000000 11.61249736
18.47000000 12.47032617
18.48000000 13.28751213
18.49000000 14.04547222
18.50000000 14.72255021
18.51000000 15.29538963
18.52000000 15.74076562
18.53000000 16.03731368
18.54000000 16.16791919
18.55000000 16.12083996
18.56000000 15.89094156
18.57000000 15.48038977
18.58000000 14.89848786
18.59000000 14.16072848
18.60000000 13.28786073
18.61000000 12.30436946
18.62000000 11.23596256
18.63000000 10.10895219
18.64000000 8.94822506
18.65000000 7.77635951
18.66000000 6.61297804
18.67000000 5.47470261
18.68000000 4.37545823
18.69000000 3.32712622
18.70000000 2.34056674
18.71000000 1.42548741
18.72000000 0.59238829
18.73000000 -0.14805206
18.74000000 -0.78460090
18.75000000 -1.30597418
18.76000000 -1.70142405
18.77000000 -1.96163774
18.78000000 -2.07969097
18.79000000 -2.05203021
18.80000000 -1.87905753
18.81000000 -1.56574869
18.82000000 -1.12171890
18.83000000 -0.56099478
18.84000000 0.09845488
18.85000000 0.83556189
18.86000000 1.62686889
18.87000000 2.44808119
18.88000000 3.27409247
18.89000000 4.08035510
18.90000000 4.84334568
18.91000000 5.54092055
18.92000000 6.15280258
18.93000000 6.66058616
18.94000000 7.04802124
18.95000000 7.30144696
18.96000000 7.40966831
18.97000000 7.36459589
18.98000000 7.16172001
18.99000000 6.80038118
19.00000000 6.28439580
19.01000000 5.62210530
19.02000000 4.82653736
19.03000000 3.91525008
19.04000000 2.90899793
19.05000000 1.83207670
19.06000000 0.71029303
19.07000000 -0.42992663
19.08000000 -1.56287200
19.09000000 -2.66473362
19.10000000 -3.71446109
19.11000000 -4.69420011
19.12000000 -5.59009682
19.13000000 -6.39111955
19.14000000 -7.08911134
19.15000000 -7.67794967
19.16000000 -8.15263566
19.17000000 -8.50844458
19.18000000 -8.74046518
19.19000000 -8.84334685
19.20000000 -8.81143603
19.21000000 -8.63931488
19.22000000 -8.32281139
19.23000000 -7.86017884
19.24000000 -7.25314667
19.25000000 -6.50825809
19.26000000 -5.63745737
19.27000000 -4.65852008
19.28000000 -3.59507190
19.29000000 -2.47485006
19.30000000 -1.32965511
19.31000000 -0.19275656
19.32000000 0.90292247
19.33000000 1.92688624
19.34000000 2.85285380
19.35000000 3.66032590
19.36000000 4.33528052
19.37000000 4.87106444
19.38000000 5.26719467
19.39000000 5.52899368
19.40000000 5.66619497
19.41000000 5.69125844
19.42000000 5.61790934
19.43000000 5.45969171
19.44000000 5.22897543
19.45000000 4.93622751
19.46000000 4.59027457
19.47000000 4.19841331
19.48000000 3.76738185
19.49000000 3.30427670
19.50000000 2.81747258
19.51000000 2.31744924
19.52000000 1.81727595
19.53000000 1.33265639
19.54000000 0.88103372
19.55000000 0.48117271
19.56000000 0.15158836
19.57000000 -0.09099952
19.58000000 -0.23305312
19.59000000 -0.26553842
19.60000000 -0.18480069
19.61000000 0.00702701
19.62000000 0.30233462
19.63000000 0.68853956
19.64000000 1.14942954
19.65000000 1.66648261
19.66000000 2.22044403
19.67000000 2.79283079
19.68000000 3.36695763
19.69000000 3.92854101
19.70000000 4.46636281
19.71000000 4.97131072
19.72000000 5.43615130
19.73000000 5.85433383
19.74000000 6.21902315
19.75000000 6.52226517
19.76000000 6.75422754
19.77000000 6.90311727
19.78000000 6.95570014
19.79000000 6.89797713
19.80000000 6.71671822
19.81000000 6.40092300
19.82000000 5.94359709
19.83000000 5.34312505
19.84000000 4.60437474
19.85000000 3.73918140
19.86000000 2.76626764
19.87000000 1.70964164
19.88000000 0.59800530
19.89000000 -0.53787797
19.90000000 -1.66751686
19.91000000 -2.76285673
19.92000000 -3.80042536
19.93000000 -4.76278474
19.94000000 -5.63928033
19.95000000 -6.42672023
19.96000000 -7.12762051
19.97000000 -7.74954898
19.98000000 -8.30309593
19.99000000 -8.79979743
20.00000000 -9.25003669
