0.02000000 -0.02671784
0.03000000 -0.03759369
0.04000000 -0.04645448
0.05000000 -0.05663620
0.06000000 -0.06522551
0.07000000 -0.07367999
0.08000000 -0.08158066
0.09000000 -0.08978425
0.09999999 -0.09833093
0.11000000 -0.10766058
0.12000000 -0.11791151
0.13000000 -0.12907265
0.14000000 -0.14098440
0.15000000 -0.15336273
0.16000000 -0.16582388
0.17000000 -0.17803682
0.18000000 -0.18962513
0.19000000 -0.20039628
0.20000000 -0.21023262
0.21000000 -0.21923125
0.22000000 -0.22758957
0.23000000 -0.23564748
0.24000000 -0.24378659
0.25000000 -0.25238158
0.26000000 -0.26172642
0.27000000 -0.27199818
0.28000000 -0.28320512
0.29000000 -0.29520710
0.30000000 -0.30771150
0.31000000 -0.32034659
0.32000000 -0.33269502
0.33000000 -0.34439655
0.34000000 -0.35518281
0.35000000 -0.36494245
0.36000000 -0.37373830
0.37000000 -0.38179810
0.38000000 -0.38948286
0.39000000 -0.39722233
0.40000000 -0.40545166
0.41000000 -0.41453528
0.42000000 -0.42469563
0.43000000 -0.43598308
0.44000000 -0.44825573
0.45000000 -0.46119833
0.46000000 -0.47438081
0.47000000 -0.48731088
0.48000000 -0.49953180
0.49000000 -0.51069078
0.50000000 -0.52061178
0.51000000 -0.52931313
0.52000000 -0.53702250
0.53000000 -0.54415044
0.54000000 -0.55120305
0.55000000 -0.55872461
0.56000000 -0.56718909
0.57000000 -0.57692887
0.58000000 -0.58806970
0.59000000 -0.60050561
0.60000000 -0.61389944
0.61000000 -0.62775593
0.62000000 -0.64146774
0.63000000 -0.65444308
0.64000000 -0.66620085
0.65000000 -0.67643362
0.66000000 -0.68509670
0.67000000 -0.69240782
0.68000000 -0.69882409
0.69000000 -0.70497062
0.70000000 -0.71154850
0.71000000 -0.71921004
0.72000000 -0.72845509
0.73000000 -0.73953104
0.74000000 -0.75239025
0.75000000 -0.76666859
0.76000000 -0.78174830
0.77000000 -0.79683949
0.78000000 -0.81111116
0.79000000 -0.82382733
0.80000000 -0.83447926
0.81000000 -0.84287043
0.82000000 -0.84919214
0.83000000 -0.85398935
0.84000000 -0.85809735
0.85000000 -0.86252989
0.86000000 -0.86830724
0.87000000 -0.87629434
0.88000000 -0.88704588
0.89000000 -0.90069293
0.90000000 -0.91689428
0.91000000 -0.93485965
0.92000000 -0.95343313
0.93000000 -0.97127180
0.94000000 -0.98701392
0.95000000 -0.99952168
0.96000000 -1.00803139
0.97000000 -1.01229745
0.98000000 -1.01265876
0.98999990 -1.00997600
1.00000000 -1.00554851
1.01000000 -1.00088278
1.02000000 -0.99746147
1.03000000 -0.99650788
1.04000000 -0.99874119
1.05000000 -1.00424801
1.06000000 -1.01240561
1.07000000 -1.02194991
1.08000000 -1.03114863
1.09000000 -1.03805328
1.10000000 -1.04082631
1.11000000 -1.03807516
1.12000000 -1.02912817
1.13000000 -1.01428032
1.14000000 -0.99483030
1.15000000 -0.97306131
1.16000000 -0.95199121
1.17000000 -0.93504995
1.18000000 -0.92564381
1.19000000 -0.92668243
1.20000000 -0.94014363
1.21000000 -0.96672571
1.22000000 -1.00564841
1.23000000 -1.05463090
1.24000000 -1.11007482
1.25000000 -1.16741994
1.26000000 -1.22165693
1.27000000 -1.26789049
1.28000000 -1.30196353
1.29000000 -1.32095323
1.30000000 -1.32357775
1.31000000 -1.31037552
1.32000000 -1.28367655
1.33000000 -1.24733430
1.34000000 -1.20628202
1.35000000 -1.16591495
1.36000000 -1.13145612
1.37000000 -1.10729592
1.38000000 -1.09645680
1.39000000 -1.10025626
1.40000000 -1.11814778
1.41000000 -1.14786058
1.42000000 -1.18571392
1.43000000 -1.22715434
1.44000000 -1.26739207
1.45000000 -1.30207183
1.46000000 -1.32785248
1.47000000 -1.34286904
1.48000000 -1.34699514
1.49000000 -1.34180344
1.50000000 -1.33034475
1.51000000 -1.31669345
1.52000000 -1.30529348
1.53000000 -1.30032713
1.54000000 -1.30503735
1.55000000 -1.32119609
1.56000000 -1.34878178
1.57000000 -1.38588719
1.58000000 -1.42890346
1.59000000 -1.47295059
1.60000000 -1.51252848
1.61000000 -1.54229739
1.62000000 -1.55785188
1.63000000 -1.55646340
1.64000000 -1.53765661
1.65000000 -1.50352350
1.66000000 -1.45878106
1.67000000 -1.41050726
1.68000000 -1.36761023
1.69000000 -1.34005773
1.70000000 -1.33799477
1.71000000 -1.37077435
1.72000000 -1.44606481
1.73000000 -1.56909585
1.74000000 -1.74209098
1.75000000 -1.96404786
1.76000000 -2.23069823
1.77000000 -2.53484171
1.78000000 -2.86688567
1.79000000 -3.21555246
1.80000000 -3.56873694
1.81000000 -3.91432684
1.82000000 -4.24109224
1.83000000 -4.53931401
1.84000000 -4.80138810
1.85000000 -5.02215011
1.86000000 -5.19902573
1.87000000 -5.33196160
1.88000000 -5.42318932
1.89000000 -5.47691095
1.90000000 -5.49871529
1.91000000 -5.49512787
1.92000000 -5.47295160
1.93000000 -5.43887788
1.94000000 -5.39886283
1.95000000 -5.35782310
1.96000000 -5.31935206
1.97000000 -5.28554025
1.98000000 -5.25698010
1.99000000 -5.23285210
2.00000000 -5.21115608
2.01000000 -5.18907487
2.02000000 -5.16330796
2.03000000 -5.13061502
2.04000000 -5.08811141
2.05000000 -5.03377749
2.06000000 -4.96669350
2.07000000 -4.88721137
2.08000000 -4.79700212
2.09000000 -4.69881245
2.10000000 -4.59634316
2.11000000 -4.49359117
2.12000000 -4.39452385
2.13000000 -4.30245549
2.14000000 -4.21955959
2.15000000 -4.14656297
2.16000000 -4.08245430
2.17000000 -4.02454773
2.18000000 -3.96869263
2.19000000 -3.90969875
2.20000000 -3.84203630
2.21000000 -3.76044091
2.22000000 -3.66072898
2.23000000 -3.54046429
2.24000000 -3.39942583
2.25000000 -3.23989230
2.26000000 -3.06662531
2.27000000 -2.88649272
2.28000000 -2.70788821
2.29000000 -2.53991368
2.30000000 -2.39138133
2.31000000 -2.26983491
2.32000000 -2.18074389
2.33000000 -2.12675432
2.34000000 -2.10744372
2.35000000 -2.11923127
2.36000000 -2.15579908
2.37000000 -2.20878803
2.38000000 -2.26869183
2.39000000 -2.32599886
2.40000000 -2.37221284
2.41000000 -2.40080604
2.42000000 -2.40790281
2.43000000 -2.39262240
2.44000000 -2.35701922
2.45000000 -2.30562280
2.46000000 -2.24467105
2.47000000 -2.18108490
2.48000000 -2.12125593
2.49000000 -2.06998265
2.50000000 -2.02945879
2.51000000 -1.99855229
2.52000000 -1.97248076
2.53000000 -1.94287538
2.54000000 -1.89819130
2.55000000 -1.82445837
2.56000000 -1.70635027
2.57000000 -1.52822220
2.58000000 -1.27527033
2.59000000 -0.93450032
2.60000000 -0.49554477
2.61000000 0.04890267
2.62000000 0.70277074
2.63000000 1.46672375
2.64000000 2.33835009
2.65000000 3.31255322
2.66000000 4.38196424
2.67000000 5.53718143
2.68000000 6.76711345
2.69000000 8.05909332
2.70000000 9.39860594
2.71000000 10.76942517
2.72000000 12.15334072
2.73000000 13.52978848
2.74000000 14.87627509
2.75000000 16.16830501
2.76000000 17.37997598
2.77000000 18.48472945
2.78000000 19.45644528
2.79000000 20.27055729
2.80000000 20.90550055
2.81000000 21.34379151
2.82000000 21.57339586
2.83000000 21.58829022
2.84000000 21.38921769
2.85000000 20.98350016
2.86000000 20.38477387
2.87000000 19.61199583
2.88000000 18.68877204
2.89000000 17.64137048
2.90000000 16.49780728
2.91000000 15.28614754
2.92000000 14.03348445
2.93000000 12.76460120
2.94000000 11.50161920
2.95000000 10.26323738
2.96000000 9.06495093
2.97000000 7.91884429
2.98000000 6.83399246
2.99000000 5.81693337
3.00000000 4.87188862
3.01000000 4.00120523
3.02000000 3.20560838
3.03000000 2.48443002
3.04000000 1.83569039
3.05000000 1.25619950
3.06000000 0.74174516
3.07000000 0.28710432
3.08000000 -0.11358871
3.09000000 -0.46666664
3.10000000 -0.77847282
3.11000000 -1.05499449
3.12000000 -1.30150493
3.13000000 -1.52218165
3.14000000 -1.71999613
3.15000000 -1.89666502
3.16000000 -2.05282340
3.17000000 -2.18842713
3.18000000 -2.30318277
3.19000000 -2.39718975
3.20000000 -2.47149848
3.21000000 -2.52856449
3.22000000 -2.57258016
3.23000000 -2.60951325
3.24000000 -2.64688289
3.25000000 -2.69328397
3.26000000 -2.75768532
3.27000000 -2.84851859
3.28000000 -2.97282986
3.29000000 -3.13539147
3.30000000 -3.33811057
3.31000000 -3.57961632
3.32000000 -3.85525699
3.33000000 -4.15742701
3.34000000 -4.47618927
3.35000000 -4.80025955
3.36000000 -5.11793689
3.37000000 -5.41826373
3.38000000 -5.69198632
3.39000000 -5.93214468
3.40000000 -6.13474154
3.41000000 -6.29854736
3.42000000 -6.42493204
3.43000000 -6.51729260
3.44000000 -6.58027826
3.45000000 -6.61882550
3.46000000 -6.63740620
3.47000000 -6.63937558
3.48000000 -6.62644178
3.49000000 -6.59864200
3.50000000 -6.55450788
3.51000000 -6.49148300
3.52000000 -6.40661364
3.53000000 -6.29728615
3.54000000 -6.16197144
3.55000000 -6.00069311
3.56000000 -5.81547202
3.57000000 -5.61035539
3.58000000 -5.39110322
3.59000000 -5.16477127
3.60000000 -4.93897407
3.61000000 -4.72102070
3.62000000 -4.51721177
3.63000000 -4.33216082
3.64000000 -4.16836061
3.65000000 -4.02595690
3.66000000 -3.90292446
3.67000000 -3.79538914
3.68000000 -3.69818487
3.69000000 -3.60551496
3.70000000 -3.51162020
3.71000000 -3.41135826
3.72000000 -3.30054110
3.73000000 -3.17617015
3.74000000 -3.03630571
3.75000000 -2.87982558
3.76000000 -2.70605797
3.77000000 -2.51426200
3.78000000 -2.30328469
3.79000000 -2.07124940
3.80000000 -1.81549569
3.81000000 -1.53274312
3.82000000 -1.21946157
3.83000000 -0.87243837
3.84000000 -0.48945021
3.85000000 -0.06991553
3.86000000 0.38453662
3.87000000 0.86972372
3.88000000 1.37878262
3.89000000 1.90242268
3.90000000 2.42939910
3.91000000 2.94724140
3.92000000 3.44314754
3.93000000 3.90491109
3.94000000 4.32172347
3.95000000 4.68484085
3.96000000 4.98800813
3.97000000 5.22747202
3.98000000 5.40184524
3.99000000 5.51153732
4.00000000 5.55831385
4.01000000 5.54444333
4.02000000 5.47220580
4.03000000 5.34341004
4.04000000 5.15924452
4.05000000 4.92032918
4.06000000 4.62700707
4.07000000 4.28004411
4.08000000 3.88104675
4.09000000 3.43330333
4.10000000 2.94201768
4.11000000 2.41476789
4.12000000 1.86124733
4.13000000 1.29278657
4.14000000 0.72171368
4.15000000 0.16012629
4.16000000 -0.38107114
4.17000000 -0.89343127
4.18000000 -1.37173247
4.19000000 -1.81474314
4.20000000 -2.22520227
4.21000000 -2.60966676
4.22000000 -2.97759199
4.23000000 -3.34026815
4.24000000 -3.70933573
4.25000000 -4.09538154
4.26000000 -4.50646143
4.27000000 -4.94716763
4.28000000 -5.41778706
4.29000000 -5.91439225
4.30000000 -6.42907879
4.31000000 -6.95101910
4.32000000 -7.46748583
4.33000000 -7.96573125
4.34000000 -8.43405440
4.35000000 -8.86342626
4.36000000 -9.24820266
4.37000000 -9.58667291
4.38000000 -9.88114786
4.39000000 -10.13697940
4.40000000 -10.36199005
4.41000000 -10.56470804
4.42000000 -10.75325922
4.43000000 -10.93373077
4.44000000 -11.10936701
4.45000000 -11.27960627
4.46000000 -11.44020411
4.47000000 -11.58328432
4.48000000 -11.69851695
4.49000000 -11.77403070
4.50000000 -11.79787226
4.51000000 -11.75963598
4.52000000 -11.65137414
4.53000000 -11.46863460
4.54000000 -11.21095037
4.55000000 -10.88167388
4.56000000 -10.48744594
4.57000000 -10.03723991
4.58000000 -9.54109604
4.59000000 -9.00875603
4.60000000 -8.44828143
4.61000000 -7.86506764
4.62000000 -7.26107360
4.63000000 -6.63447402
4.64000000 -5.97997688
4.65000000 -5.28930522
4.66000000 -4.55231097
4.67000000 -3.75807467
4.68000000 -2.89636487
4.69000000 -1.95859848
4.70000000 -0.93926206
4.71000000 0.16372771
4.72000000 1.34822768
4.73000000 2.60820360
4.74000000 3.93357151
4.75000000 5.31120673
4.76000000 6.72511837
4.77000000 8.15777849
4.78000000 9.59035146
4.79000000 11.00379630
4.80000000 12.37906886
4.81000000 13.69784122
4.82000000 14.94255804
4.83000000 16.09670702
4.84000000 17.14466001
4.85000000 18.07244067
4.86000000 18.86711770
4.87000000 19.51756259
4.88000000 20.01418170
4.89000000 20.34995539
4.90000000 20.52011392
4.91000000 20.52252724
4.92000000 20.35848573
4.93000000 20.03206709
4.94000000 19.55044575
4.95000000 18.92389945
4.96000000 18.16501702
4.97000000 17.28862802
4.98000000 16.31088065
4.99000000 15.24922426
5.00000000 14.12128717
5.01000000 12.94489669
5.02000000 11.73721221
5.03000000 10.51495913
5.04000000 9.29371558
5.05000000 8.08824180
5.06000000 6.91201874
5.07000000 5.77751303
5.08000000 4.69565721
5.09000000 3.67613852
5.10000000 2.72673494
5.11000000 1.85354155
5.12000000 1.06031517
5.13000000 0.34861724
5.14000000 -0.28243185
5.15000000 -0.83613662
5.16000000 -1.31789539
5.17000000 -1.73500504
5.18000000 -2.09594916
5.19000000 -2.40992796
5.20000000 -2.68597419
5.21000000 -2.93246230
5.22000000 -3.15630461
5.23000000 -3.36262495
5.24000000 -3.55444681
5.25000000 -3.73268994
5.26000000 -3.89635040
5.27000000 -4.04301205
5.28000000 -4.16923337
5.29000000 -4.27139016
5.30000000 -4.34609396
5.31000000 -4.39083262
5.32000000 -4.40429839
5.33000000 -4.38654387
5.34000000 -4.33893137
5.35000000 -4.26378017
5.36000000 -4.16406170
5.37000000 -4.04273695
5.38000000 -3.90228136
5.39000000 -3.74419800
5.40000000 -3.56856624
5.41000000 -3.37405340
5.42000000 -3.15777933
5.43000000 -2.91575536
5.44000000 -2.64320480
5.45000000 -2.33523235
5.46000000 -1.98739950
5.47000000 -1.59645618
5.48000000 -1.16070699
5.49000000 -0.68059366
5.50000000 -0.15871783
5.51000000 0.39997865
5.52000000 0.98860619
5.53000000 1.59841440
5.54000000 2.21950452
5.55000000 2.84107193
5.56000000 3.45215189
5.57000000 4.04177743
5.58000000 4.59959901
5.59000000 5.11588532
5.60000000 5.58185930
5.61000000 5.98959713
5.62000000 6.33212464
5.63000000 6.60333785
5.64000000 6.79796122
5.65000000 6.91158316
5.66000000 6.94067506
5.67000000 6.88268282
5.68000000 6.73619182
5.69000000 6.50097614
5.70000000 6.17824414
5.71000000 5.77055006
5.72000000 5.28206411
5.73000000 4.71823190
5.74000000 4.08592063
5.75000000 3.39295688
5.76000000 2.64810060
5.77000000 1.86049757
5.78000000 1.03969923
5.79000000 0.19501194
5.80000000 -0.66434518
5.81000000 -1.52977712
5.82000000 -2.39308298
5.83000000 -3.24683528
5.84000000 -4.08407981
5.85000000 -4.89861233
5.86000000 -5.68465273
5.87000000 -6.43711238
5.88000000 -7.15125861
5.89000000 -7.82304011
5.90000000 -8.44876627
5.91000000 -9.02525971
5.92000000 -9.54995496
5.93000000 -10.02052887
5.94000000 -10.43518331
5.95000000 -10.79223787
5.96000000 -11.09024269
5.97000000 -11.32761767
5.98000000 -11.50279706
5.99000000 -11.61390266
6.00000000 -11.65873956
6.01000000 -11.63495520
6.02000000 -11.54005593
6.03000000 -11.37152847
6.04000000 -11.12712334
6.05000000 -10.80498424
6.06000000 -10.40397446
6.07000000 -9.92393200
6.08000000 -9.36543946
6.09000000 -8.73032405
6.10000000 -8.02121553
6.11000000 -7.24176271
6.12000000 -6.39616953
6.13000000 -5.48932959
6.14000000 -4.52636910
6.15000000 -3.51283688
6.16000000 -2.45456970
6.17000000 -1.35770554
6.18000000 -0.22913148
6.19000000 0.92363993
6.20000000 2.09176546
6.21000000 3.26530041
6.22000000 4.43254665
6.23000000 5.58047689
6.24000000 6.69451639
6.25000000 7.75915708
6.26000000 8.75811060
6.27000000 9.67530007
6.28000000 10.49525104
6.29000000 11.20404181
6.30000000 11.78970627
6.31000000 12.24306781
6.32000000 12.55773092
6.33000000 12.73048897
6.34000000 12.76097620
6.35000000 12.65153443
6.36000000 12.40669112
6.37000000 12.03268861
6.38000000 11.53700877
6.39000000 10.92791819
6.40000000 10.21421621
6.41000000 9.40506887
6.42000000 8.51014355
6.43000000 7.53978926
6.44000000 6.50507933
6.45000000 5.41843076
6.46000000 4.29327794
6.47000000 3.14456270
6.48000000 1.98808363
6.49000000 0.84042558
6.50000000 -0.28205548
6.51000000 -1.36360503
6.52000000 -2.39036646
6.53000000 -3.35071886
6.54000000 -4.23634515
6.55000000 -5.04219102
6.56000000 -5.76686440
6.57000000 -6.41200787
6.58000000 -6.98190825
6.59000000 -7.48229607
6.60000000 -7.91953890
6.61000000 -8.29927876
6.62000000 -8.62570076
6.63000000 -8.90057146
6.64000000 -9.12319502
6.65000000 -9.29023140
6.66000000 -9.39630736
6.67000000 -9.43498892
6.68000000 -9.39974613
6.69000000 -9.28536540
6.70000000 -9.08896470
6.71000000 -8.81096703
6.72000000 -8.45574727
6.73000000 -8.03161333
6.74000000 -7.55060556
6.75000000 -7.02730077
6.76000000 -6.47820524
6.77000000 -5.91976692
6.78000000 -5.36743913
6.79000000 -4.83417106
6.80000000 -4.32968421
6.81000000 -3.85982283
6.82000000 -3.42684581
6.83000000 -3.02958584
6.84000000 -2.66475588
6.85000000 -2.32779720
6.86000000 -2.01443002
6.87000000 -1.72162427
6.88000000 -1.44873821
6.89000000 -1.19787009
6.90000000 -0.97410226
6.91000000 -0.78496304
6.92000000 -0.63968201
6.93000000 -0.54808273
6.94000000 -0.51931671
6.95000000 -0.56068251
6.96000000 -0.67663973
6.97000000 -0.86817380
6.98000000 -1.13263251
6.99000000 -1.46388656
7.00000000 -1.85312949
7.01000000 -2.28962685
7.02000000 -2.76197779
7.03000000 -3.25903151
7.04000000 -3.77089714
7.05000000 -4.28935253
7.06000000 -4.80822247
7.07000000 -5.32291247
7.08000000 -5.83010049
7.09000000 -6.32668870
7.10000000 -6.80910861
7.11000000 -7.27235150
7.12000000 -7.70941211
7.13000000 -8.11102959
7.14000000 -8.46584962
7.15000000 -8.76086460
7.16000000 -8.98243294
7.17000000 -9.11730074
7.18000000 -9.15373423
7.19000000 -9.08258550
7.20000000 -8.89793429
7.21000000 -8.59757939
7.22000000 -8.18273433
7.23000000 -7.65742618
7.24000000 -7.02776237
7.25000000 -6.30037291
7.26000000 -5.48155242
7.27000000 -4.57587949
7.28000000 -3.58580324
7.29000000 -2.51106634
7.30000000 -1.34949054
7.31000000 -0.09738900
7.32000000 1.24862144
7.33000000 2.69048327
7.34000000 4.22642198
7.35000000 5.85011696
7.36000000 7.54884534
7.37000000 9.30365588
7.38000000 11.08895041
7.39000000 12.87391231
7.40000000 14.62364904
7.41000000 16.30161008
7.42000000 17.87149283
7.43000000 19.30000291
7.44000000 20.55875284
7.45000000 21.62555427
7.46000000 22.48590337
7.47000000 23.13261508
7.48000000 23.56563757
7.49000000 23.79077663
7.50000000 23.81812215
7.51000000 23.66029224
7.52000000 23.33085500
7.53000000 22.84284842
7.54000000 22.20796954
7.55000000 21.43640938
7.56000000 20.53653086
7.57000000 19.51642438
7.58000000 18.38430761
7.59000000 17.15028457
7.60000000 15.82682032
7.61000000 14.43024293
7.62000000 12.98032699
7.63000000 11.50045800
7.64000000 10.01632026
7.65000000 8.55504738
7.66000000 7.14270409
7.67000000 5.80333712
7.68000000 4.55630712
7.69000000 3.41570620
7.70000000 2.38918161
7.71000000 1.47767383
7.72000000 0.67632030
7.73000000 -0.02473757
7.74000000 -0.63842834
7.75000000 -1.17907107
7.76000000 -1.66030395
7.77000000 -2.09360502
7.78000000 -2.48686695
7.79000000 -2.84399665
7.80000000 -3.16478295
7.81000000 -3.44567976
7.82000000 -3.68092557
7.83000000 -3.86412059
7.84000000 -3.98976612
7.85000000 -4.05481184
7.86000000 -4.05978430
7.87000000 -4.00943170
7.88000000 -3.91279871
7.89000000 -3.78271054
7.90000000 -3.63474105
7.91000000 -3.48581482
7.92000000 -3.35276740
7.93000000 -3.25073113
7.94000000 -3.19194986
7.95000000 -3.18494398
7.96000000 -3.23413173
7.97000000 -3.33990342
7.98000000 -3.49939740
7.99000000 -3.70723905
8.00000000 -3.95684616
8.01000000 -4.24147845
8.02000000 -4.55516592
8.03000000 -4.89356444
8.04000000 -5.25410342
8.05000000 -5.63595433
8.05999900 -6.03950908
8.07000000 -6.46588747
8.08000000 -6.91577686
8.09000000 -7.38871883
8.09999900 -7.88239322
8.11000000 -8.39229756
8.12000000 -8.91126298
8.13000000 -9.42998669
8.13999900 -9.93727906
8.15000000 -10.42102234
8.16000000 -10.86864527
8.17000000 -11.26814514
8.17999900 -11.60850890
8.19000000 -11.88041298
8.20000000 -12.07605787
8.21000000 -12.18937570
8.22000000 -12.21555050
8.23000000 -12.15079631
8.24000000 -11.99171239
8.25000000 -11.73525403
8.26000000 -11.37833993
8.27000000 -10.91812482
8.28000000 -10.35209689
8.29000000 -9.67887503
8.30000000 -8.89879060
8.30999900 -8.01453717
8.32000000 -7.03157922
8.33000000 -5.95900267
8.34000000 -4.80925063
8.34999900 -3.59819872
8.36000000 -2.34400862
8.37000000 -1.06714021
8.38000000 0.21126231
8.38999900 1.47009047
8.40000000 2.68985284
8.41000000 3.85270498
8.42000000 4.94343036
8.42999900 5.94954589
8.44000000 6.86133056
8.45000000 7.67094744
8.46000000 8.37220468
8.47000000 8.95973869
8.48000000 9.42842881
8.49000000 9.77311546
8.50000000 9.98835808
8.51000000 10.06877615
8.52000000 10.00960169
8.53000000 9.80762934
8.54000000 9.46206401
8.55000000 8.97562632
8.55999900 8.35531169
8.57000000 7.61288286
8.58000000 6.76494669
8.59000000 5.83265452
8.59999900 4.84082772
8.61000000 3.81626634
8.62000000 2.78680643
8.63000000 1.77926373
8.63999900 0.81799900
8.65000000 -0.07677808
8.66000000 -0.88939508
8.67000000 -1.60950007
8.67999900 -2.23180491
8.69000000 -2.75567401
8.70000000 -3.18375126
8.71000000 -3.52091259
8.72000000 -3.77288717
8.73000000 -3.94489536
8.74000000 -4.04086656
8.75000000 -4.06271781
8.76000000 -4.01029316
8.77000000 -3.88184430
8.78000000 -3.67466791
8.79000000 -3.38629980
8.80000000 -3.01568956
8.80999900 -2.56438205
8.82000000 -2.03731117
8.83000000 -1.44365444
8.84000000 -0.79685886
8.84999900 -0.11442362
8.86000000 0.58306342
8.87000000 1.27268042
8.88000000 1.93069663
8.88999900 2.53391490
8.90000000 3.06121972
8.91000000 3.49439144
8.92000000 3.81919425
8.92999900 4.02580916
8.94000000 4.10897570
8.95000000 4.06768803
8.96000000 3.90474834
8.97000000 3.62609019
8.98000000 3.24009982
8.99000000 2.75668531
9.00000000 2.18690486
9.01000000 1.54243338
9.02000000 0.83525567
9.03000000 0.07738417
9.04000000 -0.71877554
9.05000000 -1.54064677
9.05999900 -2.37522019
9.07000000 -3.20936117
9.08000000 -4.02936376
9.09000000 -4.82151623
9.09999900 -5.57207717
9.11000000 -6.26808832
9.12000000 -6.89724511
9.13000000 -7.44853763
9.13999900 -7.91268935
9.15000000 -8.28242623
9.16000000 -8.55241887
9.17000000 -8.71958980
9.17999900 -8.78283648
9.19000000 -8.74317883
9.20000000 -8.60327270
9.21000000 -8.36737153
9.22000000 -8.04110537
9.23000000 -7.63137248
9.24000000 -7.14607112
9.25000000 -6.59426800
9.26000000 -5.98596370
9.27000000 -5.33220221
9.28000000 -4.64463896
9.29000000 -3.93590508
9.30000000 -3.21894031
9.30999900 -2.50698414
9.32000000 -1.81284272
9.33000000 -1.14894590
9.34000000 -0.52659107
9.34999900 0.04421688
9.36000000 0.55533761
9.37000000 1.00032425
9.38000000 1.37472552
9.38999900 1.67593407
9.40000000 1.90315111
9.41000000 2.05697859
9.42000000 2.13925277
9.42999900 2.15281813
9.44000000 2.10125597
9.45000000 1.98881179
9.46000000 1.82029875
9.46999900 1.60126670
9.48000000 1.33790460
9.49000000 1.03737751
9.50000000 0.70782390
9.51000000 0.35843453
9.52000000 -0.00057292
9.53000000 -0.35827892
9.54000000 -0.70314948
9.55000000 -1.02360414
9.55999900 -1.30846264
9.57000000 -1.54760272
9.58000000 -1.73231636
9.59000000 -1.85590149
9.59999900 -1.91395920
9.61000000 -1.90461084
9.62000000 -1.82849312
9.63000000 -1.68867114
9.63999900 -1.49036025
9.65000000 -1.24049277
9.66000000 -0.94740095
9.67000000 -0.62030531
9.67999900 -0.26895622
9.69000000 0.09683420
9.70000000 0.46729129
9.71000000 0.83297346
9.71999900 1.18485528
9.73000000 1.51456250
9.74000000 1.81416400
9.75000000 2.07647223
9.76000000 2.29501779
9.77000000 2.46420683
9.78000000 2.57950818
9.79000000 2.63753570
9.80000000 2.63626590
9.80999900 2.57518922
9.82000000 2.45535759
9.83000000 2.27947663
9.84000000 2.05185875
9.84999900 1.77838135
9.86000000 1.46626354
9.87000000 1.12414855
9.88000000 0.76184097
9.88999900 0.39025328
9.90000000 0.02132415
9.91000000 -0.33196438
9.92000000 -0.65560870
9.92999900 -0.93467639
9.94000000 -1.15352764
9.95000000 -1.29586383
9.96000000 -1.34528476
9.96999900 -1.28583211
9.98000000 -1.10263641
9.99000000 -0.78283169
10.00000000 -0.31645263
10.01000000 0.30266102
10.02000000 1.07602266
10.03000000 2.00016740
10.04000000 3.06607913
10.05000000 4.25930706
10.06000000 5.56038326
10.07000000 6.94609312
10.08000000 8.38965507
10.09000000 9.86276377
10.10000000 11.33636640
10.11000000 12.78277369
10.12000000 14.17569696
10.13000000 15.49180712
10.14000000 16.71065016
10.15000000 17.81545898
10.16000000 18.79191516
10.17000000 19.62837101
10.18000000 20.31492348
10.19000000 20.84297282
10.20000000 21.20429782
10.21000000 21.39135855
10.22000000 21.39695874
10.23000000 21.21518155
10.24000000 20.84159710
10.25000000 20.27466850
10.26000000 19.51653161
10.27000000 18.57413212
10.28000000 17.45947092
10.29000000 16.19019427
10.30000000 14.78944915
10.31000000 13.28471514
10.32000000 11.70630535
10.33000000 10.08645668
10.34000000 8.45676016
10.35000000 6.84661272
10.36000000 5.28081587
10.37000000 3.77918644
10.38000000 2.35527864
10.39000000 1.01635354
10.40000000 -0.23644726
10.41000000 -1.40633040
10.42000000 -2.49985893
10.43000000 -3.52499930
10.44000000 -4.48985798
10.45000000 -5.40065585
10.46000000 -6.26105354
10.47000000 -7.07167451
10.48000000 -7.83041246
10.49000000 -8.53285707
10.50000000 -9.17363546
10.51000000 -9.74788254
10.52000000 -10.25243805
10.53000000 -10.68743237
10.54000000 -11.05672669
10.55000000 -11.36835295
10.56000000 -11.63408672
10.57000000 -11.86848488
10.58000000 -12.08737429
10.59000000 -12.30609692
10.60000000 -12.53747201
10.61000000 -12.79050169
10.62000000 -13.06857511
10.63000000 -13.36924559
10.64000000 -13.68383865
10.65000000 -13.99836788
10.66000000 -14.29485819
10.67000000 -14.55287237
10.68000000 -14.75180875
10.69000000 -14.87271319
10.70000000 -14.90020430
10.71000000 -14.82344937
10.72000000 -14.63700781
10.73000000 -14.34088812
10.74000000 -13.93959484
10.75000000 -13.44141815
10.76000000 -12.85652351
10.77000000 -12.19579396
10.78000000 -11.46889803
10.79000000 -10.68382559
10.80000000 -9.84587888
10.81000000 -8.95793511
10.82000000 -8.02067289
10.83000000 -7.03409066
10.84000000 -5.99853449
10.85000000 -4.91627912
10.86000000 -3.79236318
10.87000000 -2.63623142
10.88000000 -1.46164376
10.89000000 -0.28679017
10.90000000 0.86695626
10.91000000 1.97566235
10.92000000 3.01490318
10.93000000 3.96148688
10.94000000 4.79542394
10.95000000 5.50104954
10.96000000 6.06830249
10.97000000 6.49308496
10.98000000 6.77741915
10.99000000 6.92827762
11.00000000 6.95673099
11.01000000 6.87645325
11.02000000 6.70213212
11.03000000 6.44805494
11.04000000 6.12699019
11.05000000 5.74939931
11.06000000 5.32338263
11.07000000 4.85457068
11.08000000 4.34708105
11.09000000 3.80423004
11.10000000 3.22961871
11.11000000 2.62776672
11.12000000 2.00517539
11.13000000 1.37045670
11.14000000 0.73425518
11.15000000 0.10865483
11.16000000 -0.49339416
11.17000000 -1.05932956
11.18000000 -1.57810190
11.19000000 -2.04141617
11.20000000 -2.44435025
11.21000000 -2.78609306
11.22000000 -3.06999499
11.23000000 -3.30339348
11.24000000 -3.49671591
11.25000000 -3.66262076
11.26000000 -3.81469514
11.27000000 -3.96628480
11.28000000 -4.12918167
11.29000000 -4.31272120
11.30000000 -4.52299804
11.31000000 -4.76260394
11.32000000 -5.03056218
11.33000000 -5.32254312
11.34000000 -5.63152520
11.35000000 -5.94833692
11.36000000 -6.26269920
11.37000000 -6.56356667
11.38000000 -6.84004170
11.39000000 -7.08187955
11.40000000 -7.27974992
11.41000000 -7.42551557
11.42000000 -7.51233187
11.43000000 -7.53464134
11.44000000 -7.48813898
11.45000000 -7.36979917
11.46000000 -7.17780481
11.47000000 -6.91164048
11.48000000 -6.57200909
11.49000000 -6.16110117
11.50000000 -5.68245904
11.51000000 -5.14124825
11.52000000 -4.54388790
11.53000000 -3.89832207
11.54000000 -3.21370793
11.55000000 -2.50024515
11.56000000 -1.76898846
11.57000000 -1.03137299
11.58000000 -0.29932488
11.59000000 0.41521123
11.60000000 1.10036914
11.61000000 1.74476276
11.62000000 2.33730930
11.63000000 2.86761892
11.64000000 3.32606646
11.65000000 3.70422946
11.66000000 3.99482481
11.67000000 4.19222930
11.68000000 4.29270472
11.69000000 4.29472734
11.70000000 4.19918125
11.71000000 4.00959854
11.72000000 3.73214763
11.73000000 3.37546016
11.74000000 2.95053772
11.75000000 2.47023111
11.76000000 1.94876322
11.77000000 1.40098353
11.78000000 0.84203521
11.79000000 0.28656903
11.80000000 -0.25165508
11.81000000 -0.76010137
11.82000000 -1.22790571
11.83000000 -1.64562969
11.84000000 -2.00551672
11.85000000 -2.30128168
11.86000000 -2.52819877
11.87000000 -2.68288675
11.88000000 -2.76345461
11.89000000 -2.76960366
11.90000000 -2.70283510
11.91000000 -2.56671494
11.92000000 -2.36707679
11.93000000 -2.11223638
11.94000000 -1.81287871
11.95000000 -1.48193183
11.96000000 -1.13401833
11.97000000 -0.78474418
11.98000000 -0.44955831
11.99000000 -0.14281825
12.00000000 0.12354706
12.01000000 0.34109576
12.02000000 0.50589204
12.03000000 0.61886626
12.04000000 0.68615325
12.05000000 0.71862881
12.06000000 0.73118346
12.07000000 0.74148280
12.08000000 0.76855569
12.09000000 0.83111421
12.10000000 0.94606716
12.11000000 1.12712141
12.12000000 1.38391166
12.13000000 1.72134045
12.14000000 2.13963000
12.15000000 2.63488738
12.16000000 3.19977998
12.17000000 3.82470421
12.18000000 4.49897213
12.19000000 5.21208757
12.20000000 5.95432201
12.21000000 6.71747309
12.22000000 7.49476294
12.23000000 8.28095225
12.24000000 9.07113296
12.25000000 9.86033278
12.26000000 10.64233549
12.27000000 11.40923020
12.28000000 12.15050032
12.29000000 12.85307345
12.30000000 13.50175784
12.31000000 14.07976573
12.32000000 14.57011014
12.33000000 14.95677838
12.34000000 15.22609316
12.35000000 15.36832264
12.36000000 15.37832761
12.37000000 15.25630883
12.38000000 15.00790160
12.39000000 14.64337056
12.40000000 14.17671527
12.41000000 13.62461301
12.42000000 13.00447839
12.43000000 12.33333130
12.44000000 11.62606075
12.45000000 10.89496395
12.46000000 10.14897719
12.47000000 9.39396833
12.48000000 8.63287136
12.49000000 7.86701114
12.50000000 7.09690689
12.51000000 6.32342339
12.52000000 5.54852214
12.53000000 4.77608995
12.54000000 4.01195886
12.55000000 3.26356892
12.56000000 2.53929625
12.57000000 1.84719802
12.58000000 1.19423294
12.59000000 0.58481067
12.60000000 0.02010128
12.61000000 -0.50267715
12.62000000 -0.98987900
12.63000000 -1.45106575
12.64000000 -1.89780623
12.65000000 -2.34238543
12.66000000 -2.79588316
12.67000000 -3.26673992
12.68000000 -3.75925003
12.69000000 -4.27283632
12.70000000 -4.80144113
12.71000000 -5.33397386
12.72000000 -5.85514800
12.73000000 -6.34712064
12.74000000 -6.79097106
12.75000000 -7.16880457
12.76000000 -7.46541167
12.77000000 -7.66986339
12.78000000 -7.77615309
12.79000000 -7.78371060
12.80000000 -7.69700002
12.81000000 -7.52456222
12.82000000 -7.27778220
12.83000000 -6.96938729
12.84000000 -6.61178325
12.85000000 -6.21599822
12.86000000 -5.79050685
12.87000000 -5.34119494
12.88000000 -4.87138473
12.89000000 -4.38255879
12.90000000 -3.87532683
12.91000000 -3.35090636
12.92000000 -2.81220962
12.93000000 -2.26489483
12.94000000 -1.71776417
12.95000000 -1.18307981
12.96000000 -0.67587349
12.97000000 -0.21290915
12.98000000 0.18889075
12.99000000 0.51391647
13.00000000 0.74969494
13.01000000 0.88829167
13.02000000 0.92734708
13.03000000 0.87040501
13.04000000 0.72678178
13.05000000 0.51062740
13.06000000 0.23950796
13.07000000 -0.06731503
13.08000000 -0.39082118
13.09000000 -0.71406241
13.10000000 -1.02363850
13.11000000 -1.31082157
13.12000000 -1.57180849
13.13000000 -1.80758376
13.14000000 -2.02311479
13.15000000 -2.22612505
13.16000000 -2.42548699
13.17000000 -2.62973675
13.18000000 -2.84559261
13.19000000 -3.07700390
13.20000000 -3.32442773
13.21000000 -3.58487017
13.22000000 -3.85229499
13.23000000 -4.11869154
13.24000000 -4.37506303
13.25000000 -4.61283819
13.26000000 -4.82505759
13.27000000 -5.00738039
13.28000000 -5.15851143
13.29000000 -5.28033284
13.30000000 -5.37749295
13.31000000 -5.45651367
13.32000000 -5.52467163
13.33000000 -5.58870663
13.34000000 -5.65353476
13.35000000 -5.72123627
13.36000000 -5.79039431
13.37000000 -5.85581275
13.38000000 -5.90880811
13.39000000 -5.93799057
13.40000000 -5.93033144
13.41000000 -5.87259739
13.42000000 -5.75278201
13.43000000 -5.56159378
13.44000000 -5.29344275
13.45000000 -4.94743285
13.46000000 -4.52764501
13.47000000 -4.04304061
13.48000000 -3.50680593
13.49000000 -2.93558637
13.50000000 -2.34819624
13.51000000 -1.76433879
13.52000000 -1.20305362
13.53000000 -0.68186394
13.54000000 -0.21555708
13.55000000 0.18440177
13.56000000 0.51030802
13.57000000 0.75809309
13.58000000 0.92711659
13.59000000 1.01967197
13.60000000 1.04027636
13.61000000 0.99498388
13.62000000 0.89062909
13.63000000 0.73416070
13.64000000 0.53218666
13.65000000 0.29049036
13.66000000 0.01394710
13.67000000 -0.29359606
13.68000000 -0.62918444
13.69000000 -0.99066766
13.70000000 -1.37624395
13.71000000 -1.78424073
13.72000000 -2.21276754
13.73000000 -2.65956166
13.74000000 -3.12149707
13.75000000 -3.59459755
13.76000000 -4.07382289
13.77000000 -4.55336786
13.78000000 -5.02633212
13.79000000 -5.48517932
13.80000000 -5.92193265
13.81000000 -6.32850277
13.82000000 -6.69691684
13.83000000 -7.01962309
13.84000000 -7.28990010
13.85000000 -7.50200398
13.86000000 -7.65132030
13.87000000 -7.73439681
13.88000000 -7.74888908
13.89000000 -7.69354408
13.90000000 -7.56785342
13.91000000 -7.37195359
13.92000000 -7.10631675
13.93000000 -6.77158642
13.94000000 -6.36833587
13.95000000 -5.89731027
13.96000000 -5.35923264
13.97000000 -4.75513711
13.98000000 -4.08644410
13.99000000 -3.35553304
14.00000000 -2.56599181
14.01000000 -1.72300070
14.02000000 -0.83327190
14.03000000 0.09426871
14.04000000 1.04884596
14.05000000 2.01773505
14.06000000 2.98695323
14.07000000 3.94109655
14.08000000 4.86420582
14.09000000 5.74024895
14.10000000 6.55360536
14.11000000 7.28981557
14.12000000 7.93569646
14.13000000 8.48010882
14.14000000 8.91385368
14.15000000 9.23022109
14.16000000 9.42483215
14.17000000 9.49577253
14.18000000 9.44350372
14.19000000 9.27087148
14.20000000 8.98303057
14.21000000 8.58727145
14.22000000 8.09295799
14.23000000 7.51126925
14.24000000 6.85506591
14.25000000 6.13858835
14.26000000 5.37706933
14.27000000 4.58603684
14.28000000 3.78127299
14.29000000 2.97787471
14.30000000 2.18991431
14.31000000 1.42966306
14.32000000 0.70758476
14.33000000 0.03182282
14.34000000 -0.59186140
14.35000000 -1.15988850
14.36000000 -1.67085174
14.37000000 -2.12474736
14.38000000 -2.52268720
14.39000000 -2.86621882
14.40000000 -3.15689724
14.41000000 -3.39562003
14.42000000 -3.58240137
14.43000000 -3.71610401
14.44000000 -3.79448210
14.45000000 -3.81428232
14.46000000 -3.77148175
14.47000000 -3.66172707
14.48000000 -3.48072291
14.49000000 -3.22461338
14.50000000 -2.89039360
14.51000000 -2.47618331
14.52000000 -1.98121938
14.53000000 -1.40627619
14.54000000 -0.75338688
14.55000000 -0.02605623
14.56000000 0.77113172
14.57000000 1.63207940
14.58000000 2.54948838
14.59000000 3.51456305
14.60000000 4.51735105
14.61000000 5.54617997
14.62000000 6.58795298
14.63000000 7.62821588
14.64000000 8.65125321
14.65000000 9.64101894
14.66000000 10.58097715
14.67000000 11.45531032
14.68000000 12.24955607
14.69000000 12.95183776
14.70000000 13.55291671
14.71000000 14.04744328
14.72000000 14.43373894
14.73000000 14.71441615
14.74000000 14.89549575
14.75000000 14.98607093
14.76000000 14.99730328
14.77000000 14.94126967
14.78000000 14.82996401
14.79000000 14.67384490
14.80000000 14.48153969
14.81000000 14.25852964
14.82000000 14.00760481
14.83000000 13.72866566
14.84000000 13.41960197
14.85000000 13.07688384
14.86000000 12.69666566
14.87000000 12.27612814
14.88000000 11.81413919
14.89000000 11.31212208
14.90000000 10.77425419
14.91000000 10.20753481
14.92000000 9.62128187
14.93000000 9.02615762
14.94000000 8.43295562
14.95000000 7.85176455
14.96000000 7.29037952
14.97000000 6.75354478
14.98000000 6.24219343
14.99000000 5.75353771
15.00000000 5.28114488
15.01000000 4.81585349
15.02000000 4.34666385
15.03000000 3.86239939
15.04000000 3.35287261
15.05000000 2.81033650
15.06000000 2.23029106
15.07000000 1.61238192
15.08000000 0.96034007
15.09000000 0.28181762
15.10000000 -0.41277477
15.11000000 -1.11096794
15.12000000 -1.79982471
15.13000000 -2.46728121
15.14000000 -3.10333754
15.15000000 -3.70128278
15.16000000 -4.25792918
15.17000000 -4.77401705
15.18000000 -5.25385813
15.19000000 -5.70485520
15.20000000 -6.13625129
15.21000000 -6.55825166
15.22000000 -6.98080909
15.23000000 -7.41276173
15.24000000 -7.86077157
15.25000000 -8.32906265
15.26000000 -8.81904604
15.27000000 -9.32971231
15.28000000 -9.85766558
15.29000000 -10.39798939
15.30000000 -10.94456921
15.31000000 -11.49111060
15.32000000 -12.03120643
15.33000000 -12.55902126
15.34000000 -13.06929787
15.35000000 -13.55755653
15.36000000 -14.01973033
15.37000000 -14.45212362
15.38000000 -14.85115258
15.39000000 -15.21307998
15.40000000 -15.53387645
15.41000000 -15.80928850
15.42000000 -16.03480502
15.43000000 -16.20590838
15.44000000 -16.31840466
15.45000000 -16.36827295
15.46000000 -16.35243164
15.47000000 -16.26844213
15.48000000 -16.11456260
15.49000000 -15.89002702
15.50000000 -15.59442291
15.51000000 -15.22774556
15.52000000 -14.79004012
15.53000000 -14.28135375
15.54000000 -13.70144949
15.55000000 -13.05008820
15.56000000 -12.32684749
15.57000000 -11.53185943
15.58000000 -10.66584570
15.59000000 -9.73082803
15.60000000 -8.73022437
15.61000000 -7.66951987
15.62000000 -6.55646066
15.63000000 -5.40088298
15.64000000 -4.21484571
15.65000000 -3.01178933
15.66000000 -1.80677696
15.67000000 -0.61544100
15.68000000 0.54637229
15.69000000 1.66363733
15.70000000 2.72193625
15.71000000 3.70822897
15.72000000 4.61090863
15.73000000 5.42013058
15.74000000 6.12724631
15.75000000 6.72497742
15.76000000 7.20720342
15.77000000 7.56902739
15.78000000 7.80631515
15.79000000 7.91614727
15.80000000 7.89696255
15.81000000 7.74873306
15.82000000 7.47341943
15.83000000 7.07527240
15.84000000 6.56116662
15.85000000 5.94054662
15.86000000 5.22560617
15.87000000 4.43095410
15.88000000 3.57306052
15.89000000 2.66984144
15.90000000 1.73942995
15.91000000 0.79997374
15.92000000 -0.13146064
15.93000000 -1.03939646
15.94000000 -1.91071247
15.95000000 -2.73433881
15.96000000 -3.50157065
15.97000000 -4.20568214
15.98000000 -4.84172718
15.99000000 -5.40564708
16.00000000 -5.89400167
16.01000000 -6.30332205
16.02000000 -6.62987466
16.03000000 -6.86941343
16.04000000 -7.01736393
16.05000000 -7.06887764
16.06000000 -7.01945069
16.07000000 -6.86535253
16.08000000 -6.60434513
16.09000000 -6.23604616
16.10000000 -5.76256229
16.11000000 -5.18869940
16.12000000 -4.52167497
16.13000000 -3.77159900
16.14000000 -2.95064789
16.15000000 -2.07280911
16.16000000 -1.15320934
16.17000000 -0.20755269
16.18000000 0.74843837
16.19000000 1.69951891
16.20000000 2.63108228
16.21000000 3.53023152
16.22000000 4.38470679
16.23000000 5.18373185
16.24000000 5.91785931
16.25000000 6.57892699
16.26000000 7.16014165
16.27000000 7.65606742
16.28000000 8.06266189
16.29000000 8.37779222
16.30000000 8.60080899
16.31000000 8.73299909
16.32000000 8.77770381
16.33000000 8.74000448
16.34000000 8.62667967
16.35000000 8.44588930
16.36000000 8.20676120
16.37000000 7.91863869
16.38000000 7.59085601
16.39000000 7.23203023
16.40000000 6.84957598
16.41000000 6.44942784
16.42000000 6.03590680
16.43000000 5.61173145
16.44000000 5.17825517
16.45000000 4.73594641
16.46000000 4.28446685
16.47000000 3.82371992
16.48000000 3.35406186
16.49000000 2.87670785
16.50000000 2.39397754
16.51000000 1.90952539
16.52000000 1.42808512
16.53000000 0.95544055
16.54000000 0.49761679
16.55000000 0.06104345
16.56000000 -0.34827010
16.57000000 -0.72508579
16.58000000 -1.06522085
16.59000000 -1.36575454
16.60000000 -1.62509402
16.61000000 -1.84285925
16.62000000 -2.01986056
16.63000000 -2.15765001
16.64000000 -2.25837007
16.65000000 -2.32451012
16.66000000 -2.35866876
16.67000000 -2.36346242
16.68000000 -2.34144680
16.69000000 -2.29519370
16.70000000 -2.22734185
16.71000000 -2.14067423
16.72000000 -2.03826123
16.73000000 -1.92346485
16.74000000 -1.79991812
16.75000000 -1.67145686
16.76000000 -1.54191950
16.77000000 -1.41492974
16.78000000 -1.29369492
16.79000000 -1.18061900
16.80000000 -1.07730349
16.81000000 -0.98428095
16.82000000 -0.90098706
16.83000000 -0.82583833
16.84000000 -0.75636458
16.85000000 -0.68939497
16.86000000 -0.62134063
16.87000000 -0.54838384
16.88000000 -0.46676748
16.89000000 -0.37293446
16.90000000 -0.26364117
16.91000000 -0.13596509
16.92000000 0.01269093
16.93000000 0.18469243
16.94000000 0.38232560
16.95000000 0.60776550
16.96000000 0.86335867
16.97000000 1.15135715
16.98000000 1.47400146
16.99000000 1.83340385
17.00000000 2.23131422
17.01000000 2.66891864
17.02000000 3.14667061
17.03000000 3.66390434
17.04000000 4.21918281
17.05000000 4.80952545
17.06000000 5.43083918
17.07000000 6.07784804
17.08000000 6.74414016
17.09000000 7.42243284
17.10000000 8.10455330
17.11000000 8.78157048
17.12000000 9.44444841
17.13000000 10.08339007
17.14000000 10.68844100
17.15000000 11.24953941
17.16000000 11.75656652
17.17000000 12.19959925
17.18000000 12.56902899
17.19000000 12.85588316
17.20000000 13.05209736
17.21000000 13.15099111
17.22000000 13.14735650
17.23000000 13.03803757
17.24000000 12.82191946
17.25000000 12.50034072
17.26000000 12.07693100
17.27000000 11.55760074
17.28000000 10.95022540
17.29000000 10.26402306
17.30000000 9.50954127
17.31000000 8.69791308
17.32000000 7.84029752
17.33000000 6.94755639
17.34000000 6.02989577
17.35000000 5.09674488
17.36000000 4.15680484
17.37000000 3.21751794
17.38000000 2.28627536
17.39000000 1.37000726
17.40000000 0.47548888
17.41000000 -0.39031469
17.42000000 -1.22031984
17.43000000 -2.00727965
17.44000000 -2.74399748
17.45000000 -3.42348821
17.46000000 -4.03989595
17.47000000 -4.58812858
17.48000000 -5.06472658
17.49000000 -5.46809268
17.50000000 -5.79861231
17.51000000 -6.05860773
17.52000000 -6.25226613
17.53000000 -6.38509248
17.54000000 -6.46371183
17.55000000 -6.49505058
17.56000000 -6.48602527
17.57000000 -6.44295259
17.58000000 -6.37137673
17.59000000 -6.27577878
17.60000000 -6.15971192
17.61000000 -6.02594910
17.62000000 -5.87675936
17.63000000 -5.71446544
17.64000000 -5.54174520
17.65000000 -5.36192550
17.66000000 -5.17928744
17.67000000 -4.99907591
17.68000000 -4.82728540
17.69000000 -4.67049533
17.70000000 -4.53535554
17.71000000 -4.42800580
17.72000000 -4.35377504
17.73000000 -4.31657853
17.74000000 -4.31872926
17.75000000 -4.36077481
17.76000000 -4.44156733
17.77000000 -4.55855708
17.78000000 -4.70814984
17.79000000 -4.88623146
17.80000000 -5.08852810
17.81000000 -5.31115836
17.82000000 -5.55080588
17.83000000 -5.80493448
17.84000000 -6.07166775
17.85000000 -6.34958769
17.86000000 -6.63737125
17.87000000 -6.93356255
17.88000000 -7.23587389
17.89000000 -7.54118518
17.90000000 -7.84514800
17.91000000 -8.14244940
17.92000000 -8.42691137
17.93000000 -8.69182282
17.94000000 -8.93065324
17.95000000 -9.13753258
17.96000000 -9.30777326
17.97000000 -9.43837102
17.98000000 -9.52823556
17.99000000 -9.57834250
18.00000000 -9.59152526
18.01000000 -9.57203114
18.02000000 -9.52508826
18.03000000 -9.45630818
18.04000000 -9.37086161
18.05000000 -9.27315112
18.06000000 -9.16628235
18.07000000 -9.05189366
18.08000000 -8.93016624
18.09000000 -8.80003144
18.10000000 -8.65956707
18.11000000 -8.50646984
18.12000000 -8.33850609
18.13000000 -8.15406027
18.14000000 -7.95234140
18.15000000 -7.73361172
18.16000000 -7.49899521
18.17000000 -7.25043360
18.18000000 -6.99011034
18.19000000 -6.72019943
18.20000000 -6.44231330
18.21000000 -6.15696848
18.22000000 -5.86369706
18.23000000 -5.56071468
18.24000000 -5.24505660
18.25000000 -4.91288086
18.26000000 -4.55990148
18.27000000 -4.18180345
18.28000000 -3.77480254
18.29000000 -3.33573303
18.30000000 -2.86272129
18.31000000 -2.35502939
18.32000000 -1.81303122
18.33000000 -1.23803917
18.34000000 -0.63196277
18.35000000 0.00297249
18.36000000 0.66441539
18.37000000 1.35056498
18.38000000 2.05947552
18.39000000 2.78943168
18.40000000 3.53851561
18.41000000 4.30428105
18.42000000 5.08335413
18.43000000 5.87088798
18.44000000 6.66045018
18.45000000 7.44363809
18.46000000 8.21078038
18.47000000 8.95040775
18.48000000 9.65037298
18.49000000 10.29828484
18.50000000 10.88237927
18.51000000 11.39212084
18.52000000 11.81900614
18.53000000 12.15673307
18.54000000 12.40173463
18.55000000 12.55278573
18.56000000 12.61077263
18.57000000 12.57844338
18.58000000 12.45962850
18.59000000 12.25860509
18.60000000 11.97986060
18.61000000 11.62765490
18.62000000 11.20570892
18.63000000 10.71777008
18.64000000 10.16766731
18.65000000 9.55989712
18.66000000 8.90015665
18.67000000 8.19580506
18.68000000 7.45614306
18.69000000 6.69258322
18.70000000 5.91852700
18.71000000 5.14830468
18.72000000 4.39734316
18.73000000 3.68064255
18.74000000 3.01198391
18.75000000 2.40304226
18.76000000 1.86277316
18.77000000 1.39687096
18.78000000 1.00788917
18.79000000 0.69517668
18.80000000 0.45595819
18.81000000 0.28577179
18.82000000 0.17948064
18.83000000 0.13208468
18.84000000 0.13934982
18.85000000 0.19818016
18.86000000 0.30656547
18.87000000 0.46338031
18.88000000 0.66744110
18.89000000 0.91685684
18.90000000 1.20791400
18.91000000 1.53438478
18.92000000 1.88681463
18.93000000 2.25242088
18.94000000 2.61523273
18.95000000 2.95710611
18.96000000 3.25853710
18.97000000 3.50029731
18.98000000 3.66505580
18.99000000 3.73883843
19.00000000 3.71236113
19.01000000 3.58180754
19.02000000 3.34923551
19.03000000 3.02227503
19.04000000 2.61300257
19.05000000 2.13712981
19.06000000 1.61210452
19.07000000 1.05554234
19.08000000 0.48363496
19.09000000 -0.08996138
19.10000000 -0.65489761
19.11000000 -1.20419879
19.12000000 -1.73424667
19.13000000 -2.24335742
19.14000000 -2.73095243
19.15000000 -3.19615861
19.16000000 -3.63663022
19.17000000 -4.04756438
19.18000000 -4.42126356
19.19000000 -4.74716193
19.20000000 -5.01274723
19.21000000 -5.20426861
19.22000000 -5.30854117
19.23000000 -5.31448994
19.24000000 -5.21471370
19.25000000 -5.00668906
19.26000000 -4.69355646
19.27000000 -4.28424843
19.28000000 -3.79302571
19.29000000 -3.23798546
19.30000000 -2.64008585
19.31000000 -2.02086895
19.32000000 -1.40070202
19.33000000 -0.79714227
19.34000000 -0.22366307
19.35000000 0.31095892
19.36000000 0.80257419
19.37000000 1.25145376
19.38000000 1.66047971
19.39000000 2.03413925
19.40000000 2.37687186
19.41000000 2.69156370
19.42000000 2.97851405
19.43000000 3.23487549
19.44000000 3.45472210
19.45000000 3.62978629
19.46000000 3.75057994
19.47000000 3.80797792
19.48000000 3.79495930
19.49000000 3.70814359
19.50000000 3.54896788
19.51000000 3.32440795
19.52000000 3.04689657
19.53000000 2.73372394
19.54000000 2.40540027
19.55000000 2.08428204
19.56000000 1.79221460
19.57000000 1.54855189
19.58000000 1.36841988
19.59000000 1.26126325
19.60000000 1.23038827
19.61000000 1.27279302
19.62000000 1.38009515
19.63000000 1.53975161
19.64000000 1.73682192
19.65000000 1.95585275
19.66000000 2.18263306
19.67000000 2.40572294
19.68000000 2.61736875
19.69000000 2.81389924
19.70000000 2.99554247
19.71000000 3.16535215
19.72000000 3.32815001
19.73000000 3.48892255
19.74000000 3.65144550
19.75000000 3.81678767
19.76000000 3.98266400
19.77000000 4.14290293
19.78000000 4.28772790
19.79000000 4.40450603
19.80000000 4.47884887
19.81000000 4.49608620
19.82000000 4.44278308
19.83000000 4.30812526
19.84000000 4.08505565
19.85000000 3.77079044
19.86000000 3.36729786
19.87000000 2.88037386
19.88000000 2.31955406
19.89000000 1.69671724
19.90000000 1.02486037
19.91000000 0.31706535
19.92000000 -0.41459989
19.93000000 -1.15974338
19.94000000 -1.90986090
19.95000000 -2.65885583
19.96000000 -3.40182253
19.97000000 -4.13503949
19.98000000 -4.85511710
19.99000000 -5.55827240
20.00000000 -6.23981562
