0.02000000 -0.04149516
0.03000000 -0.05682120
0.04000000 -0.06712452
0.05000000 -0.07555629
0.06000000 -0.07942093
0.07000000 -0.08091904
0.08000000 -0.08068792
0.09000000 -0.08084146
0.09999999 -0.08266192
0.11000000 -0.08762981
0.12000000 -0.09656053
0.13000000 -0.10965821
0.14000000 -0.12646664
0.15000000 -0.14596134
0.16000000 -0.16666404
0.17000000 -0.18697824
0.18000000 -0.20528038
0.19000000 -0.22033994
0.20000000 -0.23137058
0.21000000 -0.23827594
0.22000000 -0.24155885
0.23000000 -0.24232596
0.24000000 -0.24206803
0.25000000 -0.24243597
0.26000000 -0.24498085
0.27000000 -0.25091912
0.28000000 -0.26091915
0.29000000 -0.27503000
0.30000000 -0.29263776
0.31000000 -0.31258932
0.32000000 -0.33335183
0.33000000 -0.35328120
0.34000000 -0.37084671
0.35000000 -0.38489750
0.36000000 -0.39484174
0.37000000 -0.40072226
0.38000000 -0.40323258
0.39000000 -0.40358846
0.40000000 -0.40335114
0.41000000 -0.40418054
0.42000000 -0.40755642
0.43000000 -0.41456759
0.44000000 -0.42572598
0.45000000 -0.44089634
0.46000000 -0.45930268
0.47000000 -0.47966011
0.48000000 -0.50037599
0.49000000 -0.51980247
0.50000000 -0.53648938
0.51000000 -0.54941803
0.52000000 -0.55816900
0.53000000 -0.56297323
0.54000000 -0.56468925
0.55000000 -0.56466121
0.56000000 -0.56451601
0.57000000 -0.56588721
0.58000000 -0.57018790
0.59000000 -0.57834848
0.60000000 -0.59070099
0.61000000 -0.60690642
0.62000000 -0.62601271
0.63000000 -0.64661418
0.64000000 -0.66705766
0.65000000 -0.68571644
0.66000000 -0.70124406
0.67000000 -0.71279804
0.68000000 -0.72016484
0.69000000 -0.72380387
0.70000000 -0.72477349
0.71000000 -0.72455743
0.72000000 -0.72484792
0.73000000 -0.72725160
0.74000000 -0.73304442
0.75000000 -0.74296173
0.76000000 -0.75707384
0.77000000 -0.77476432
0.78000000 -0.79483433
0.79000000 -0.81568347
0.80000000 -0.83556227
0.81000000 -0.85287046
0.82000000 -0.86640366
0.83000000 -0.87556821
0.84000000 -0.88048834
0.85000000 -0.88200108
0.86000000 -0.88153599
0.87000000 -0.88090862
0.88000000 -0.88200555
0.89000000 -0.88649901
0.90000000 -0.89554790
0.91000000 -0.90957738
0.92000000 -0.92816847
0.93000000 -0.95006811
0.94000000 -0.97331209
0.95000000 -0.99549266
0.96000000 -1.01406351
0.97000000 -1.02668434
0.98000000 -1.03158357
0.98999990 -1.02779523
1.00000000 -1.01532892
1.01000000 -0.99520482
1.02000000 -0.96935157
1.03000000 -0.94038343
1.04000000 -0.91130559
1.05000000 -0.88514614
1.06000000 -0.86462775
1.07000000 -0.85185967
1.08000000 -0.84814435
1.09000000 -0.85386909
1.10000000 -0.86855152
1.11000000 -0.89095994
1.12000000 -0.91933854
1.13000000 -0.95166905
1.14000000 -0.98592656
1.15000000 -1.02032137
1.16000000 -1.05344541
1.17000000 -1.08434547
1.18000000 -1.11251240
1.19000000 -1.13778178
1.20000000 -1.16019229
1.21000000 -1.17982091
1.22000000 -1.19664315
1.23000000 -1.21045086
1.24000000 -1.22082162
1.25000000 -1.22719047
1.26000000 -1.22897153
1.27000000 -1.22573769
1.28000000 -1.21740646
1.29000000 -1.20441801
1.30000000 -1.18781822
1.31000000 -1.16927369
1.32000000 -1.15097870
1.33000000 -1.13545720
1.34000000 -1.12525773
1.35000000 -1.12265483
1.36000000 -1.12929461
1.37000000 -1.14593815
1.38000000 -1.17225663
1.39000000 -1.20681361
1.40000000 -1.24714543
1.41000000 -1.29004367
1.42000000 -1.33187501
1.43000000 -1.36906667
1.44000000 -1.39854719
1.45000000 -1.41816417
1.46000000 -1.42695074
1.47000000 -1.42531191
1.48000000 -1.41494741
1.49000000 -1.39866867
1.50000000 -1.37999671
1.51000000 -1.36269215
1.52000000 -1.35021559
1.53000000 -1.34525746
1.54000000 -1.34931551
1.55000000 -1.36249360
1.56000000 -1.38344463
1.57000000 -1.40956292
1.58000000 -1.43736521
1.59000000 -1.46296223
1.60000000 -1.48272609
1.61000000 -1.49383540
1.62000000 -1.49482952
1.63000000 -1.48597799
1.64000000 -1.46944690
1.65000000 -1.44925148
1.66000000 -1.43097363
1.67000000 -1.42127496
1.68000000 -1.42730878
1.69000000 -1.45600469
1.70000000 -1.51342026
1.71000000 -1.60417432
1.72000000 -1.73100762
1.73000000 -1.89455680
1.74000000 -2.09333353
1.75000000 -2.32390999
1.76000000 -2.58125230
1.77000000 -2.85916516
1.78000000 -3.15081740
1.79000000 -3.44920719
1.80000000 -3.74756150
1.81000000 -4.03966850
1.82000000 -4.32005008
1.83000000 -4.58402595
1.84000000 -4.82766603
1.85000000 -5.04774266
1.86000000 -5.24150880
1.87000000 -5.40671448
1.88000000 -5.54149223
1.89000000 -5.64440536
1.90000000 -5.71457765
1.91000000 -5.75184178
1.92000000 -5.75690131
1.93000000 -5.73160327
1.94000000 -5.67890811
1.95000000 -5.60301283
1.96000000 -5.50922694
1.97000000 -5.40362324
1.98000000 -5.29281906
1.99000000 -5.18338888
2.00000000 -5.08140831
2.01000000 -4.99188961
2.02000000 -4.91842111
2.03000000 -4.86284654
2.04000000 -4.82504818
2.05000000 -4.80307714
2.06000000 -4.79339200
2.07000000 -4.79118705
2.08000000 -4.79094545
2.09000000 -4.78700518
2.10000000 -4.77413954
2.11000000 -4.74805478
2.12000000 -4.70571435
2.13000000 -4.64558780
2.14000000 -4.56774839
2.15000000 -4.47357758
2.16000000 -4.36566813
2.17000000 -4.24730391
2.18000000 -4.12211593
2.19000000 -3.99361561
2.20000000 -3.86484016
2.21000000 -3.73812137
2.22000000 -3.61492111
2.23000000 -3.49582299
2.24000000 -3.38070851
2.25000000 -3.26889117
2.26000000 -3.15945824
2.27000000 -3.05152615
2.28000000 -2.94452577
2.29000000 -2.83841199
2.30000000 -2.73374722
2.31000000 -2.63177631
2.32000000 -2.53433087
2.33000000 -2.44363373
2.34000000 -2.36214115
2.35000000 -2.29222602
2.36000000 -2.23595224
2.37000000 -2.19481609
2.38000000 -2.16956967
2.39000000 -2.16009862
2.40000000 -2.16536070
2.41000000 -2.18344717
2.42000000 -2.21165060
2.43000000 -2.24663809
2.44000000 -2.28466114
2.45000000 -2.32172165
2.46000000 -2.35387248
2.47000000 -2.37731613
2.48000000 -2.38860703
2.49000000 -2.38471345
2.50000000 -2.36305026
2.51000000 -2.32135034
2.52000000 -2.25754931
2.53000000 -2.16950797
2.54000000 -2.05469833
2.55000000 -1.90987080
2.56000000 -1.73068655
2.57000000 -1.51142522
2.58000000 -1.24474928
2.59000000 -0.92160437
2.60000000 -0.53142154
2.61000000 -0.06233406
2.62000000 0.49814876
2.63000000 1.16239932
2.64000000 1.94168074
2.65000000 2.84497761
2.66000000 3.87783186
2.67000000 5.04124307
2.68000000 6.33065874
2.69000000 7.73530562
2.70000000 9.23777888
2.71000000 10.81429777
2.72000000 12.43511644
2.73000000 14.06558687
2.74000000 15.66782310
2.75000000 17.20197171
2.76000000 18.62857327
2.77000000 19.91031217
2.78000000 21.01402771
2.79000000 21.91210477
2.80000000 22.58381003
2.81000000 23.01600904
2.82000000 23.20349438
2.83000000 23.14858989
2.84000000 22.86048138
2.85000000 22.35432896
2.86000000 21.64990326
2.87000000 20.77024165
2.88000000 19.74067339
2.89000000 18.58715670
2.90000000 17.33598704
2.91000000 16.01260218
2.92000000 14.64150935
2.93000000 13.24587477
2.94000000 11.84772868
2.95000000 10.46736423
2.96000000 9.12401193
2.97000000 7.83514652
2.98000000 6.61643254
2.99000000 5.48131735
3.00000000 4.44057544
3.01000000 3.50177339
3.02000000 2.66892097
3.03000000 1.94201511
3.04000000 1.31727451
3.05000000 0.78710469
3.06000000 0.34085664
3.07000000 -0.03441858
3.08000000 -0.35286216
3.09000000 -0.62862753
3.10000000 -0.87462991
3.11000000 -1.10155450
3.12000000 -1.31702359
3.13000000 -1.52519152
3.14000000 -1.72673766
3.15000000 -1.91932907
3.16000000 -2.09842320
3.17000000 -2.25839769
3.18000000 -2.39379291
3.19000000 -2.50056777
3.20000000 -2.57715150
3.21000000 -2.62520059
3.22000000 -2.64986964
3.23000000 -2.65968521
3.24000000 -2.66587328
3.25000000 -2.68134764
3.26000000 -2.71936000
3.27000000 -2.79213455
3.28000000 -2.90943913
3.29000000 -3.07750983
3.30000000 -3.29826557
3.31000000 -3.56904479
3.32000000 -3.88286086
3.33000000 -4.22902488
3.34000000 -4.59431561
3.35000000 -4.96424316
3.36000000 -5.32454164
3.37000000 -5.66240281
3.38000000 -5.96766896
3.39000000 -6.23338024
3.40000000 -6.45616501
3.41000000 -6.63600120
3.42000000 -6.77557390
3.43000000 -6.87941548
3.44000000 -6.95289283
3.45000000 -7.00110530
3.46000000 -7.02791351
3.47000000 -7.03552195
3.48000000 -7.02400003
3.49000000 -6.99150116
3.50000000 -6.93485716
3.51000000 -6.85014310
3.52000000 -6.73384916
3.53000000 -6.58361219
3.54000000 -6.39919092
3.55000000 -6.18293619
3.56000000 -5.94001502
3.57000000 -5.67821294
3.58000000 -5.40735042
3.59000000 -5.13840997
3.60000000 -4.88244202
3.61000000 -4.64935314
3.62000000 -4.44693215
3.63000000 -4.27992489
3.64000000 -4.14957404
3.65000000 -4.05349732
3.66000000 -3.98596029
3.67000000 -3.93860256
3.68000000 -3.90128768
3.69000000 -3.86330240
3.70000000 -3.81435648
3.71000000 -3.74561911
3.72000000 -3.65039270
3.73000000 -3.52457299
3.74000000 -3.36660870
3.75000000 -3.17725390
3.76000000 -2.95895419
3.77000000 -2.71505741
3.78000000 -2.44903335
3.79000000 -2.16370853
3.80000000 -1.86066554
3.81000000 -1.53998764
3.82000000 -1.20027666
3.83000000 -0.83893331
3.84000000 -0.45279008
3.85000000 -0.03884049
3.86000000 0.40493574
3.87000000 0.87877381
3.88000000 1.38056531
3.89000000 1.90550843
3.90000000 2.44600084
3.91000000 2.99201522
3.92000000 3.53154261
3.93000000 4.05145198
3.94000000 4.53834402
3.95000000 4.97937537
3.96000000 5.36316153
3.97000000 5.68028024
3.98000000 5.92373123
3.99000000 6.08892475
4.00000000 6.17366546
4.01000000 6.17776555
4.02000000 6.10254903
4.03000000 5.95051043
4.04000000 5.72476588
4.05000000 5.42896899
4.06000000 5.06702205
4.07000000 4.64327441
4.08000000 4.16270766
4.09000000 3.63134029
4.10000000 3.05636056
4.11000000 2.44655953
4.12000000 1.81232142
4.13000000 1.16532155
4.14000000 0.51827649
4.15000000 -0.11596750
4.16000000 -0.72512916
4.17000000 -1.29875565
4.18000000 -1.82896076
4.19000000 -2.31151232
4.20000000 -2.74621807
4.21000000 -3.13726643
4.22000000 -3.49286791
4.23000000 -3.82463755
4.24000000 -4.14643569
4.25000000 -4.47301646
4.26000000 -4.81835217
4.27000000 -5.19421595
4.28000000 -5.60866167
4.29000000 -6.06514070
4.30000000 -6.56180618
4.31000000 -7.09172233
4.32000000 -7.64330992
4.33000000 -8.20155537
4.34000000 -8.74938573
4.35000000 -9.26956483
4.36000000 -9.74622953
4.37000000 -10.16664437
4.38000000 -10.52237635
4.39000000 -10.80981944
4.40000000 -11.03065645
4.41000000 -11.19103622
4.42000000 -11.30088202
4.43000000 -11.37213301
4.44000000 -11.41745829
4.45000000 -11.44831534
4.46000000 -11.47359965
4.47000000 -11.49838171
4.48000000 -11.52341023
4.49000000 -11.54494449
4.50000000 -11.55521662
4.51000000 -11.54353410
4.52000000 -11.49754821
4.53000000 -11.40470887
4.54000000 -11.25403749
4.55000000 -11.03711488
4.56000000 -10.74910865
4.57000000 -10.38932483
4.58000000 -9.96076345
4.59000000 -9.46966774
4.60000000 -8.92431534
4.61000000 -8.33358752
4.62000000 -7.70560325
4.63000000 -7.04607604
4.64000000 -6.35751591
4.65000000 -5.63829912
4.66000000 -4.88285721
4.67000000 -4.08188631
4.68000000 -3.22367718
4.69000000 -2.29524112
4.70000000 -1.28438037
4.71000000 -0.18107523
4.72000000 1.02049870
4.73000000 2.32111355
4.74000000 3.71519746
4.75000000 5.19115936
4.76000000 6.73119342
4.77000000 8.31274155
4.78000000 9.90928510
4.79000000 11.49257217
4.80000000 13.03365268
4.81000000 14.50513074
4.82000000 15.88195470
4.83000000 17.14298958
4.84000000 18.27084118
4.85000000 19.25258211
4.86000000 20.07882117
4.87000000 20.74358297
4.88000000 21.24332323
4.89000000 21.57602758
4.90000000 21.74081371
4.91000000 21.73732597
4.92000000 21.56567314
4.93000000 21.22679121
4.94000000 20.72291244
4.95000000 20.05822464
4.96000000 19.23951396
4.97000000 18.27722994
4.98000000 17.18552172
4.99000000 15.98268582
5.00000000 14.69071557
5.01000000 13.33488407
5.02000000 11.94225226
5.03000000 10.54095870
5.04000000 9.15792244
5.05000000 7.81818407
5.06000000 6.54283839
5.07000000 5.34849075
5.08000000 4.24622364
5.09000000 3.24177596
5.10000000 2.33552978
5.11000000 1.52353598
5.12000000 0.79827115
5.13000000 0.15021968
5.14000000 -0.43100208
5.15000000 -0.95548099
5.16000000 -1.43184388
5.17000000 -1.86679036
5.18000000 -2.26466262
5.19000000 -2.62762085
5.20000000 -2.95597208
5.21000000 -3.24888672
5.22000000 -3.50504816
5.23000000 -3.72346967
5.24000000 -3.90405584
5.25000000 -4.04809661
5.26000000 -4.15833784
5.27000000 -4.23894684
5.28000000 -4.29510171
5.29000000 -4.33248014
5.30000000 -4.35650049
5.31000000 -4.37184554
5.32000000 -4.38167228
5.33000000 -4.38742087
5.34000000 -4.38840043
5.35000000 -4.38203894
5.36000000 -4.36400355
5.37000000 -4.32872844
5.38000000 -4.26993391
5.39000000 -4.18127842
5.40000000 -4.05681910
5.41000000 -3.89159696
5.42000000 -3.68181718
5.43000000 -3.42509471
5.44000000 -3.12031531
5.45000000 -2.76760988
5.46000000 -2.36796720
5.47000000 -1.92315577
5.48000000 -1.43531718
5.49000000 -0.90700331
5.50000000 -0.34098930
5.51000000 0.25945248
5.52000000 0.89054491
5.53000000 1.54751692
5.54000000 2.22453549
5.55000000 2.91419348
5.56000000 3.60767050
5.57000000 4.29432153
5.58000000 4.96217599
5.59000000 5.59797602
5.60000000 6.18778692
5.61000000 6.71744911
5.62000000 7.17337151
5.63000000 7.54291330
5.64000000 7.81524595
5.65000000 7.98162518
5.66000000 8.03582681
5.67000000 7.97433656
5.68000000 7.79630733
5.69000000 7.50346562
5.70000000 7.09999979
5.71000000 6.59205461
5.72000000 5.98764701
5.73000000 5.29606321
5.74000000 4.52781861
5.75000000 3.69409768
5.76000000 2.80676485
5.77000000 1.87785982
5.78000000 0.91969487
5.79000000 -0.05571429
5.80000000 -1.03649687
5.81000000 -2.01156560
5.82000000 -2.97046017
5.83000000 -3.90397142
5.84000000 -4.80396405
5.85000000 -5.66385803
5.86000000 -6.47838560
5.87000000 -7.24375301
5.88000000 -7.95729339
5.89000000 -8.61745995
5.90000000 -9.22320585
5.91000000 -9.77389274
5.92000000 -10.26877242
5.93000000 -10.70677336
5.94000000 -11.08641583
5.95000000 -11.40558592
5.96000000 -11.66169179
5.97000000 -11.85197154
5.98000000 -11.97371859
5.99000000 -12.02471501
6.00000000 -12.00337365
6.01000000 -11.90937950
6.02000000 -11.74344152
6.03000000 -11.50752722
6.04000000 -11.20455469
6.05000000 -10.83801837
6.06000000 -10.41143857
6.07000000 -9.92799797
6.08000000 -9.38961641
6.09000000 -8.79700669
6.10000000 -8.14904829
6.11000000 -7.44296608
6.12000000 -6.67464601
6.13000000 -5.83922492
6.14000000 -4.93181255
6.15000000 -3.94867838
6.16000000 -2.88820981
6.17000000 -1.75172802
6.18000000 -0.54469145
6.19000000 0.72326849
6.20000000 2.03772653
6.21000000 3.38020404
6.22000000 4.72833798
6.23000000 6.05752290
6.24000000 7.34158018
6.25000000 8.55471019
6.26000000 9.67246774
6.27000000 10.67354078
6.28000000 11.54024520
6.29000000 12.25969106
6.30000000 12.82364212
6.31000000 13.22868353
6.32000000 13.47549106
6.33000000 13.56814264
6.34000000 13.51332365
6.35000000 13.31901306
6.36000000 12.99395634
6.37000000 12.54668916
6.38000000 11.98530986
6.39000000 11.31709911
6.40000000 10.54897176
6.41000000 9.68758064
6.42000000 8.74009565
6.43000000 7.71469352
6.44000000 6.62091304
6.45000000 5.47048204
6.46000000 4.27687095
6.47000000 3.05578843
6.48000000 1.82413562
6.49000000 0.59993171
6.50000000 -0.59906166
6.51000000 -1.75579133
6.52000000 -2.85524705
6.53000000 -3.88481198
6.54000000 -4.83521207
6.55000000 -5.70042191
6.56000000 -6.47788889
6.57000000 -7.16793724
6.58000000 -7.77341589
6.59000000 -8.29862948
6.60000000 -8.74867443
6.61000000 -9.12842071
6.62000000 -9.44201209
6.63000000 -9.69201614
6.64000000 -9.87949241
6.65000000 -10.00387575
6.66000000 -10.06317329
6.67000000 -10.05482337
6.68000000 -9.97600021
6.69000000 -9.82449936
6.70000000 -9.59955809
6.71000000 -9.30223581
6.72000000 -8.93593697
6.73000000 -8.50632537
6.74000000 -8.02148769
6.75000000 -7.49122291
6.76000000 -6.92679183
6.77000000 -6.33997354
6.78000000 -5.74254940
6.79000000 -5.14535107
6.80000000 -4.55807155
6.81000000 -3.98852125
6.82000000 -3.44291907
6.83000000 -2.92556259
6.84000000 -2.43954706
6.85000000 -1.98695209
6.86000000 -1.56961672
6.87000000 -1.18954427
6.88000000 -0.84957958
6.89000000 -0.55356998
6.90000000 -0.30668130
6.91000000 -0.11512781
6.92000000 0.01404936
6.93000000 0.07363441
6.94000000 0.05685723
6.95000000 -0.04174333
6.96000000 -0.22558826
6.97000000 -0.49537906
6.98000000 -0.84875126
6.99000000 -1.27988047
7.00000000 -1.77979588
7.01000000 -2.33655487
7.02000000 -2.93611189
7.03000000 -3.56295072
7.04000000 -4.20127649
7.05000000 -4.83578462
7.06000000 -5.45273382
7.07000000 -6.04047964
7.08000000 -6.59007569
7.09000000 -7.09522509
7.10000000 -7.55229769
7.11000000 -7.95960636
7.12000000 -8.31698042
7.13000000 -8.62469970
7.14000000 -8.88278250
7.15000000 -9.09001438
7.16000000 -9.24346720
7.17000000 -9.33814573
7.18000000 -9.36679575
7.19000000 -9.32024074
7.20000000 -9.18792292
7.21000000 -8.95855094
7.22000000 -8.62119239
7.23000000 -8.16588785
7.24000000 -7.58480557
7.25000000 -6.87267825
7.26000000 -6.02741254
7.27000000 -5.05000572
7.28000000 -3.94473606
7.29000000 -2.71843727
7.30000000 -1.38037139
7.31000000 0.05879768
7.32000000 1.58711494
7.33000000 3.19232541
7.34000000 4.86154689
7.35000000 6.58199853
7.36000000 8.34000487
7.37000000 10.12146778
7.38000000 11.91056721
7.39000000 13.68990241
7.40000000 15.43940658
7.41000000 17.13686056
7.42000000 18.75718703
7.43000000 20.27352618
7.44000000 21.65759712
7.45000000 22.88095467
7.46000000 23.91660778
7.47000000 24.74025500
7.48000000 25.33200715
7.49000000 25.67743973
7.50000000 25.76918372
7.51000000 25.60688460
7.52000000 25.19801708
7.53000000 24.55686526
7.54000000 23.70396046
7.55000000 22.66494367
7.56000000 21.46859463
7.57000000 20.14564027
7.58000000 18.72660107
7.59000000 17.24101360
7.60000000 15.71566213
7.61000000 14.17445488
7.62000000 12.63753639
7.63000000 11.12183880
7.64000000 9.64115763
7.65000000 8.20697928
7.66000000 6.82876634
7.67000000 5.51505088
7.68000000 4.27340544
7.69000000 3.11107824
7.70000000 2.03490008
7.71000000 1.05074402
7.72000000 0.16357197
7.73000000 -0.62346309
7.74000000 -1.30920979
7.75000000 -1.89515838
7.76000000 -2.38534348
7.77000000 -2.78647563
7.78000000 -3.10738853
7.79000000 -3.35851179
7.80000000 -3.55100711
7.81000000 -3.69589701
7.82000000 -3.80314766
7.83000000 -3.88105293
7.84000000 -3.93564382
7.85000000 -3.97066372
7.86000000 -3.98766091
7.87000000 -3.98660959
7.88000000 -3.96662312
7.89000000 -3.92691762
7.90000000 -3.86774255
7.91000000 -3.79122750
7.92000000 -3.70195316
7.93000000 -3.60726252
7.94000000 -3.51707472
7.95000000 -3.44340227
7.96000000 -3.39956918
7.97000000 -3.39900131
7.98000000 -3.45412036
7.99000000 -3.57514646
8.00000000 -3.76907316
8.01000000 -4.03900686
8.02000000 -4.38370454
8.03000000 -4.79793996
8.04000000 -5.27261468
8.05000000 -5.79584290
8.05999900 -6.35382392
8.07000000 -6.93226932
8.08000000 -7.51722922
8.09000000 -8.09617245
8.09999900 -8.65869091
8.11000000 -9.19697157
8.12000000 -9.70553401
8.13000000 -10.18103294
8.13999900 -10.62158401
8.15000000 -11.02612601
8.16000000 -11.39325122
8.17000000 -11.72065825
8.17999900 -12.00441896
8.19000000 -12.23855837
8.20000000 -12.41507422
8.21000000 -12.52409917
8.22000000 -12.55439789
8.23000000 -12.49421943
8.24000000 -12.33212442
8.25000000 -12.05788951
8.26000000 -11.66347689
8.27000000 -11.14381015
8.28000000 -10.49707286
8.29000000 -9.72538683
8.30000000 -8.83459492
8.30999900 -7.83421614
8.32000000 -6.73670361
8.33000000 -5.55739704
8.34000000 -4.31348571
8.34999900 -3.02357209
8.36000000 -1.70651276
8.37000000 -0.38154317
8.38000000 0.93265082
8.38999900 2.21810464
8.40000000 3.45826205
8.41000000 4.63746862
8.42000000 5.74139435
8.42999900 6.75691569
8.44000000 7.67241741
8.45000000 8.47721314
8.46000000 9.16180009
8.47000000 9.71789557
8.48000000 10.13842859
8.49000000 10.41774730
8.50000000 10.55163583
8.51000000 10.53759027
8.52000000 10.37525539
8.53000000 10.06649594
8.54000000 9.61571149
8.55000000 9.03018695
8.55999900 8.32020079
8.57000000 7.49887888
8.58000000 6.58242014
8.59000000 5.58960933
8.59999900 4.54158988
8.61000000 3.46079873
8.62000000 2.37084105
8.63000000 1.29522232
8.63999900 0.25667437
8.65000000 -0.72414495
8.66000000 -1.62881943
8.67000000 -2.44218780
8.67999900 -3.15255363
8.69000000 -3.75210595
8.70000000 -4.23634118
8.71000000 -4.60403042
8.72000000 -4.85646950
8.73000000 -4.99687071
8.74000000 -5.02965046
8.75000000 -4.95971270
8.76000000 -4.79198123
8.77000000 -4.53117489
8.78000000 -4.18176060
8.79000000 -3.74820897
8.80000000 -3.23554190
8.80999900 -2.64997968
8.82000000 -1.99940028
8.83000000 -1.29434507
8.84000000 -0.54818951
8.84999900 0.22252031
8.86000000 0.99854568
8.87000000 1.75807874
8.88000000 2.47788557
8.88999900 3.13439187
8.90000000 3.70520370
8.91000000 4.17013467
8.92000000 4.51263230
8.92999900 4.72078726
8.94000000 4.78794206
8.95000000 4.71280328
8.96000000 4.49928344
8.97000000 4.15581417
8.98000000 3.69438435
8.99000000 3.12931531
9.00000000 2.47616897
9.01000000 1.75058679
9.02000000 0.96747512
9.03000000 0.14022058
9.04000000 -0.71906220
9.05000000 -1.59962063
9.05999900 -2.49147482
9.07000000 -3.38499436
9.08000000 -4.26977179
9.09000000 -5.13430101
9.09999900 -5.96542620
9.11000000 -6.74856740
9.12000000 -7.46762494
9.13000000 -8.10578962
9.13999900 -8.64665549
9.15000000 -9.07526978
9.16000000 -9.37923562
9.17000000 -9.54986601
9.17999900 -9.58309555
9.19000000 -9.47975947
9.20000000 -9.24580413
9.21000000 -8.89165101
9.22000000 -8.43149267
9.23000000 -7.88208693
9.24000000 -7.26137613
9.25000000 -6.58728458
9.26000000 -5.87658916
9.27000000 -5.14403495
9.28000000 -4.40165330
9.29000000 -3.65913359
9.30000000 -2.92387882
9.30999900 -2.20183741
9.32000000 -1.49806277
9.33000000 -0.81801213
9.34000000 -0.16807920
9.34999900 0.44383027
9.36000000 1.00828961
9.37000000 1.51429863
9.38000000 1.95011857
9.38999900 2.30409016
9.40000000 2.56591838
9.41000000 2.72754591
9.42000000 2.78440692
9.42999900 2.73612936
9.44000000 2.58689263
9.45000000 2.34542094
9.46000000 2.02445291
9.46999900 1.63998003
9.48000000 1.20988726
9.49000000 0.75293604
9.50000000 0.28731534
9.51000000 -0.17035420
9.52000000 -0.60584559
9.53000000 -1.00792787
9.54000000 -1.36816112
9.55000000 -1.68082130
9.55999900 -1.94225654
9.57000000 -2.15030346
9.58000000 -2.30339947
9.59000000 -2.40010127
9.59999900 -2.43865162
9.61000000 -2.41688862
9.62000000 -2.33242999
9.63000000 -2.18313117
9.63999900 -1.96780343
9.65000000 -1.68681699
9.66000000 -1.34299096
9.67000000 -0.94198212
9.67999900 -0.49268045
9.69000000 -0.00692461
9.70000000 0.50060258
9.71000000 1.01327628
9.71999900 1.51341608
9.73000000 1.98350917
9.74000000 2.40707918
9.75000000 2.76980382
9.76000000 3.06023451
9.77000000 3.27025284
9.78000000 3.39527979
9.79000000 3.43398651
9.80000000 3.38805119
9.80999900 3.26149992
9.82000000 3.06021902
9.83000000 2.79132409
9.84000000 2.46287968
9.84999900 2.08367967
9.86000000 1.66307796
9.87000000 1.21150255
9.88000000 0.74052110
9.88999900 0.26333091
9.90000000 -0.20523667
9.91000000 -0.64827654
9.92000000 -1.04719286
9.92999900 -1.38205937
9.94000000 -1.63242469
9.95000000 -1.77802959
9.96000000 -1.80007406
9.96999900 -1.68229405
9.98000000 -1.41190334
9.99000000 -0.98055411
10.00000000 -0.38481565
10.01000000 0.37356495
10.02000000 1.28770747
10.03000000 2.34641498
10.04000000 3.53433375
10.05000000 4.83309712
10.06000000 6.22203171
10.07000000 7.67945139
10.08000000 9.18257342
10.09000000 10.70846447
10.10000000 12.23402045
10.11000000 13.73669069
10.12000000 15.19356709
10.13000000 16.58160159
10.14000000 17.87783487
10.15000000 19.05957659
10.16000000 20.10425760
10.17000000 20.99020969
10.18000000 21.69745999
10.19000000 22.20879017
10.20000000 22.51029107
10.21000000 22.59256199
10.22000000 22.45126484
10.23000000 22.08755081
10.24000000 21.50847931
10.25000000 20.72641283
10.26000000 19.75830739
10.27000000 18.62522040
10.28000000 17.35049354
10.29000000 15.95916743
10.30000000 14.47641192
10.31000000 12.92674690
10.32000000 11.33252903
10.33000000 9.71472169
10.34000000 8.09175089
10.35000000 6.48012257
10.36000000 4.89414853
10.37000000 3.34711653
10.38000000 1.85115257
10.39000000 0.41769449
10.40000000 -0.94297409
10.41000000 -2.22108566
10.42000000 -3.40837050
10.43000000 -4.49832207
10.44000000 -5.48733099
10.45000000 -6.37450413
10.46000000 -7.16259978
10.47000000 -7.85796707
10.48000000 -8.47054345
10.49000000 -9.01291703
10.50000000 -9.49972826
10.51000000 -9.94629785
10.52000000 -10.36746750
10.53000000 -10.77628743
10.54000000 -11.18274846
10.55000000 -11.59322153
10.56000000 -12.00967788
10.57000000 -12.43018547
10.58000000 -12.84906888
10.59000000 -13.25794154
10.60000000 -13.64672231
10.61000000 -14.00509314
10.62000000 -14.32348135
10.63000000 -14.59388884
10.64000000 -14.81098595
10.65000000 -14.97176977
10.66000000 -15.07561698
10.67000000 -15.12365083
10.68000000 -15.11769664
10.69000000 -15.05932900
10.70000000 -14.94896397
10.71000000 -14.78482639
10.72000000 -14.56299858
10.73000000 -14.27672248
10.74000000 -13.91740505
10.75000000 -13.47528420
10.76000000 -12.94061192
10.77000000 -12.30513478
10.78000000 -11.56317397
10.79000000 -10.71322409
10.80000000 -9.75852391
10.81000000 -8.70764218
10.82000000 -7.57400908
10.83000000 -6.37568803
10.84000000 -5.13416456
10.85000000 -3.87300140
10.86000000 -2.61592958
10.87000000 -1.38603349
10.88000000 -0.20400541
10.89000000 0.91265706
10.90000000 1.95049108
10.91000000 2.89962462
10.92000000 3.75377278
10.93000000 4.50950437
10.94000000 5.16556759
10.95000000 5.72162086
10.96000000 6.17766667
10.97000000 6.53334237
10.98000000 6.78790769
10.99000000 6.93987623
11.00000000 6.98774636
11.01000000 6.93048765
11.02000000 6.76838682
11.03000000 6.50363854
11.04000000 6.14118862
11.05000000 5.68899591
11.06000000 5.15826305
11.07000000 4.56280977
11.08000000 3.91891048
11.09000000 3.24406394
11.10000000 2.55614852
11.11000000 1.87195112
11.12000000 1.20665982
11.13000000 0.57269816
11.14000000 -0.02069546
11.15000000 -0.56784901
11.16000000 -1.06624453
11.17000000 -1.51632405
11.18000000 -1.92079268
11.19000000 -2.28403222
11.20000000 -2.61115971
11.21000000 -2.90759369
11.22000000 -3.17845735
11.23000000 -3.42847792
11.24000000 -3.66174642
11.25000000 -3.88195228
11.26000000 -4.09247541
11.27000000 -4.29681185
11.28000000 -4.49852109
11.29000000 -4.70144466
11.30000000 -4.90950869
11.31000000 -5.12644783
11.32000000 -5.35548863
11.33000000 -5.59861987
11.34000000 -5.85619064
11.35000000 -6.12633371
11.36000000 -6.40481301
11.37000000 -6.68472748
11.38000000 -6.95682787
11.39000000 -7.20980956
11.40000000 -7.43116098
11.41000000 -7.60783511
11.42000000 -7.72724176
11.43000000 -7.77799260
11.44000000 -7.75077933
11.45000000 -7.63894720
11.46000000 -7.43864628
11.47000000 -7.14898563
11.48000000 -6.77170593
11.49000000 -6.31098790
11.50000000 -5.77280128
11.51000000 -5.16458483
11.52000000 -4.49448246
11.53000000 -3.77151480
11.54000000 -3.00517164
11.55000000 -2.20557032
11.56000000 -1.38370795
11.57000000 -0.55142873
11.58000000 0.27786089
11.59000000 1.08939612
11.60000000 1.86690243
11.61000000 2.59329363
11.62000000 3.25074052
11.63000000 3.82185536
11.64000000 4.29055112
11.65000000 4.64337403
11.66000000 4.87023632
11.67000000 4.96557651
11.68000000 4.92882618
11.69000000 4.76472980
11.70000000 4.48301139
11.71000000 4.09792435
11.72000000 3.62718914
11.73000000 3.09060285
11.74000000 2.50891830
11.75000000 1.90230209
11.76000000 1.28933884
11.77000000 0.68586870
11.78000000 0.10481349
11.79000000 -0.44405815
11.80000000 -0.95380950
11.81000000 -1.41967198
11.82000000 -1.83841384
11.83000000 -2.20722018
11.84000000 -2.52314262
11.85000000 -2.78252523
11.86000000 -2.98089797
11.87000000 -3.11307698
11.88000000 -3.17377168
11.89000000 -3.15841312
11.90000000 -3.06414431
11.91000000 -2.89081552
11.92000000 -2.64185576
11.93000000 -2.32484768
11.94000000 -1.95149216
11.95000000 -1.53749756
11.96000000 -1.10152904
11.97000000 -0.66406782
11.98000000 -0.24558614
11.99000000 0.13487389
12.00000000 0.46164919
12.01000000 0.72376585
12.02000000 0.91617556
12.03000000 1.04010869
12.04000000 1.10317140
12.05000000 1.11866229
12.06000000 1.10443560
12.07000000 1.08140315
12.08000000 1.07173226
12.09000000 1.09708215
12.10000000 1.17698591
12.11000000 1.32743858
12.12000000 1.56010882
12.13000000 1.88173737
12.14000000 2.29425954
12.15000000 2.79540564
12.16000000 3.37922084
12.17000000 4.03718512
12.18000000 4.75908769
12.19000000 5.53420492
12.20000000 6.35163374
12.21000000 7.20079455
12.22000000 8.07154064
12.23000000 8.95428015
12.24000000 9.83908931
12.25000000 10.71555481
12.26000000 11.57224235
12.27000000 12.39665650
12.28000000 13.17463373
12.29000000 13.89091492
12.30000000 14.52953959
12.31000000 15.07439918
12.32000000 15.51060339
12.33000000 15.82500586
12.34000000 16.00751984
12.35000000 16.05189457
12.36000000 15.95647118
12.37000000 15.72405558
12.38000000 15.36236192
12.39000000 14.88327825
12.40000000 14.30198235
12.41000000 13.63601675
12.42000000 12.90431038
12.43000000 12.12573175
12.44000000 11.31787939
12.45000000 10.49647756
12.46000000 9.67453672
12.47000000 8.86204856
12.48000000 8.06561848
12.49000000 7.28926113
12.50000000 6.53437773
12.51000000 5.80062980
12.52000000 5.08616578
12.53000000 4.38880816
12.54000000 3.70623691
12.55000000 3.03646947
12.56000000 2.37820732
12.57000000 1.73064135
12.58000000 1.09377490
12.59000000 0.46806855
12.60000000 -0.14571143
12.61000000 -0.74687937
12.62000000 -1.33467570
12.63000000 -1.90856416
12.64000000 -2.46815338
12.65000000 -3.01328058
12.66000000 -3.54359367
12.67000000 -4.05841618
12.68000000 -4.55654301
12.69000000 -5.03608766
12.70000000 -5.49407808
12.71000000 -5.92649981
12.72000000 -6.32825696
12.73000000 -6.69332299
12.74000000 -7.01482342
12.75000000 -7.28536802
12.76000000 -7.49744472
12.77000000 -7.64386433
12.78000000 -7.71802030
12.79000000 -7.71444489
12.80000000 -7.62918811
12.81000000 -7.46010926
12.82000000 -7.20721876
12.83000000 -6.87281890
12.84000000 -6.46167276
12.85000000 -5.98095331
12.86000000 -5.44007717
12.87000000 -4.85065893
12.88000000 -4.22609471
12.89000000 -3.58122726
12.90000000 -2.93157883
12.91000000 -2.29322951
12.92000000 -1.68189314
12.93000000 -1.11249435
12.94000000 -0.59831413
12.95000000 -0.15083200
12.96000000 0.22096816
12.97000000 0.51076957
12.98000000 0.71529486
12.99000000 0.83410360
13.00000000 0.86958794
13.01000000 0.82672804
13.02000000 0.71269299
13.03000000 0.53636300
13.04000000 0.30784946
13.05000000 0.03793576
13.06000000 -0.26250610
13.07000000 -0.58288111
13.08000000 -0.91336543
13.09000000 -1.24524884
13.10000000 -1.57113322
13.11000000 -1.88521572
13.12000000 -2.18320988
13.13000000 -2.46245208
13.14000000 -2.72176192
13.15000000 -2.96141181
13.16000000 -3.18279268
13.17000000 -3.38830318
13.18000000 -3.58098468
13.19000000 -3.76431654
13.20000000 -3.94179004
13.21000000 -4.11668532
13.22000000 -4.29165788
13.23000000 -4.46862311
13.24000000 -4.64837912
13.25000000 -4.83058043
13.26000000 -5.01364378
13.27000000 -5.19486595
13.28000000 -5.37054077
13.29000000 -5.53616157
13.30000000 -5.68685171
13.31000000 -5.81766113
13.32000000 -5.92383684
13.33000000 -6.00124512
13.34000000 -6.04649043
13.35000000 -6.05710699
13.36000000 -6.03151111
13.37000000 -5.96893365
13.38000000 -5.86920897
13.39000000 -5.73249195
13.40000000 -5.55906840
13.41000000 -5.34913310
13.42000000 -5.10266950
13.43000000 -4.81950438
13.44000000 -4.49941143
13.45000000 -4.14255875
13.46000000 -3.74982611
13.47000000 -3.32344101
13.48000000 -2.86725898
13.49000000 -2.38738805
13.50000000 -1.89235610
13.51000000 -1.39316752
13.52000000 -0.90279725
13.53000000 -0.43603061
13.54000000 -0.00839710
13.55000000 0.36470631
13.56000000 0.66931251
13.57000000 0.89375424
13.58000000 1.02973402
13.59000000 1.07313317
13.60000000 1.02428094
13.61000000 0.88801102
13.62000000 0.67318332
13.63000000 0.39194935
13.64000000 0.05857240
13.65000000 -0.31192503
13.66000000 -0.70501386
13.67000000 -1.10797427
13.68000000 -1.51089091
13.69000000 -1.90740119
13.70000000 -2.29472177
13.71000000 -2.67353656
13.72000000 -3.04727662
13.73000000 -3.42124998
13.74000000 -3.80121719
13.75000000 -4.19227795
13.76000000 -4.59758120
13.77000000 -5.01758803
13.78000000 -5.44926363
13.79000000 -5.88606195
13.80000000 -6.31815820
13.81000000 -6.73329528
13.82000000 -7.11756060
13.83000000 -7.45676112
13.84000000 -7.73746051
13.85000000 -7.94819221
13.86000000 -8.08038376
13.87000000 -8.12858937
13.88000000 -8.09083644
13.89000000 -7.96817452
13.90000000 -7.76409120
13.91000000 -7.48370564
13.92000000 -7.13270702
13.93000000 -6.71654565
13.94000000 -6.23945756
13.95000000 -5.70429716
13.96000000 -5.11214711
13.97000000 -4.46275493
13.98000000 -3.75479449
13.99000000 -2.98712714
14.00000000 -2.15945107
14.01000000 -1.27348590
14.02000000 -0.33350834
14.03000000 0.65255325
14.04000000 1.67319414
14.05000000 2.71313714
14.06000000 3.75432413
14.07000000 4.77607627
14.08000000 5.75655008
14.09000000 6.67386782
14.10000000 7.50722501
14.11000000 8.23837663
14.12000000 8.85200687
14.13000000 9.33678005
14.14000000 9.68549367
14.15000000 9.89523210
14.16000000 9.96690910
14.17000000 9.90490577
14.18000000 9.71652595
14.19000000 9.41107307
14.20000000 8.99950861
14.21000000 8.49367664
14.22000000 7.90611130
14.23000000 7.24920096
14.24000000 6.53563490
14.25000000 5.77790063
14.26000000 4.98842304
14.27000000 4.17919981
14.28000000 3.36219234
14.29000000 2.54898881
14.30000000 1.75067636
14.31000000 0.97748808
14.32000000 0.23889825
14.33000000 -0.45671799
14.34000000 -1.10229554
14.35000000 -1.69202766
14.36000000 -2.22159173
14.37000000 -2.68773546
14.38000000 -3.08825247
14.39000000 -3.42175706
14.40000000 -3.68743542
14.41000000 -3.88470958
14.42000000 -4.01307677
14.43000000 -4.07205024
14.44000000 -4.06103030
14.45000000 -3.97937485
14.46000000 -3.82645888
14.47000000 -3.60188050
14.48000000 -3.30542761
14.49000000 -2.93737444
14.50000000 -2.49838076
14.51000000 -1.98962138
14.52000000 -1.41248572
14.53000000 -0.76887954
14.54000000 -0.06095259
14.55000000 0.70876480
14.56000000 1.53753204
14.57000000 2.42177817
14.58000000 3.35699169
14.59000000 4.33724471
14.60000000 5.35505909
14.61000000 6.40044026
14.62000000 7.46102647
14.63000000 8.52170745
14.64000000 9.56506060
14.65000000 10.57187544
14.66000000 11.52153627
14.67000000 12.39360178
14.68000000 13.16871379
14.69000000 13.83046158
14.70000000 14.36620024
14.71000000 14.76845005
14.72000000 15.03562223
14.73000000 15.17235719
14.74000000 15.18906814
14.75000000 15.10138137
14.76000000 14.92882072
14.77000000 14.69284858
14.78000000 14.41524710
14.79000000 14.11628956
14.80000000 13.81278807
14.81000000 13.51680223
14.82000000 13.23506996
14.83000000 12.96852364
14.84000000 12.71308629
14.85000000 12.46039821
14.86000000 12.19945117
14.87000000 11.91840433
14.88000000 11.60617392
14.89000000 11.25410235
14.90000000 10.85722444
14.91000000 10.41490935
14.92000000 9.93088979
14.93000000 9.41283694
14.94000000 8.87109753
14.95000000 8.31752854
14.96000000 7.76372509
14.97000000 7.21949095
14.98000000 6.69147947
14.99000000 6.18231469
15.00000000 5.69044531
15.01000000 5.21026341
15.02000000 4.73276920
15.03000000 4.24719770
15.04000000 3.74237135
15.05000000 3.20830928
15.06000000 2.63765070
15.07000000 2.02692129
15.08000000 1.37696069
15.09000000 0.69317386
15.10000000 -0.01540699
15.11000000 -0.73676467
15.12000000 -1.45755117
15.13000000 -2.16466982
15.14000000 -2.84677442
15.15000000 -3.49583246
15.16000000 -4.10771655
15.17000000 -4.68280419
15.18000000 -5.22569159
15.19000000 -5.74465882
15.20000000 -6.25025670
15.21000000 -6.75400922
15.22000000 -7.26680429
15.23000000 -7.79768049
15.24000000 -8.35240250
15.25000000 -8.93293527
15.26000000 -9.53715284
15.27000000 -10.15938113
15.28000000 -10.79077631
15.29000000 -11.42072256
15.30000000 -12.03791534
15.31000000 -12.63188481
15.32000000 -13.19368753
15.33000000 -13.71693574
15.34000000 -14.19815527
15.35000000 -14.63671242
15.36000000 -15.03417422
15.37000000 -15.39373549
15.38000000 -15.71909644
15.39000000 -16.01333572
15.40000000 -16.27829121
15.41000000 -16.51337698
15.42000000 -16.71563223
15.43000000 -16.87937856
15.44000000 -16.99688901
15.45000000 -17.05883910
15.46000000 -17.05522471
15.47000000 -16.97642624
15.48000000 -16.81401377
15.49000000 -16.56169992
15.50000000 -16.21560532
15.51000000 -15.77468218
15.52000000 -15.24034664
15.53000000 -14.61657570
15.54000000 -13.90874146
15.55000000 -13.12347729
15.56000000 -12.26753538
15.57000000 -11.34763330
15.58000000 -10.36987221
15.59000000 -9.33971571
15.60000000 -8.26187134
15.61000000 -7.14114784
15.62000000 -5.98247999
15.63000000 -4.79184043
15.64000000 -3.57676655
15.65000000 -2.34644838
15.66000000 -1.11266090
15.67000000 0.11064163
15.68000000 1.30738038
15.69000000 2.46018940
15.70000000 3.55053190
15.71000000 4.55993203
15.72000000 5.47073147
15.73000000 6.26715773
15.74000000 6.93573204
15.75000000 7.46604992
15.76000000 7.85119331
15.77000000 8.08792751
15.78000000 8.17644951
15.79000000 8.12027493
15.80000000 7.92593824
15.81000000 7.60230388
15.82000000 7.16026286
15.83000000 6.61216417
15.84000000 5.97129050
15.85000000 5.25134761
15.86000000 4.46637212
15.87000000 3.63026504
15.88000000 2.75658859
15.89000000 1.85854935
15.90000000 0.94843514
15.91000000 0.03815870
15.92000000 -0.86120780
15.93000000 -1.73924780
15.94000000 -2.58645133
15.95000000 -3.39368240
15.96000000 -4.15235886
15.97000000 -4.85417043
15.98000000 -5.49119102
15.99000000 -6.05535095
16.00000000 -6.53861407
16.01000000 -6.93291976
16.02000000 -7.23029145
16.03000000 -7.42300850
16.04000000 -7.50409201
16.05000000 -7.46754048
16.06000000 -7.30892881
16.07000000 -7.02606647
16.08000000 -6.61929022
16.09000000 -6.09202005
16.10000000 -5.45095850
16.11000000 -4.70636495
16.12000000 -3.87118506
16.13000000 -2.96169565
16.14000000 -1.99623618
16.15000000 -0.99461573
16.16000000 0.02271874
16.17000000 1.03564414
16.18000000 2.02513758
16.19000000 2.97406671
16.20000000 3.86767441
16.21000000 4.69446155
16.22000000 5.44546464
16.23000000 6.11478955
16.24000000 6.69923836
16.25000000 7.19782319
16.26000000 7.61138989
16.27000000 7.94209656
16.28000000 8.19281026
16.29000000 8.36704514
16.30000000 8.46822838
16.31000000 8.49993999
16.32000000 8.46560888
16.33000000 8.36870475
16.34000000 8.21273816
16.35000000 8.00151750
16.36000000 7.73924619
16.37000000 7.43037926
16.38000000 7.08005826
16.39000000 6.69380756
16.40000000 6.27750334
16.41000000 5.83722960
16.42000000 5.37908529
16.43000000 4.90899074
16.44000000 4.43257416
16.45000000 3.95505756
16.46000000 3.48081926
16.47000000 3.01394097
16.48000000 2.55778625
16.49000000 2.11524112
16.50000000 1.68871257
16.51000000 1.28032163
16.52000000 0.89191865
16.53000000 0.52529350
16.54000000 0.18196423
16.55000000 -0.13638670
16.56000000 -0.42813625
16.57000000 -0.69172754
16.58000000 -0.92565211
16.59000000 -1.12856250
16.60000000 -1.29931513
16.61000000 -1.43706380
16.62000000 -1.54145321
16.63000000 -1.61255672
16.64000000 -1.65109820
16.65000000 -1.65848994
16.66000000 -1.63691160
16.67000000 -1.58933209
16.68000000 -1.51948253
16.69000000 -1.43179616
16.70000000 -1.33127768
16.71000000 -1.22323257
16.72000000 -1.11313009
16.73000000 -1.00624237
16.74000000 -0.90735621
16.75000000 -0.82042785
16.76000000 -0.74838638
16.77000000 -0.69288526
16.78000000 -0.65425569
16.79000000 -0.63142523
16.80000000 -0.62212794
16.81000000 -0.62306432
16.82000000 -0.63022676
16.83000000 -0.63917184
16.84000000 -0.64542897
16.85000000 -0.64475683
16.86000000 -0.63336088
16.87000000 -0.60801397
16.88000000 -0.56605140
16.89000000 -0.50525823
16.90000000 -0.42366156
16.91000000 -0.31926727
16.92000000 -0.18981918
16.93000000 -0.03254556
16.94000000 0.15593044
16.95000000 0.37955598
16.96000000 0.64289018
16.97000000 0.95053439
16.98000000 1.30690062
16.99000000 1.71566049
17.00000000 2.17929239
17.01000000 2.69852690
17.02000000 3.27210767
17.03000000 3.89628400
17.04000000 4.56547271
17.05000000 5.27153303
17.06000000 6.00468025
17.07000000 6.75381621
17.08000000 7.50709557
17.09000000 8.25242710
17.10000000 8.97811093
17.11000000 9.67304139
17.12000000 10.32758278
17.13000000 10.93264883
17.14000000 11.48057935
17.15000000 11.96442045
17.16000000 12.37801093
17.17000000 12.71563060
17.18000000 12.97174863
17.19000000 13.14110855
17.20000000 13.21859392
17.21000000 13.19968503
17.22000000 13.08049447
17.23000000 12.85849632
17.24000000 12.53281789
17.25000000 12.10466792
17.26000000 11.57766454
17.27000000 10.95802875
17.28000000 10.25459196
17.29000000 9.47792080
17.30000000 8.64078065
17.31000000 7.75683342
17.32000000 6.84028291
17.33000000 5.90482150
17.34000000 4.96337317
17.35000000 4.02737585
17.36000000 3.10669176
17.37000000 2.20888665
17.38000000 1.34038336
17.39000000 0.50598043
17.40000000 -0.29054446
17.41000000 -1.04601014
17.42000000 -1.75749850
17.43000000 -2.42206606
17.44000000 -3.03662069
17.45000000 -3.59791598
17.46000000 -4.10308398
17.47000000 -4.54936188
17.48000000 -4.93487997
17.49000000 -5.25887374
17.50000000 -5.52190697
17.51000000 -5.72609206
17.52000000 -5.87495351
17.53000000 -5.97323047
17.54000000 -6.02658582
17.55000000 -6.04099875
17.56000000 -6.02243126
17.57000000 -5.97636400
17.58000000 -5.90742384
17.59000000 -5.81928293
17.60000000 -5.71477522
17.61000000 -5.59596663
17.62000000 -5.46472025
17.63000000 -5.32305061
17.64000000 -5.17358813
17.65000000 -5.02002456
17.66000000 -4.86720254
17.67000000 -4.72122303
17.68000000 -4.58913978
17.69000000 -4.47851574
17.70000000 -4.39684052
17.71000000 -4.35072516
17.72000000 -4.34529073
17.73000000 -4.38369060
17.74000000 -4.46659806
17.75000000 -4.59218018
17.76000000 -4.75638361
17.77000000 -4.95328948
17.78000000 -5.17587277
17.79000000 -5.41690387
17.80000000 -5.66949160
17.81000000 -5.92797062
17.82000000 -6.18829686
17.83000000 -6.44818160
17.84000000 -6.70704213
17.85000000 -6.96548258
17.86000000 -7.22454680
17.87000000 -7.48532482
17.88000000 -7.74777691
17.89000000 -8.01031591
17.90000000 -8.26954104
17.91000000 -8.52009222
17.92000000 -8.75511255
17.93000000 -8.96676172
17.94000000 -9.14740213
17.95000000 -9.29030444
17.96000000 -9.39099895
17.97000000 -9.44764542
17.98000000 -9.46178527
17.99000000 -9.43835810
18.00000000 -9.38504840
18.01000000 -9.31183878
18.02000000 -9.22947539
18.03000000 -9.14834065
18.04000000 -9.07709022
18.05000000 -9.02140596
18.06000000 -8.98345039
18.07000000 -8.96133358
18.08000000 -8.94932737
18.09000000 -8.93892030
18.10000000 -8.91954747
18.11000000 -8.88032902
18.12000000 -8.81132706
18.13000000 -8.70510394
18.14000000 -8.55753602
18.15000000 -8.36832703
18.16000000 -8.14106328
18.17000000 -7.88247866
18.18000000 -7.60127106
18.19000000 -7.30670227
18.20000000 -7.00714866
18.21000000 -6.70818395
18.22000000 -6.41197760
18.23000000 -6.11632082
18.24000000 -5.81467001
18.25000000 -5.49677636
18.26000000 -5.14989291
18.27000000 -4.76038211
18.28000000 -4.31561753
18.29000000 -3.80541963
18.30000000 -3.22404236
18.31000000 -2.57079832
18.32000000 -1.85055102
18.33000000 -1.07326216
18.34000000 -0.25301341
18.35000000 0.59356054
18.36000000 1.44894863
18.37000000 2.29738701
18.38000000 3.12549179
18.39000000 3.92425529
18.40000000 4.68947342
18.41000000 5.42163228
18.42000000 6.12514335
18.43000000 6.80697900
18.44000000 7.47477856
18.45000000 8.13493009
18.46000000 8.79115334
18.47000000 9.44242532
18.48000000 10.08264089
18.49000000 10.70045381
18.50000000 11.27988008
18.51000000 11.80179379
18.52000000 12.24570056
18.53000000 12.59191695
18.54000000 12.82381159
18.55000000 12.92939789
18.56000000 12.90287728
18.57000000 12.74520284
18.58000000 12.46395159
18.59000000 12.07253931
18.60000000 11.58866575
18.61000000 11.03260870
18.62000000 10.42489092
18.63000000 9.78474437
18.64000000 9.12853276
18.65000000 8.46844388
18.66000000 7.81253315
18.67000000 7.16465759
18.68000000 6.52563815
18.69000000 5.89429752
18.70000000 5.26916206
18.71000000 4.64952645
18.72000000 4.03723841
18.73000000 3.43711010
18.74000000 2.85725714
18.75000000 2.30877608
18.76000000 1.80503402
18.77000000 1.36025571
18.78000000 0.98838259
18.79000000 0.70113507
18.80000000 0.50728671
18.81000000 0.41136364
18.82000000 0.41317131
18.83000000 0.50781892
18.84000000 0.68613232
18.85000000 0.93541996
18.86000000 1.24055603
18.87000000 1.58527086
18.88000000 1.95296353
18.89000000 2.32775819
18.90000000 2.69519256
18.91000000 3.04244460
18.92000000 3.35848546
18.93000000 3.63378700
18.94000000 3.86017700
18.95000000 4.03047076
18.96000000 4.13821313
18.97000000 4.17762461
18.98000000 4.14378951
18.99000000 4.03290060
19.00000000 3.84270974
19.01000000 3.57303592
19.02000000 3.22616282
19.03000000 2.80723763
19.04000000 2.32384865
19.05000000 1.78649921
19.06000000 1.20751125
19.07000000 0.60061820
19.08000000 -0.02009354
19.09000000 -0.64095398
19.10000000 -1.24956204
19.11000000 -1.83525610
19.12000000 -2.38983567
19.13000000 -2.90686362
19.14000000 -3.38176475
19.15000000 -3.81116142
19.16000000 -4.19217132
19.17000000 -4.52165596
19.18000000 -4.79571349
19.19000000 -5.00929429
19.20000000 -5.15641854
19.21000000 -5.23030397
19.22000000 -5.22424684
19.23000000 -5.13251895
19.24000000 -4.95145636
19.25000000 -4.68034918
19.26000000 -4.32231530
19.27000000 -3.88459980
19.28000000 -3.37868212
19.29000000 -2.81933638
19.30000000 -2.22421537
19.31000000 -1.61221625
19.32000000 -1.00208766
19.33000000 -0.41096229
19.34000000 0.14688344
19.35000000 0.66095629
19.36000000 1.12479369
19.37000000 1.53632022
19.38000000 1.89661475
19.39000000 2.20929030
19.40000000 2.47924361
19.41000000 2.71122920
19.42000000 2.90888670
19.43000000 3.07386040
19.44000000 3.20545063
19.45000000 3.30089413
19.46000000 3.35591277
19.47000000 3.36574189
19.48000000 3.32652514
19.49000000 3.23642661
19.50000000 3.09688043
19.51000000 2.91319292
19.52000000 2.69482079
19.53000000 2.45501747
19.54000000 2.20969174
19.55000000 1.97637805
19.56000000 1.77235871
19.57000000 1.61297241
19.58000000 1.51018670
19.59000000 1.47128147
19.60000000 1.49833667
19.61000000 1.58819972
19.62000000 1.73308855
19.63000000 1.92177467
19.64000000 2.14102053
19.65000000 2.37734929
19.66000000 2.61847255
19.67000000 2.85470316
19.68000000 3.07959945
19.69000000 3.29022486
19.70000000 3.48682806
19.71000000 3.67163201
19.72000000 3.84783222
19.73000000 4.01795278
19.74000000 4.18252679
19.75000000 4.33894737
19.76000000 4.48099411
19.77000000 4.59870746
19.78000000 4.67900072
19.79000000 4.70699281
19.80000000 4.66736446
19.81000000 4.54628258
19.82000000 4.33299969
19.83000000 4.02141919
19.84000000 3.61078889
19.85000000 3.10631861
19.86000000 2.51862977
19.87000000 1.86244253
19.88000000 1.15574674
19.89000000 0.41760361
19.90000000 -0.33369014
19.91000000 -1.08211133
19.92000000 -1.81523615
19.93000000 -2.52492438
19.94000000 -3.20721462
19.95000000 -3.86230158
19.96000000 -4.49272799
19.97000000 -5.10244356
19.98000000 -5.69524906
19.99000000 -6.27337509
20.00000000 -6.83637461
