0.02000000 -0.03311717
0.03000000 -0.04618022
0.04000000 -0.05614206
0.05000000 -0.06617069
0.06000000 -0.07335726
0.07000000 -0.07930640
0.08000000 -0.08389528
0.09000000 -0.08838189
0.09999999 -0.09328676
0.11000000 -0.09952867
0.12000000 -0.10767971
0.13000000 -0.11805084
0.14000000 -0.13064560
0.15000000 -0.14514993
0.16000000 -0.16095303
0.17000000 -0.17731299
0.18000000 -0.19331111
0.19000000 -0.20814262
0.20000000 -0.22109200
0.21000000 -0.23176245
0.22000000 -0.24003195
0.23000000 -0.24615863
0.24000000 -0.25070573
0.25000000 -0.25447734
0.26000000 -0.25840739
0.27000000 -0.26343042
0.28000000 -0.27032823
0.29000000 -0.27964191
0.30000000 -0.29154652
0.31000000 -0.30585535
0.32000000 -0.32201397
0.33000000 -0.33918234
0.34000000 -0.35635173
0.35000000 -0.37249854
0.36000000 -0.38672104
0.37000000 -0.39839632
0.38000000 -0.40726251
0.39000000 -0.41347549
0.40000000 -0.41759636
0.41000000 -0.42051431
0.42000000 -0.42331704
0.43000000 -0.42713303
0.44000000 -0.43295959
0.45000000 -0.44150921
0.46000000 -0.45309348
0.47000000 -0.46756415
0.48000000 -0.48432736
0.49000000 -0.50243080
0.50000000 -0.52068690
0.51000000 -0.53786508
0.52000000 -0.55287857
0.53000000 -0.56494969
0.54000000 -0.57374362
0.55000000 -0.57942975
0.56000000 -0.58265828
0.57000000 -0.58447916
0.58000000 -0.58618531
0.59000000 -0.58910264
0.60000000 -0.59439557
0.61000000 -0.60287584
0.62000000 -0.61486371
0.63000000 -0.63013260
0.64000000 -0.64793221
0.65000000 -0.66710232
0.66000000 -0.68624131
0.67000000 -0.70394071
0.68000000 -0.71899934
0.69000000 -0.73062535
0.70000000 -0.73857511
0.71000000 -0.74319763
0.72000000 -0.74538473
0.73000000 -0.74643852
0.74000000 -0.74786296
0.75000000 -0.75110186
0.76000000 -0.75731563
0.77000000 -0.76716986
0.78000000 -0.78071427
0.79000000 -0.79735521
0.80000000 -0.81596585
0.81000000 -0.83505666
0.82000000 -0.85304232
0.83000000 -0.86851806
0.84000000 -0.88053230
0.85000000 -0.88877420
0.86000000 -0.89366386
0.87000000 -0.89630230
0.88000000 -0.89830323
0.89000000 -0.90149735
0.90000000 -0.90759759
0.91000000 -0.91781878
0.92000000 -0.93256902
0.93000000 -0.95125249
0.94000000 -0.97223488
0.95000000 -0.99297214
0.96000000 -1.01031916
0.97000000 -1.02101026
0.98000000 -1.02217583
0.98999990 -1.01188767
1.00000000 -0.98961881
1.01000000 -0.95652366
1.02000000 -0.91550778
1.03000000 -0.87102413
1.04000000 -0.82862042
1.05000000 -0.79428544
1.06000000 -0.77363621
1.07000000 -0.77113766
1.08000000 -0.78934928
1.09000000 -0.82843248
1.10000000 -0.88591991
1.11000000 -0.95686175
1.12000000 -1.03430767
1.13000000 -1.11010312
1.14000000 -1.17591332
1.15000000 -1.22432113
1.16000000 -1.24986772
1.17000000 -1.24987804
1.18000000 -1.22496202
1.19000000 -1.17906025
1.20000000 -1.11907452
1.21000000 -1.05402913
1.22000000 -0.99395795
1.23000000 -0.94855527
1.24000000 -0.92586615
1.25000000 -0.93111517
1.26000000 -0.96589244
1.27000000 -1.02782645
1.28000000 -1.11076073
1.29000000 -1.20546752
1.30000000 -1.30080637
1.31000000 -1.38518368
1.32000000 -1.44810088
1.33000000 -1.48161859
1.34000000 -1.48149714
1.35000000 -1.44786740
1.36000000 -1.38532110
1.37000000 -1.30241638
1.38000000 -1.21061406
1.39000000 -1.12279598
1.40000000 -1.05160862
1.41000000 -1.00777041
1.42000000 -0.99863247
1.43000000 -1.02717788
1.44000000 -1.09159654
1.45000000 -1.18550218
1.46000000 -1.29874546
1.47000000 -1.41877510
1.48000000 -1.53227347
1.49000000 -1.62690451
1.50000000 -1.69293899
1.51000000 -1.72448723
1.52000000 -1.72018273
1.53000000 -1.68328690
1.54000000 -1.62110954
1.55000000 -1.54389560
1.56000000 -1.46335543
1.57000000 -1.39097996
1.58000000 -1.33644139
1.59000000 -1.30632622
1.60000000 -1.30332097
1.61000000 -1.32601754
1.62000000 -1.36934177
1.63000000 -1.42554128
1.64000000 -1.48559697
1.65000000 -1.54083752
1.66000000 -1.58453309
1.67000000 -1.61319923
1.68000000 -1.62746253
1.69000000 -1.63230940
1.70000000 -1.63669462
1.71000000 -1.65258526
1.72000000 -1.69347751
1.73000000 -1.77268561
1.74000000 -1.90158365
1.75000000 -2.08803138
1.76000000 -2.33523162
1.77000000 -2.64110079
1.78000000 -2.99831247
1.79000000 -3.39492156
1.80000000 -3.81548352
1.81000000 -4.24261371
1.82000000 -4.65846994
1.83000000 -5.04651167
1.84000000 -5.39259366
1.85000000 -5.68600516
1.86000000 -5.91979169
1.87000000 -6.09074245
1.88000000 -6.19893101
1.89000000 -6.24698558
1.90000000 -6.23926250
1.91000000 -6.18109652
1.92000000 -6.07816937
1.93000000 -5.93631834
1.94000000 -5.76144544
1.95000000 -5.55982187
1.96000000 -5.33858662
1.97000000 -5.10606880
1.98000000 -4.87215210
1.99000000 -4.64823156
2.00000000 -4.44690280
2.01000000 -4.28103324
2.02000000 -4.16271755
2.03000000 -4.10181350
2.04000000 -4.10448927
2.05000000 -4.17203180
2.06000000 -4.29982926
2.07000000 -4.47727037
2.08000000 -4.68800849
2.09000000 -4.91124897
2.10000000 -5.12353491
2.11000000 -5.30108813
2.12000000 -5.42233477
2.13000000 -5.47036838
2.14000000 -5.43499965
2.15000000 -5.31403691
2.16000000 -5.11379216
2.17000000 -4.84845594
2.18000000 -4.53859352
2.19000000 -4.20879359
2.20000000 -3.88480577
2.21000000 -3.59053421
2.22000000 -3.34522137
2.23000000 -3.16126792
2.24000000 -3.04282836
2.25000000 -2.98560310
2.26000000 -2.97765521
2.27000000 -3.00123742
2.28000000 -3.03540397
2.29000000 -3.05892555
2.30000000 -3.05338233
2.31000000 -3.00566079
2.32000000 -2.90983549
2.33000000 -2.76796894
2.34000000 -2.58982741
2.35000000 -2.39148146
2.36000000 -2.19310268
2.37000000 -2.01610268
2.38000000 -1.88016964
2.39000000 -1.80049099
2.40000000 -1.78564506
2.41000000 -1.83636102
2.42000000 -1.94541753
2.43000000 -2.09858441
2.44000000 -2.27653556
2.45000000 -2.45744015
2.46000000 -2.61982979
2.47000000 -2.74543239
2.48000000 -2.82139787
2.49000000 -2.84175454
2.50000000 -2.80782347
2.51000000 -2.72748435
2.52000000 -2.61351954
2.53000000 -2.48106339
2.54000000 -2.34468823
2.55000000 -2.21546550
2.56000000 -2.09835317
2.57000000 -1.99035645
2.58000000 -1.87967183
2.59000000 -1.74592784
2.60000000 -1.56161683
2.61000000 -1.29435821
2.62000000 -0.90990729
2.63000000 -0.37545947
2.64000000 0.33707577
2.65000000 1.24830178
2.66000000 2.36916650
2.67000000 3.69981263
2.68000000 5.22922389
2.69000000 6.93603683
2.70000000 8.78959269
2.71000000 10.75220884
2.72000000 12.78104475
2.73000000 14.83052114
2.74000000 16.85360240
2.75000000 18.80420949
2.76000000 20.63768877
2.77000000 22.31186152
2.78000000 23.78768045
2.79000000 25.02954040
2.80000000 26.00601759
2.81000000 26.69008800
2.82000000 27.06089902
2.83000000 27.10421000
2.84000000 26.81413065
2.85000000 26.19416610
2.86000000 25.25833419
2.87000000 24.03162080
2.88000000 22.54976239
2.89000000 20.85819444
2.90000000 19.01017426
2.91000000 17.06389331
2.92000000 15.07944988
2.93000000 13.11490390
2.94000000 11.22283934
2.95000000 9.44716441
2.96000000 7.82076141
2.97000000 6.36389977
2.98000000 5.08414234
2.99000000 3.97730800
3.00000000 3.02949179
3.01000000 2.21994199
3.02000000 1.52433869
3.03000000 0.91808624
3.04000000 0.37937936
3.05000000 -0.10860257
3.06000000 -0.55634087
3.07000000 -0.96771499
3.08000000 -1.34081792
3.09000000 -1.66951711
3.10000000 -1.94571518
3.11000000 -2.16173796
3.12000000 -2.31260397
3.13000000 -2.39775702
3.14000000 -2.42209955
3.15000000 -2.39605917
3.16000000 -2.33487294
3.17000000 -2.25692938
3.18000000 -2.18177296
3.19000000 -2.12779695
3.20000000 -2.11006202
3.21000000 -2.13865217
3.22000000 -2.21766755
3.23000000 -2.34510549
3.24000000 -2.51360666
3.25000000 -2.71189744
3.26000000 -2.92682226
3.27000000 -3.14558802
3.28000000 -3.35780612
3.29000000 -3.55719846
3.30000000 -3.74260071
3.31000000 -3.91807456
3.32000000 -4.09221098
3.33000000 -4.27670547
3.34000000 -4.48423799
3.35000000 -4.72626163
3.36000000 -5.01085012
3.37000000 -5.34085367
3.38000000 -5.71281268
3.39000000 -6.11666390
3.40000000 -6.53644719
3.41000000 -6.95166313
3.42000000 -7.33945548
3.43000000 -7.67701994
3.44000000 -7.94409783
3.45000000 -8.12528751
3.46000000 -8.21138522
3.47000000 -8.20058078
3.48000000 -8.09821714
3.49000000 -7.91598186
3.50000000 -7.67029615
3.51000000 -7.38039212
3.52000000 -7.06585500
3.53000000 -6.74475666
3.54000000 -6.43171429
3.55000000 -6.13685482
3.56000000 -5.86540714
3.57000000 -5.61787678
3.58000000 -5.39114645
3.59000000 -5.17963504
3.60000000 -4.97707268
3.61000000 -4.77790826
3.62000000 -4.57866129
3.63000000 -4.37863098
3.64000000 -4.18020339
3.65000000 -3.98848336
3.66000000 -3.81037150
3.67000000 -3.65343099
3.68000000 -3.52441290
3.69000000 -3.42804037
3.70000000 -3.36583129
3.71000000 -3.33550654
3.72000000 -3.33090907
3.73000000 -3.34231777
3.74000000 -3.35729660
3.75000000 -3.36188430
3.76000000 -3.34194663
3.77000000 -3.28434171
3.78000000 -3.17806685
3.79000000 -3.01494743
3.80000000 -2.78988770
3.81000000 -2.50083145
3.82000000 -2.14824073
3.83000000 -1.73442745
3.84000000 -1.26282675
3.85000000 -0.73731129
3.86000000 -0.16176436
3.87000000 0.46000795
3.88000000 1.12405506
3.89000000 1.82568754
3.90000000 2.55874033
3.91000000 3.31471379
3.92000000 4.08202889
3.93000000 4.84565340
3.94000000 5.58700146
3.95000000 6.28442560
3.96000000 6.91426110
3.97000000 7.45224540
3.98000000 7.87524839
3.99000000 8.16322472
4.00000000 8.30101456
4.01000000 8.27978891
4.02000000 8.09806958
4.03000000 7.76211436
4.04000000 7.28544188
4.05000000 6.68797029
4.06000000 5.99428886
4.07000000 5.23181899
4.08000000 4.42843856
4.09000000 3.61067330
4.10000000 2.80157563
4.11000000 2.01962200
4.12000000 1.27785361
4.13000000 0.58356495
4.14000000 -0.06098645
4.15000000 -0.65795804
4.16000000 -1.21252253
4.17000000 -1.73169781
4.18000000 -2.22288694
4.19000000 -2.69301689
4.20000000 -3.14762072
4.21000000 -3.59068831
4.22000000 -4.02454673
4.23000000 -4.45033345
4.24000000 -4.86849989
4.25000000 -5.27948423
4.26000000 -5.68419236
4.27000000 -6.08447257
4.28000000 -6.48305907
4.29000000 -6.88352620
4.30000000 -7.28966504
4.31000000 -7.70490717
4.32000000 -8.13142303
4.33000000 -8.56957651
4.34000000 -9.01706103
4.35000000 -9.46894218
4.36000000 -9.91751482
4.37000000 -10.35274200
4.38000000 -10.76324823
4.39000000 -11.13708961
4.40000000 -11.46310061
4.41000000 -11.73198219
4.42000000 -11.93741324
4.43000000 -12.07658969
4.44000000 -12.15067020
4.45000000 -12.16461133
4.46000000 -12.12663203
4.47000000 -12.04723604
4.48000000 -11.93813691
4.49000000 -11.81080704
4.50000000 -11.67535162
4.51000000 -11.53925696
4.52000000 -11.40661497
4.53000000 -11.27784915
4.54000000 -11.14945083
4.55000000 -11.01458357
4.56000000 -10.86373633
4.57000000 -10.68564147
4.58000000 -10.46840302
4.59000000 -10.20052286
4.60000000 -9.87173706
4.61000000 -9.47364590
4.62000000 -9.00007475
4.63000000 -8.44697118
4.64000000 -7.81213642
4.65000000 -7.09457503
4.66000000 -6.29399152
4.67000000 -5.40980800
4.68000000 -4.44100867
4.69000000 -3.38534034
4.70000000 -2.23974696
4.71000000 -1.00022013
4.72000000 0.33703839
4.73000000 1.77516695
4.74000000 3.31494664
4.75000000 4.95414239
4.76000000 6.68563051
4.77000000 8.49719305
4.78000000 10.37018863
4.79000000 12.27994253
4.80000000 14.19561941
4.81000000 16.08157798
4.82000000 17.89828903
4.83000000 19.60455059
4.84000000 21.15924157
4.85000000 22.52365447
4.86000000 23.66361352
4.87000000 24.55162817
4.88000000 25.16770715
4.89000000 25.50109853
4.90000000 25.55034725
4.91000000 25.32292317
4.92000000 24.83467434
4.93000000 24.10816900
4.94000000 23.17125882
4.95000000 22.05524968
4.96000000 20.79249950
4.97000000 19.41537221
4.98000000 17.95392746
4.99000000 16.43588010
5.00000000 14.88483654
5.01000000 13.32148101
5.02000000 11.76256376
5.03000000 10.22263798
5.04000000 8.71403661
5.05000000 7.24833156
5.06000000 5.83646931
5.07000000 4.48982897
5.08000000 3.21976695
5.09000000 2.03804554
5.10000000 0.95568456
5.11000000 -0.01729518
5.12000000 -0.87326725
5.13000000 -1.60759484
5.14000000 -2.21961717
5.15000000 -2.71316423
5.16000000 -3.09656696
5.17000000 -3.38246500
5.18000000 -3.58689976
5.19000000 -3.72824872
5.20000000 -3.82574483
5.21000000 -3.89795852
5.22000000 -3.96126484
5.23000000 -4.02856355
5.24000000 -4.10841083
5.25000000 -4.20457686
5.26000000 -4.31615462
5.27000000 -4.43820269
5.28000000 -4.56278218
5.29000000 -4.68022455
5.30000000 -4.78072899
5.31000000 -4.85562730
5.32000000 -4.89868773
5.33000000 -4.90674515
5.34000000 -4.88010636
5.35000000 -4.82224116
5.36000000 -4.73915912
5.37000000 -4.63823773
5.38000000 -4.52697706
5.39000000 -4.41151522
5.40000000 -4.29546278
5.41000000 -4.17882486
5.42000000 -4.05746149
5.43000000 -3.92309687
5.44000000 -3.76371194
5.45000000 -3.56455078
5.46000000 -3.30937466
5.47000000 -2.98212929
5.48000000 -2.56847493
5.49000000 -2.05741784
5.50000000 -1.44246001
5.51000000 -0.72271930
5.52000000 0.09690156
5.53000000 1.00540851
5.54000000 1.98648649
5.55000000 3.01901556
5.56000000 4.07850037
5.57000000 5.13797074
5.58000000 6.16973603
5.59000000 7.14608287
5.60000000 8.04090404
5.61000000 8.83024886
5.62000000 9.49328750
5.63000000 10.01243973
5.64000000 10.37426885
5.65000000 10.56903137
5.66000000 10.59119388
5.67000000 10.43924262
5.68000000 10.11560767
5.69000000 9.62653567
5.70000000 8.98198334
5.71000000 8.19510571
5.72000000 7.28210386
5.73000000 6.26153620
5.74000000 5.15383651
5.75000000 3.98035249
5.76000000 2.76296791
5.77000000 1.52283140
5.78000000 0.28010475
5.79000000 -0.94718095
5.80000000 -2.14311133
5.81000000 -3.29466439
5.82000000 -4.39131862
5.83000000 -5.42539248
5.84000000 -6.39136144
5.85000000 -7.28583281
5.86000000 -8.10678113
5.87000000 -8.85340598
5.88000000 -9.52550908
5.89000000 -10.12353711
5.90000000 -10.64819787
5.91000000 -11.10061393
5.92000000 -11.48247944
5.93000000 -11.79604634
5.94000000 -12.04437320
5.95000000 -12.23122325
5.96000000 -12.36128544
5.97000000 -12.43959293
5.98000000 -12.47142000
5.99000000 -12.46173691
6.00000000 -12.41457082
6.01000000 -12.33254339
6.02000000 -12.21628549
6.03000000 -12.06427259
6.04000000 -11.87240356
6.05000000 -11.63433938
6.06000000 -11.34178233
6.07000000 -10.98494167
6.08000000 -10.55333534
6.09000000 -10.03663619
6.10000000 -9.42534454
6.11000000 -8.71171086
6.12000000 -7.89018737
6.13000000 -6.95804104
6.14000000 -5.91530108
6.15000000 -4.76517819
6.16000000 -3.51378695
6.17000000 -2.16976501
6.18000000 -0.74449650
6.19000000 0.74857927
6.20000000 2.29358667
6.21000000 3.87288068
6.22000000 5.46645152
6.23000000 7.05257571
6.24000000 8.60725199
6.25000000 10.10502481
6.26000000 11.51882031
6.27000000 12.82101802
6.28000000 13.98385482
6.29000000 14.98111099
6.30000000 15.78855062
6.31000000 16.38618118
6.32000000 16.75869163
6.33000000 16.89703159
6.34000000 16.79896569
6.35000000 16.46933964
6.36000000 15.92011109
6.37000000 15.16937966
6.38000000 14.24060765
6.39000000 13.16079800
6.40000000 11.95904421
6.41000000 10.66450639
6.42000000 9.30514978
6.43000000 7.90604219
6.44000000 6.48849553
6.45000000 5.06978849
6.46000000 3.66286149
6.47000000 2.27729863
6.48000000 0.91964462
6.49000000 -0.40498608
6.50000000 -1.69230542
6.51000000 -2.93734047
6.52000000 -4.13414153
6.53000000 -5.27490051
6.54000000 -6.35041626
6.55000000 -7.34997187
6.56000000 -8.26251021
6.57000000 -9.07722872
6.58000000 -9.78477936
6.59000000 -10.37801605
6.60000000 -10.85298955
6.61000000 -11.20914847
6.62000000 -11.44969858
6.63000000 -11.58091644
6.64000000 -11.61194039
6.65000000 -11.55355195
6.66000000 -11.41738877
6.67000000 -11.21472075
6.68000000 -10.95564082
6.69000000 -10.64831467
6.70000000 -10.29870022
6.71000000 -9.91020001
6.72000000 -9.48424360
6.73000000 -9.02051586
6.74000000 -8.51788622
6.75000000 -7.97499367
6.76000000 -7.39129643
6.77000000 -6.76742821
6.78000000 -6.10607259
6.79000000 -5.41193108
6.80000000 -4.69210195
6.81000000 -3.95571719
6.82000000 -3.21389950
6.83000000 -2.47903008
6.84000000 -1.76466801
6.85000000 -1.08471710
6.86000000 -0.45324323
6.87000000 0.11614887
6.88000000 0.61047837
6.89000000 1.01793720
6.90000000 1.32799333
6.91000000 1.53181970
6.92000000 1.62257193
6.93000000 1.59572282
6.94000000 1.44937905
6.95000000 1.18462106
6.96000000 0.80560646
6.97000000 0.31985214
6.98000000 -0.26205983
6.99000000 -0.92641936
7.00000000 -1.65716637
7.01000000 -2.43620422
7.02000000 -3.24446306
7.03000000 -4.06253826
7.04000000 -4.87180985
7.05000000 -5.65514587
7.06000000 -6.39778581
7.07000000 -7.08763757
7.08000000 -7.71595315
7.09000000 -8.27690724
7.10000000 -8.76780456
7.11000000 -9.18835372
7.12000000 -9.54016816
7.13000000 -9.82604316
7.14000000 -10.04935494
7.15000000 -10.21290984
7.16000000 -10.31890719
7.17000000 -10.36801987
7.18000000 -10.35915236
7.19000000 -10.28919260
7.20000000 -10.15304116
7.21000000 -9.94358617
7.22000000 -9.65178603
7.23000000 -9.26707785
7.24000000 -8.77756632
7.25000000 -8.17051388
7.26000000 -7.43294302
7.27000000 -6.55204129
7.28000000 -5.51629270
7.29000000 -4.31581564
7.30000000 -2.94383768
7.31000000 -1.39712571
7.32000000 0.32259719
7.33000000 2.20835874
7.34000000 4.24662768
7.35000000 6.41786691
7.36000000 8.69544246
7.37000000 11.04712451
7.38000000 13.43477506
7.39000000 15.81650011
7.40000000 18.14730138
7.41000000 20.38126833
7.42000000 22.47305243
7.43000000 24.37998799
7.44000000 26.06303946
7.45000000 27.48883872
7.46000000 28.63046420
7.47000000 29.46774925
7.48000000 29.98834171
7.49000000 30.18658765
7.50000000 30.06432011
7.51000000 29.62996550
7.52000000 28.89731013
7.53000000 27.88620085
7.54000000 26.62074895
7.55000000 25.12969128
7.56000000 23.44507659
7.57000000 21.60233100
7.58000000 19.63924473
7.59000000 17.59556176
7.60000000 15.51164828
7.61000000 13.42793509
7.62000000 11.38299400
7.63000000 9.41279765
7.64000000 7.54881852
7.65000000 5.81717206
7.66000000 4.23697887
7.67000000 2.82043863
7.68000000 1.57178153
7.69000000 0.48824276
7.70000000 -0.43939421
7.71000000 -1.22558746
7.72000000 -1.88809210
7.73000000 -2.44631086
7.74000000 -2.91921444
7.75000000 -3.32380721
7.76000000 -3.67361615
7.77000000 -3.97800416
7.78000000 -4.24173956
7.79000000 -4.46551536
7.80000000 -4.64658453
7.81000000 -4.78015489
7.82000000 -4.86078793
7.83000000 -4.88383925
7.84000000 -4.84691930
7.85000000 -4.75074711
7.86000000 -4.59979990
7.87000000 -4.40228823
7.88000000 -4.16978351
7.89000000 -3.91639082
7.90000000 -3.65761060
7.91000000 -3.40922013
7.92000000 -3.18611169
7.93000000 -3.00129687
7.94000000 -2.86538292
7.95000000 -2.78629105
7.96000000 -2.76933690
7.97000000 -2.81763722
7.98000000 -2.93269837
7.99000000 -3.11501172
8.00000000 -3.36467636
8.01000000 -3.68158854
8.02000000 -4.06562066
8.03000000 -4.51651004
8.04000000 -5.03315316
8.05000000 -5.61311051
8.05999900 -6.25183633
8.07000000 -6.94232957
8.08000000 -7.67442645
8.09000000 -8.43494267
8.09999900 -9.20791448
8.11000000 -9.97558892
8.12000000 -10.71901734
8.13000000 -11.41953120
8.13999900 -12.05975768
8.15000000 -12.62514257
8.16000000 -13.10416396
8.17000000 -13.48911604
8.17999900 -13.77586184
8.19000000 -13.96346726
8.20000000 -14.05305820
8.21000000 -14.04675878
8.22000000 -13.94636294
8.23000000 -13.75264735
8.24000000 -13.46390734
8.25000000 -13.07628124
8.26000000 -12.58356054
8.27000000 -11.97805183
8.28000000 -11.25161905
8.29000000 -10.39740322
8.30000000 -9.41121309
8.30999900 -8.29308018
8.32000000 -7.04798166
8.33000000 -5.68713462
8.34000000 -4.22751325
8.34999900 -2.69161305
8.36000000 -1.10560143
8.37000000 0.50127558
8.38000000 2.09909782
8.38999900 3.65869890
8.40000000 5.15379610
8.41000000 6.56121619
8.42000000 7.86208457
8.42999900 9.04146749
8.44000000 10.08840175
8.45000000 10.99422384
8.46000000 11.75196340
8.47000000 12.35505081
8.48000000 12.79656328
8.49000000 13.06882283
8.50000000 13.16332525
8.51000000 13.07162106
8.52000000 12.78634485
8.53000000 12.30282138
8.54000000 11.62072478
8.55000000 10.74559830
8.55999900 9.69013962
8.57000000 8.47444165
8.58000000 7.12620085
8.59000000 5.67960858
8.59999900 4.17389595
8.61000000 2.65038195
8.62000000 1.15086323
8.63000000 -0.28564721
8.63999900 -1.62502446
8.65000000 -2.84040360
8.66000000 -3.91254038
8.67000000 -4.83058983
8.67999900 -5.59136706
8.69000000 -6.19823648
8.70000000 -6.65879775
8.71000000 -6.98301723
8.72000000 -7.18090192
8.73000000 -7.26071132
8.74000000 -7.22762749
8.75000000 -7.08307321
8.76000000 -6.82502055
8.77000000 -6.44893289
8.78000000 -5.94917463
8.79000000 -5.32119955
8.80000000 -4.56345086
8.80999900 -3.67944162
8.82000000 -2.67878917
8.83000000 -1.57861169
8.84000000 -0.40326387
8.84999900 0.81619451
8.86000000 2.04386204
8.87000000 3.24025868
8.88000000 4.36509722
8.88999900 5.37946234
8.90000000 6.24842624
8.91000000 6.94235182
8.92000000 7.43865452
8.92999900 7.72248739
8.94000000 7.78694788
8.95000000 7.63257804
8.96000000 7.26678152
8.97000000 6.70262467
8.98000000 5.95784606
8.99000000 5.05331114
9.00000000 4.01249024
9.01000000 2.86036678
9.02000000 1.62293147
9.03000000 0.32627415
9.04000000 -1.00306218
9.05000000 -2.33883471
9.05999900 -3.65521750
9.07000000 -4.92770664
9.08000000 -6.13281037
9.09000000 -7.24918282
9.09999900 -8.25798514
9.11000000 -9.14380902
9.12000000 -9.89444052
9.13000000 -10.50165586
9.13999900 -10.96099288
9.15000000 -11.27156398
9.16000000 -11.43540607
9.17000000 -11.45691797
9.17999900 -11.34209095
9.19000000 -11.09767745
9.20000000 -10.73069589
9.21000000 -10.24800486
9.22000000 -9.65619431
9.23000000 -8.96200114
9.24000000 -8.17244550
9.25000000 -7.29592068
9.26000000 -6.34273936
9.27000000 -5.32592630
9.28000000 -4.26136890
9.29000000 -3.16848786
9.30000000 -2.06969520
9.30999900 -0.98984675
9.32000000 0.04516385
9.33000000 1.00915230
9.34000000 1.87761583
9.34999900 2.62898135
9.36000000 3.24633673
9.37000000 3.71795013
9.38000000 4.03815723
9.38999900 4.20741968
9.40000000 4.23194502
9.41000000 4.12276123
9.42000000 3.89462768
9.42999900 3.56472813
9.44000000 3.15120279
9.45000000 2.67198949
9.46000000 2.14394374
9.46999900 1.58212387
9.48000000 0.99943809
9.49000000 0.40700378
9.50000000 -0.18560500
9.51000000 -0.76977388
9.52000000 -1.33714293
9.53000000 -1.87926107
9.54000000 -2.38683094
9.55000000 -2.84977115
9.55999900 -3.25717453
9.57000000 -3.59781777
9.58000000 -3.86045381
9.59000000 -4.03454877
9.59999900 -4.11105190
9.61000000 -4.08295232
9.62000000 -3.94579922
9.63000000 -3.69813000
9.63999900 -3.34166694
9.65000000 -2.88119193
9.66000000 -2.32469629
9.67000000 -1.68306849
9.67999900 -0.96996458
9.69000000 -0.20135978
9.70000000 0.60429801
9.71000000 1.42650280
9.71999900 2.24287049
9.73000000 3.02970769
9.74000000 3.76214175
9.75000000 4.41499821
9.76000000 4.96368969
9.77000000 5.38534189
9.78000000 5.66012786
9.79000000 5.77240863
9.80000000 5.71226544
9.80999900 5.47648221
9.82000000 5.06929607
9.83000000 4.50288339
9.84000000 3.79695158
9.84999900 2.97820347
9.86000000 2.07859335
9.87000000 1.13414847
9.88000000 0.18255744
9.88999900 -0.73869267
9.90000000 -1.59471590
9.91000000 -2.35431369
9.92000000 -2.99148500
9.92999900 -3.48599738
9.94000000 -3.82345249
9.95000000 -3.99445766
9.96000000 -3.99383928
9.96999900 -3.81938764
9.98000000 -3.47042506
9.99000000 -2.94678880
10.00000000 -2.24812665
10.01000000 -1.37352165
10.02000000 -0.32210344
10.03000000 0.90666588
10.04000000 2.31100303
10.05000000 3.88559120
10.06000000 5.61980945
10.07000000 7.49692249
10.08000000 9.49221979
10.09000000 11.57329334
10.10000000 13.70012889
10.11000000 15.82705408
10.12000000 17.90328740
10.13000000 19.87636490
10.14000000 21.69427312
10.15000000 23.30885029
10.16000000 24.67769159
10.17000000 25.76637484
10.18000000 26.55011974
10.19000000 27.01461611
10.20000000 27.15557504
10.21000000 26.97831723
10.22000000 26.49654583
10.23000000 25.73036863
10.24000000 24.70456980
10.25000000 23.44718326
10.26000000 21.98769496
10.27000000 20.35592017
10.28000000 18.58119707
10.29000000 16.69227281
10.30000000 14.71740114
10.31000000 12.68425849
10.32000000 10.62011289
10.33000000 8.55260236
10.34000000 6.50916770
10.35000000 4.51717297
10.36000000 2.60231789
10.37000000 0.78901627
10.38000000 -0.90155412
10.39000000 -2.45221824
10.40000000 -3.85143975
10.41000000 -5.09316038
10.42000000 -6.17781155
10.43000000 -7.11191865
10.44000000 -7.90787297
10.45000000 -8.58235303
10.46000000 -9.15524306
10.47000000 -9.64792278
10.48000000 -10.08174126
10.49000000 -10.47629961
10.50000000 -10.84830864
10.51000000 -11.21080229
10.52000000 -11.57273949
10.53000000 -11.93922003
10.54000000 -12.31167477
10.55000000 -12.68904989
10.56000000 -13.06839137
10.57000000 -13.44613104
10.58000000 -13.81854490
10.59000000 -14.18237733
10.60000000 -14.53517319
10.61000000 -14.87503278
10.62000000 -15.20021929
10.63000000 -15.50828924
10.64000000 -15.79572364
10.65000000 -16.05704986
10.66000000 -16.28443491
10.67000000 -16.46730356
10.68000000 -16.59273356
10.69000000 -16.64589083
10.70000000 -16.61091367
10.71000000 -16.47191023
10.72000000 -16.21454991
10.73000000 -15.82682202
10.74000000 -15.30060631
10.75000000 -14.63218725
10.76000000 -13.82285148
10.77000000 -12.87895973
10.78000000 -11.81126018
10.79000000 -10.63465664
10.80000000 -9.36688638
10.81000000 -8.02767635
10.82000000 -6.63713662
10.83000000 -5.21544272
10.84000000 -3.78168627
10.85000000 -2.35364807
10.86000000 -0.94711364
10.87000000 0.42312884
10.88000000 1.74350601
10.89000000 3.00083652
10.90000000 4.18238767
10.91000000 5.27470592
10.92000000 6.26397828
10.93000000 7.13585921
10.94000000 7.87629544
10.95000000 8.47167800
10.96000000 8.91011416
10.97000000 9.18235096
10.98000000 9.28295155
10.99000000 9.21102488
11.00000000 8.97095919
11.01000000 8.57270543
11.02000000 8.03169425
11.03000000 7.36792941
11.04000000 6.60542302
11.05000000 5.77061861
11.06000000 4.89096848
11.07000000 3.99300331
11.08000000 3.10138121
11.09000000 2.23726746
11.10000000 1.41752283
11.11000000 0.65401855
11.12000000 -0.04600329
11.13000000 -0.67985234
11.14000000 -1.24847769
11.15000000 -1.75571470
11.16000000 -2.20685498
11.17000000 -2.60783589
11.18000000 -2.96423681
11.19000000 -3.28084244
11.20000000 -3.56113774
11.21000000 -3.80755960
11.22000000 -4.02182143
11.23000000 -4.20560890
11.24000000 -4.36119885
11.25000000 -4.49225267
11.26000000 -4.60433870
11.27000000 -4.70518065
11.28000000 -4.80463840
11.29000000 -4.91405331
11.30000000 -5.04553026
11.31000000 -5.21073389
11.32000000 -5.41949617
11.33000000 -5.67858790
11.34000000 -5.99036021
11.35000000 -6.35194717
11.36000000 -6.75495281
11.37000000 -7.18528284
11.38000000 -7.62396658
11.39000000 -8.04821146
11.40000000 -8.43311460
11.41000000 -8.75326357
11.42000000 -8.98478849
11.43000000 -9.10701088
11.44000000 -9.10403035
11.45000000 -8.96554277
11.46000000 -8.68738363
11.47000000 -8.27151440
11.48000000 -7.72509136
11.49000000 -7.05976732
11.50000000 -6.29021860
11.51000000 -5.43283580
11.52000000 -4.50424615
11.53000000 -3.52080372
11.54000000 -2.49765785
11.55000000 -1.44876697
11.56000000 -0.38728815
11.57000000 0.67416874
11.58000000 1.72204177
11.59000000 2.74142276
11.60000000 3.71502560
11.61000000 4.62333920
11.62000000 5.44402497
11.63000000 6.15301243
11.64000000 6.72564631
11.65000000 7.13834278
11.66000000 7.37032294
11.67000000 7.40588222
11.68000000 7.23610953
11.69000000 6.86033960
11.70000000 6.28718779
11.71000000 5.53453219
11.72000000 4.62908133
11.73000000 3.60460355
11.74000000 2.50045843
11.75000000 1.35873612
11.76000000 0.22185550
11.77000000 -0.87046717
11.78000000 -1.88284480
11.79000000 -2.78639712
11.80000000 -3.55970208
11.81000000 -4.18909450
11.82000000 -4.66850550
11.83000000 -4.99818468
11.84000000 -5.18358899
11.85000000 -5.23378638
11.86000000 -5.15993995
11.87000000 -4.97397521
11.88000000 -4.68775750
11.89000000 -4.31267008
11.90000000 -3.85947997
11.91000000 -3.33900048
11.92000000 -2.76267987
11.93000000 -2.14339330
11.94000000 -1.49592689
11.95000000 -0.83765894
11.96000000 -0.18830521
11.97000000 0.43056394
11.98000000 0.99678511
11.99000000 1.48868620
12.00000000 1.88709973
12.01000000 2.17706324
12.02000000 2.34959534
12.03000000 2.40278370
12.04000000 2.34274840
12.05000000 2.18372258
12.06000000 1.94745854
12.07000000 1.66200264
12.08000000 1.35995399
12.09000000 1.07635830
12.10000000 0.84631796
12.11000000 0.70267348
12.12000000 0.67410171
12.13000000 0.78340723
12.14000000 1.04642511
12.15000000 1.47156245
12.16000000 2.05976763
12.17000000 2.80500134
12.18000000 3.69512858
12.19000000 4.71311443
12.20000000 5.83793838
12.21000000 7.04572891
12.22000000 8.31072397
12.23000000 9.60647613
12.24000000 10.90562193
12.25000000 12.18094874
12.26000000 13.40548006
12.27000000 14.55318754
12.28000000 15.59876614
12.29000000 16.51879574
12.30000000 17.29190608
12.31000000 17.89975228
12.32000000 18.32788614
12.33000000 18.56625634
12.34000000 18.61013517
12.35000000 18.46041896
12.36000000 18.12367531
12.37000000 17.61244521
12.38000000 16.94396670
12.39000000 16.14008414
12.40000000 15.22530664
12.41000000 14.22623369
12.42000000 13.16962454
12.43000000 12.08153204
12.44000000 10.98550419
12.45000000 9.90239036
12.46000000 8.84930265
12.47000000 7.83944140
12.48000000 6.88179757
12.49000000 5.98199398
12.50000000 5.14216131
12.51000000 4.36178376
12.52000000 3.63790971
12.53000000 2.96613836
12.54000000 2.34068790
12.55000000 1.75499379
12.56000000 1.20189065
12.57000000 0.67378271
12.58000000 0.16303745
12.59000000 -0.33794156
12.60000000 -0.83636063
12.61000000 -1.33893030
12.62000000 -1.85126116
12.63000000 -2.37762384
12.64000000 -2.92052043
12.65000000 -3.48057561
12.66000000 -4.05591151
12.67000000 -4.64239528
12.68000000 -5.23337873
12.69000000 -5.82020803
12.70000000 -6.39221210
12.71000000 -6.93723636
12.72000000 -7.44222017
12.73000000 -7.89367337
12.74000000 -8.27816252
12.75000000 -8.58281947
12.76000000 -8.79590627
12.77000000 -8.90714689
12.78000000 -8.90808947
12.79000000 -8.79261333
12.80000000 -8.55717688
12.81000000 -8.20122402
12.82000000 -7.72758087
12.83000000 -7.14278769
12.84000000 -6.45725953
12.85000000 -5.68551316
12.86000000 -4.84575369
12.87000000 -3.95997206
12.88000000 -3.05299729
12.89000000 -2.15169731
12.90000000 -1.28345289
12.91000000 -0.47524298
12.92000000 0.24815330
12.93000000 0.86548947
12.94000000 1.36061673
12.95000000 1.72296423
12.96000000 1.94845645
12.97000000 2.03937289
12.98000000 2.00395209
12.99000000 1.85536880
13.00000000 1.61043832
13.01000000 1.28811042
13.02000000 0.90770060
13.03000000 0.48756087
13.04000000 0.04380841
13.05000000 -0.41044035
13.06000000 -0.86547123
13.07000000 -1.31461208
13.08000000 -1.75373087
13.09000000 -2.18032408
13.10000000 -2.59245161
13.11000000 -2.98788826
13.12000000 -3.36319394
13.13000000 -3.71346287
13.14000000 -4.03233352
13.15000000 -4.31266867
13.16000000 -4.54725661
13.17000000 -4.73006774
13.18000000 -4.85755050
13.19000000 -4.92970651
13.20000000 -4.95075858
13.21000000 -4.92953237
13.22000000 -4.87907925
13.23000000 -4.81573746
13.24000000 -4.75767176
13.25000000 -4.72302119
13.26000000 -4.72788623
13.27000000 -4.78436152
13.28000000 -4.89896000
13.29000000 -5.07157010
13.30000000 -5.29504037
13.31000000 -5.55574102
13.32000000 -5.83454268
13.33000000 -6.10869606
13.34000000 -6.35399528
13.35000000 -6.54699809
13.36000000 -6.66735055
13.37000000 -6.69946064
13.38000000 -6.63377204
13.39000000 -6.46720226
13.40000000 -6.20296961
13.41000000 -5.84971753
13.42000000 -5.42008027
13.43000000 -4.92913658
13.44000000 -4.39250278
13.45000000 -3.82515278
13.46000000 -3.24020380
13.47000000 -2.64843189
13.48000000 -2.05811752
13.49000000 -1.47592884
13.50000000 -0.90757829
13.51000000 -0.35902463
13.52000000 0.16275633
13.53000000 0.64863772
13.54000000 1.08735627
13.55000000 1.46563623
13.56000000 1.76908466
13.57000000 1.98330656
13.58000000 2.09559812
13.59000000 2.09660760
13.60000000 1.98173628
13.61000000 1.75219834
13.62000000 1.41553691
13.63000000 0.98531284
13.64000000 0.48013569
13.65000000 -0.07806401
13.66000000 -0.66592309
13.67000000 -1.26103900
13.68000000 -1.84403241
13.69000000 -2.40054898
13.70000000 -2.92210246
13.71000000 -3.40664263
13.72000000 -3.85803345
13.73000000 -4.28499889
13.74000000 -4.69900932
13.75000000 -5.11229360
13.76000000 -5.53555864
13.77000000 -5.97605063
13.78000000 -6.43587292
13.79000000 -6.91138652
13.80000000 -7.39318784
13.81000000 -7.86688649
13.82000000 -8.31457428
13.83000000 -8.71670266
13.84000000 -9.05420615
13.85000000 -9.31037795
13.86000000 -9.47252238
13.87000000 -9.53273619
13.88000000 -9.48821889
13.89000000 -9.34080579
13.90000000 -9.09569103
13.91000000 -8.76005079
13.92000000 -8.34120144
13.93000000 -7.84501894
13.94000000 -7.27462807
13.95000000 -6.62992958
13.96000000 -5.90755431
13.97000000 -5.10172241
13.98000000 -4.20543154
13.99000000 -3.21272564
14.00000000 -2.12050337
14.01000000 -0.93063695
14.02000000 0.34892001
14.03000000 1.70256674
14.04000000 3.10728179
14.05000000 4.53318296
14.06000000 5.94551293
14.07000000 7.30598968
14.08000000 8.57586308
14.09000000 9.71843114
14.10000000 10.70140095
14.11000000 11.49931500
14.12000000 12.09440746
14.13000000 12.47751947
14.14000000 12.64796321
14.15000000 12.61270454
14.16000000 12.38494427
14.17000000 11.98251248
14.18000000 11.42626989
14.19000000 10.73808440
14.20000000 9.94002586
14.21000000 9.05309710
14.22000000 8.09710425
14.23000000 7.09003767
14.24000000 6.04900204
14.25000000 4.99014308
14.26000000 3.92924605
14.27000000 2.88160822
14.28000000 1.86261180
14.29000000 0.88707875
14.30000000 -0.03117920
14.31000000 -0.88028296
14.32000000 -1.65066137
14.33000000 -2.33599207
14.34000000 -2.93361417
14.35000000 -3.44452418
14.36000000 -3.87326469
14.37000000 -4.22682927
14.38000000 -4.51383521
14.39000000 -4.74303013
14.40000000 -4.92206673
14.41000000 -5.05605159
14.42000000 -5.14671807
14.43000000 -5.19182800
14.44000000 -5.18527987
14.45000000 -5.11756357
14.46000000 -4.97687021
14.47000000 -4.75043233
14.48000000 -4.42598780
14.49000000 -3.99348305
14.50000000 -3.44621537
14.51000000 -2.78187588
14.52000000 -2.00272871
14.53000000 -1.11587636
14.54000000 -0.13244841
14.55000000 0.93315890
14.56000000 2.06488968
14.57000000 3.24559213
14.58000000 4.45845919
14.59000000 5.68771170
14.60000000 6.91926141
14.61000000 8.14018626
14.62000000 9.33870574
14.63000000 10.50349554
14.64000000 11.62288429
14.65000000 12.68439230
14.66000000 13.67398046
14.67000000 14.57614586
14.68000000 15.37424841
14.69000000 16.05155993
14.70000000 16.59225975
14.71000000 16.98286767
14.72000000 17.21401514
14.73000000 17.28178976
14.74000000 17.18859320
14.75000000 16.94398805
14.76000000 16.56447574
14.77000000 16.07264994
14.78000000 15.49596911
14.79000000 14.86484162
14.80000000 14.21060128
14.81000000 13.56266039
14.82000000 12.94703349
14.83000000 12.38414172
14.84000000 11.88784672
14.85000000 11.46450991
14.86000000 11.11327341
14.87000000 10.82686788
14.88000000 10.59255507
14.89000000 10.39395147
14.90000000 10.21262519
14.91000000 10.02988976
14.92000000 9.82829747
14.93000000 9.59290425
14.94000000 9.31186488
14.95000000 8.97713336
14.96000000 8.58409381
14.97000000 8.13157207
14.98000000 7.62100890
14.99000000 7.05610082
15.00000000 6.44204190
15.01000000 5.78513080
15.02000000 5.09212558
15.03000000 4.37031899
15.04000000 3.62717104
15.05000000 2.87038333
15.06000000 2.10745628
15.07000000 1.34610263
15.08000000 0.59362628
15.09000000 -0.14307322
15.10000000 -0.85832775
15.11000000 -1.54757131
15.12000000 -2.20805173
15.13000000 -2.83908924
15.14000000 -3.44209077
15.15000000 -4.02080524
15.16000000 -4.58060200
15.17000000 -5.12830484
15.18000000 -5.67139054
15.19000000 -6.21736756
15.20000000 -6.77287329
15.21000000 -7.34308873
15.22000000 -7.93118083
15.23000000 -8.53822103
15.24000000 -9.16296440
15.25000000 -9.80230170
15.26000000 -10.45134761
15.27000000 -11.10479168
15.28000000 -11.75669895
15.29000000 -12.40151521
15.30000000 -13.03453993
15.31000000 -13.65217591
15.32000000 -14.25167081
15.33000000 -14.83117315
15.34000000 -15.38930092
15.35000000 -15.92465697
15.36000000 -16.43515147
15.37000000 -16.91770297
15.38000000 -17.36791929
15.39000000 -17.77992321
15.40000000 -18.14672677
15.41000000 -18.46015307
15.42000000 -18.71174082
15.43000000 -18.89319945
15.44000000 -18.99676136
15.45000000 -19.01613325
15.46000000 -18.94634156
15.47000000 -18.78424408
15.48000000 -18.52801460
15.49000000 -18.17711224
15.50000000 -17.73175757
15.51000000 -17.19234122
15.52000000 -16.55891811
15.53000000 -15.83109617
15.54000000 -15.00789545
15.55000000 -14.08774210
15.56000000 -13.06898431
15.57000000 -11.95084353
15.58000000 -10.73388677
15.59000000 -9.42131211
15.60000000 -8.01909530
15.61000000 -6.53744996
15.62000000 -4.99069385
15.63000000 -3.39727422
15.64000000 -1.77957054
15.65000000 -0.16248877
15.66000000 1.42664602
15.67000000 2.96001746
15.68000000 4.41026327
15.69000000 5.75235921
15.70000000 6.96383796
15.71000000 8.02613926
15.72000000 8.92490034
15.73000000 9.65041726
15.74000000 10.19693353
15.75000000 10.56263729
15.76000000 10.74890028
15.77000000 10.75985439
15.78000000 10.60143993
15.79000000 10.28130283
15.80000000 9.80831910
15.81000000 9.19219512
15.82000000 8.44406035
15.83000000 7.57597447
15.84000000 6.60158337
15.85000000 5.53571942
15.86000000 4.39502800
15.87000000 3.19752121
15.88000000 1.96241058
15.89000000 0.70982988
15.90000000 -0.54018141
15.91000000 -1.76753179
15.92000000 -2.95317175
15.93000000 -4.07937088
15.94000000 -5.13054693
15.95000000 -6.09286547
15.96000000 -6.95469683
15.97000000 -7.70630165
15.98000000 -8.33996553
15.99000000 -8.84919391
16.00000000 -9.22870017
16.01000000 -9.47415169
16.02000000 -9.58193227
16.03000000 -9.54938044
16.04000000 -9.37475466
16.05000000 -9.05771524
16.06000000 -8.59965193
16.07000000 -8.00422256
16.08000000 -7.27766317
16.09000000 -6.42906930
16.10000000 -5.47061502
16.11000000 -4.41753872
16.12000000 -3.28709851
16.13000000 -2.09929097
16.14000000 -0.87542393
16.15000000 0.36246631
16.16000000 1.59227917
16.17000000 2.79270544
16.18000000 3.94370486
16.19000000 5.02706330
16.20000000 6.02660535
16.21000000 6.92910781
16.22000000 7.72327390
16.23000000 8.40053597
16.24000000 8.95496833
16.25000000 9.38307209
16.26000000 9.68392637
16.27000000 9.85927608
16.28000000 9.91333238
16.29000000 9.85302008
16.30000000 9.68772995
16.31000000 9.42911804
16.32000000 9.09095233
16.33000000 8.68846179
16.34000000 8.23773122
16.35000000 7.75493321
16.36000000 7.25554130
16.37000000 6.75321884
16.38000000 6.25952383
16.39000000 5.78306574
16.40000000 5.32910993
16.41000000 4.89971245
16.42000000 4.49388752
16.43000000 4.10817893
16.44000000 3.73734657
16.45000000 3.37549149
16.46000000 3.01655489
16.47000000 2.65577293
16.48000000 2.29000427
16.49000000 1.91831788
16.50000000 1.54214549
16.51000000 1.16522397
16.52000000 0.79309950
16.53000000 0.43266243
16.54000000 0.09116073
16.55000000 -0.22417261
16.56000000 -0.50710498
16.57000000 -0.75284150
16.58000000 -0.95838917
16.59000000 -1.12266328
16.60000000 -1.24641014
16.61000000 -1.33189779
16.62000000 -1.38262370
16.63000000 -1.40277145
16.64000000 -1.39689749
16.65000000 -1.36961024
16.66000000 -1.32536246
16.67000000 -1.26842459
16.68000000 -1.20293002
16.69000000 -1.13300404
16.70000000 -1.06292454
16.71000000 -0.99713552
16.72000000 -0.94036409
16.73000000 -0.89736180
16.74000000 -0.87266800
16.75000000 -0.87015698
16.76000000 -0.89254068
16.77000000 -0.94088441
16.78000000 -1.01415390
16.79000000 -1.10898646
16.80000000 -1.21958512
16.81000000 -1.33796717
16.82000000 -1.45444821
16.83000000 -1.55835084
16.84000000 -1.63887148
16.85000000 -1.68600804
16.86000000 -1.69148933
16.87000000 -1.64941958
16.88000000 -1.55677435
16.89000000 -1.41349037
16.90000000 -1.22223542
16.91000000 -0.98780213
16.92000000 -0.71625709
16.93000000 -0.41391414
16.94000000 -0.08626732
16.95000000 0.26290521
16.96000000 0.63251696
16.97000000 1.02415607
16.98000000 1.44236166
16.99000000 1.89403527
17.00000000 2.38771350
17.01000000 2.93240380
17.02000000 3.53636597
17.03000000 4.20560524
17.04000000 4.94333021
17.05000000 5.74818705
17.06000000 6.61426287
17.07000000 7.53090476
17.08000000 8.48289039
17.09000000 9.45132075
17.10000000 10.41443207
17.11000000 11.34879706
17.12000000 12.23123619
17.13000000 13.03902044
17.14000000 13.75162276
17.15000000 14.35138130
17.16000000 14.82426601
17.17000000 15.15977134
17.18000000 15.35131455
17.19000000 15.39580837
17.20000000 15.29356992
17.21000000 15.04780686
17.22000000 14.66423693
17.23000000 14.15085842
17.24000000 13.51766902
17.25000000 12.77631589
17.26000000 11.94003262
17.27000000 11.02325380
17.28000000 10.04172016
17.29000000 9.01115826
17.30000000 7.94816354
17.31000000 6.86872422
17.32000000 5.78786237
17.33000000 4.71920566
17.34000000 3.67416610
17.35000000 2.66174623
17.36000000 1.68849798
17.37000000 0.75786754
17.38000000 -0.12845540
17.39000000 -0.97061103
17.40000000 -1.76973939
17.41000000 -2.52706704
17.42000000 -3.24313433
17.43000000 -3.91706960
17.44000000 -4.54608854
17.45000000 -5.12520268
17.46000000 -5.64785585
17.47000000 -6.10569851
17.48000000 -6.48990571
17.49000000 -6.79204641
17.50000000 -7.00511888
17.51000000 -7.12480978
17.52000000 -7.15012104
17.53000000 -7.08416247
17.54000000 -6.93421681
17.55000000 -6.71163273
17.56000000 -6.43111405
17.57000000 -6.10986157
17.58000000 -5.76624765
17.59000000 -5.41856059
17.60000000 -5.08381712
17.61000000 -4.77652957
17.62000000 -4.50779901
17.63000000 -4.28526579
17.64000000 -4.11270470
17.65000000 -3.99052345
17.66000000 -3.91641543
17.67000000 -3.88622801
17.68000000 -3.89490162
17.69000000 -3.93745016
17.70000000 -4.00967374
17.71000000 -4.10870158
17.72000000 -4.23322029
17.73000000 -4.38330940
17.74000000 -4.56019449
17.75000000 -4.76554122
17.76000000 -5.00083582
17.77000000 -5.26671466
17.78000000 -5.56222001
17.79000000 -5.88477284
17.80000000 -6.22959506
17.81000000 -6.59011430
17.82000000 -6.95826854
17.83000000 -7.32497109
17.84000000 -7.68103076
17.85000000 -8.01760030
17.86000000 -8.32711716
17.87000000 -8.60369320
17.88000000 -8.84338089
17.89000000 -9.04445281
17.90000000 -9.20710737
17.91000000 -9.33330011
17.92000000 -9.42634046
17.93000000 -9.49027942
17.94000000 -9.52948535
17.95000000 -9.54825190
17.96000000 -9.55050855
17.97000000 -9.53954440
17.98000000 -9.51811754
17.99000000 -9.48855248
18.00000000 -9.45267530
18.01000000 -9.41234092
18.02000000 -9.36915896
18.03000000 -9.32494087
18.04000000 -9.28134451
18.05000000 -9.23999775
18.06000000 -9.20203208
18.07000000 -9.16803862
18.08000000 -9.13762467
18.09000000 -9.10927068
18.10000000 -9.08021872
18.11000000 -9.04647799
18.12000000 -9.00298330
18.13000000 -8.94393920
18.14000000 -8.86325256
18.15000000 -8.75498793
18.16000000 -8.61391177
18.17000000 -8.43578699
18.18000000 -8.21785048
18.19000000 -7.95877966
18.20000000 -7.65872688
18.21000000 -7.31886219
18.22000000 -6.94140656
18.23000000 -6.52873097
18.24000000 -6.08306488
18.25000000 -5.60601926
18.26000000 -5.09823709
18.27000000 -4.55917729
18.28000000 -3.98739319
18.29000000 -3.38022661
18.30000000 -2.73491847
18.31000000 -2.04868940
18.32000000 -1.31942493
18.33000000 -0.54622265
18.34000000 0.27016882
18.35000000 1.12704082
18.36000000 2.01952646
18.37000000 2.94129813
18.38000000 3.88397527
18.39000000 4.83812989
18.40000000 5.79360893
18.41000000 6.74021914
18.42000000 7.66788979
18.43000000 8.56721586
18.44000000 9.42953237
18.45000000 10.24668089
18.46000000 11.01157285
18.47000000 11.71694127
18.48000000 12.35568504
18.49000000 12.92052455
18.50000000 13.40376508
18.51000000 13.79745930
18.52000000 14.09340664
18.53000000 14.28378933
18.54000000 14.36159217
18.55000000 14.32115103
18.56000000 14.15903117
18.57000000 13.87461669
18.58000000 13.47019107
18.59000000 12.95169329
18.60000000 12.32825281
18.61000000 11.61223475
18.62000000 10.81806022
18.63000000 9.96226672
18.64000000 9.06215947
18.65000000 8.13509939
18.66000000 7.19775200
18.67000000 6.26544391
18.68000000 5.35190246
18.69000000 4.46912286
18.70000000 3.62760214
18.71000000 2.83609633
18.72000000 2.10299406
18.73000000 1.43605814
18.74000000 0.84304935
18.75000000 0.33183686
18.76000000 -0.08961077
18.77000000 -0.41342987
18.78000000 -0.63243912
18.79000000 -0.74089767
18.80000000 -0.73504617
18.81000000 -0.61410741
18.82000000 -0.38083930
18.83000000 -0.04203972
18.84000000 0.39137804
18.85000000 0.90449653
18.86000000 1.47885389
18.87000000 2.09364981
18.88000000 2.72618614
18.89000000 3.35330853
18.90000000 3.95253717
18.91000000 4.50307123
18.92000000 4.98649926
18.93000000 5.38747466
18.94000000 5.69385404
18.95000000 5.89691039
18.96000000 5.99069070
18.97000000 5.97200468
18.98000000 5.83985445
18.99000000 5.59501151
19.00000000 5.23989086
19.01000000 4.77829400
19.02000000 4.21552464
19.03000000 3.55878495
19.04000000 2.81684402
19.05000000 2.00116414
19.06000000 1.12557092
19.07000000 0.20646543
19.08000000 -0.73744075
19.09000000 -1.68554127
19.10000000 -2.61608582
19.11000000 -3.50692580
19.12000000 -4.33723849
19.13000000 -5.08761889
19.14000000 -5.74163939
19.15000000 -6.28650255
19.16000000 -6.71347761
19.17000000 -7.01799024
19.18000000 -7.19935666
19.19000000 -7.26029073
19.20000000 -7.20601935
19.21000000 -7.04357049
19.22000000 -6.78074186
19.23000000 -6.42552335
19.24000000 -5.98556102
19.25000000 -5.46804274
19.26000000 -4.87985018
19.27000000 -4.22794763
19.28000000 -3.52017343
19.29000000 -2.76532734
19.30000000 -1.97462639
19.31000000 -1.16150244
19.32000000 -0.34183555
19.33000000 0.46638325
19.34000000 1.24370550
19.35000000 1.97036897
19.36000000 2.62736326
19.37000000 3.19830117
19.38000000 3.67003440
19.39000000 4.03412777
19.40000000 4.28744282
19.41000000 4.43230399
19.42000000 4.47613132
19.43000000 4.43065245
19.44000000 4.31063496
19.45000000 4.13242378
19.46000000 3.91245500
19.47000000 3.66580332
19.48000000 3.40518398
19.49000000 3.14014300
19.50000000 2.87710639
19.51000000 2.61958282
19.52000000 2.36901847
19.53000000 2.12596130
19.54000000 1.89105629
19.55000000 1.66644678
19.56000000 1.45646961
19.57000000 1.26817946
19.58000000 1.11122122
19.59000000 0.99731728
19.60000000 0.93913750
19.61000000 0.94893465
19.62000000 1.03690606
19.63000000 1.20974289
19.64000000 1.46927148
19.65000000 1.81172713
19.66000000 2.22729594
19.67000000 2.70064018
19.68000000 3.21179233
19.69000000 3.73743857
19.70000000 4.25313457
19.71000000 4.73463785
19.72000000 5.15997997
19.73000000 5.51092519
19.74000000 5.77408462
19.75000000 5.94114195
19.76000000 6.00896330
19.77000000 5.97879522
19.78000000 5.85528539
19.79000000 5.64505351
19.80000000 5.35551050
19.81000000 4.99365463
19.82000000 4.56517540
19.83000000 4.07396347
19.84000000 3.52232038
19.85000000 2.91128579
19.86000000 2.24160916
19.87000000 1.51417822
19.88000000 0.73189291
19.89000000 -0.10009130
19.90000000 -0.97359586
19.91000000 -1.87733725
19.92000000 -2.79719500
19.93000000 -3.71690313
19.94000000 -4.61895315
19.95000000 -5.48645370
19.96000000 -6.30338292
19.97000000 -7.05640235
19.98000000 -7.73551294
19.99000000 -8.33443049
20.00000000 -8.85076186
